225644711356132257331 -10
434433415164373571227 11
377612533765114375175 10
556566713474343556224 11
763123745611244762562 11
167351732554437617114 11
536712434416734161554 11
325735511771661523646 11
431267227263454473366 0
772661533335745151224 11
355136437251337764741 -10
372665753351441736146 10
217725536325476751547 9
231753247716156435236 11
666545732671672341524 -10
523274716417666536554 11
352443127261621536573 11
112346572572436121637 11
627311527631625526637 -10
577764316753642523341 11
464372653472632137655 11
767273375547163352452 11
177166226333736414552 3
614157646357173514322 11
577733115551666226646 10
763545326433561172712 11
132421537652133726254 11
742641366313177341242 11
242646125632157347677 -9
241123755317642742265 11
441466135254624711574 5
735423765463113376466 11
427344641141773621366 11
626417333661153227551 11
367446523247116167625 11
731533661426244376512 11
613426163577554746453 11
231541357744435542761 11
772263555115646715364 2
331713657273457662651 11
652751537572431375363 -10
655776414267113765753 2
713143663545712526221 11
136573124456276763614 11
172753771333762247566 2
134727247133442162615 11
261454231345571164315 11
423624444727136517532 11
355122256476311737167 -8
357164442315323671212 -3
367456776627714512412 -2
351212745737461145564 -9
351223744657347363125 11
644312247737716254671 -10
531422647176271632756 10
367227437147546663613 10
734132732627543315426 -4
633123273273762754745 10
632767555154426776711 -2
345452261724673373752 11
156562273446673523627 11
571637117352431721352 8
741657244655721116355 11
713415451167655122127 11
511157322376744217324 -9
566224245741746232473 0
165457314345752662723 11
754335172552236537416 10
174542653614613567317 11
411524647532371721542 11
744427247422212656534 5
327356416266233545422 11
757717426715436143323 11
651444167233544726261 11
175721644763453671114 -8
236632211664277311425 9
577252357424113347616 2
145352372764353175266 11
271561353466154114743 11
532564411324727655756 8
477626135572551154713 -1
275125317563346324715 11
275171771416352435644 11
724513256172626417547 -10
575347643353242611271 11
371371434257463421341 2
223152256514657234267 11
376416345755236155226 11
424145546636711324715 2
371142756366467466351 2
713654562511413575126 11
752142776646533373522 9
512717275354754163454 -9
745337442641661632221 -10
321734745321757445263 -9
476151237675577346217 11
437723565622553164665 11
675724311216442515614 0
741425313552664513317 5
434762615175153176132 11
577743435447122311216 11
252766732546665351411 -9
354143212713264634174 -8
145551754266432324747 -10
455172514762122724341 10
123577347323746655141 11
347426461464713612512 -8
637511723166454432754 11
115556645737226417321 11
767427175254354653361 11
672316321642352123675 -1
636572226136437546457 11
436344577521115625274 0
162236575774441473517 -10
632611676432253375257 11
152753522541346565361 -10
531144567171352757123 8
477153743317176554226 11
123637417511522264755 11
161642174631476632275 11
546716732217135546463 11
276566646541714743227 -9
673544622621745266137 11
733356254315472657256 11
227141554743547665437 11
534525724376771423143 9
753352776432445151141 -10
656217366237524134465 11
665764261542326322211 11
742221425551131456321 -2
447236251377141754356 11
747432634571562314156 -10
355673455571321756747 10
351263265343313277616 10
574331357114655662126 2
675225216134567343413 11
254161224335376563531 -10
777656163532714713351 11
423776223546137442264 11
735271441614223371621 2
325177464637423254571 11
375443574563727115622 11
272236734645243544611 11
375621747324425341326 9
454127764435637423331 4
555726162763156372217 10
157221124726353423352 11
541753416622145324336 -10
377714537157714224433 11
543524322371573763671 11
563461727633375432255 11
144326173344523635665 -4
511327411275264556671 2
345342534656152274661 11
657657322314117414446 10
727642164127343534561 11
131156454134575477473 11
325556134717336562461 11
274275764563232134312 -8
344577521516546141676 -10
246157647237725616213 10
522533161443737127712 11
765331742314347211355 11
522323522516547467417 -8
162327334161227743546 11
215126425764111331277 0
722413363651716671526 11
521115463523771377745 11
121136617134257524647 11
113727231475327566166 11
544751764427332531277 11
214735316252757416347 11
642654527257337333156 11
424514252162633354374 -4
351132655424457672516 -10
353612434145173653666 -10
176265342321465165274 -9
514263174223647217137 11
617337751272565666475 -7
254154262437647576376 11
646571332323354166151 11
434174622577425321161 10
613544641174531226445 11
252464576574333671664 11
124237366447161345535 -10
146675524511771221366 11
535373443516165276234 11
474314256537744733675 6
274572363236514715155 2
277324541446543615517 10
372325613375561514616 11
175432411552775622631 -2
617315424751735426747 11
233363743415755277511 8
576356173151752271334 11
717313355527445425564 10
625465323121432313317 10
423663416225775213557 11
744355231753711724613 11
763743276761111424753 3
473345615767431212237 11
313544721427453772416 11
773336521474676571436 11
527345432232772115351 11
444773677522126323564 11
673451253653756447723 11
713331737425675211454 11
151162754744242637527 3
745233421572654645117 11
363462127134461263241 11
744762477534171414265 -10
231747465561722134656 -10
115726771345363742356 -9
771216437453725457736 11
764257216345575632747 -10
677327114166613524374 11
147343725133265711764 11
347736555317112441646 2
626231152674745144473 11
326466317574415457765 -10
675573516211472614254 -10
613651563415725356424 11
711673374624321522565 11
633467751426325652167 11
563111165574722336374 11
531533422627714712423 -10
274765412133127624465 9
111722475365613734535 11
454564267363214763572 11
714175363315175275217 2
322165174456776342371 -10
534641137665767773442 11
466653546227734145135 11
275624433175414366271 11
521315713575112424677 11
624325222475661714244 10
152522747357657161576 -2
627737254571534552734 0
711553476322421677247 10
231253226477464311215 11
765121226474773152557 11
211422765665317454752 11
136114567323722542651 11
254747636517436421545 11
152732346465211356274 2
453156732476532137445 -9
675541761463613756124 -8
277342425635734135672 11
763753247466671122427 11
763357744447514125622 0
411626134373651126441 11
416433655623161424732 11
156535717312415636476 11
664273266557722334576 -1
245237662511715433576 -8
136725521443574514473 11
634271627557311574721 11
351243547243675362653 11
174132143667711654755 3
316752247516471124672 -10
322361717265152724737 11
211173435455162433662 11
432347275612734621115 11
176764423753556331221 11
147677366473314237512 11
116455724511372441337 11
754622151337227343567 11
431154217527565777614 11
655472344667562327234 -10
355476112133773261645 11
166211155272134376332 1
262144453337617432364 -1
665164327455141126235 11
715656333377235412226 -9
511763267667421552544 11
635572673577122414136 11
551613757116327634236 11
713556642136335764452 -10
615266434115677574362 11
654227224713127765674 -10
757343265137221756466 -1
656246453116151252752 1
674234421215376655216 -1
643427673557124171647 -9
516347372246711174575 -10
352672241366234153366 2
363754124632736711734 -4
641435731257172676642 11
722137437452314656416 11
151143626745222746177 -10
341267665657215245531 11
224124716336116133267 -10
555663715221624312147 10
721436616437727127651 -3
134261472273566145247 11
327526366542471623753 11
414271266343231726557 11
455763564637312271617 11
541765725112357544343 4
327222646427254653547 11
635265376336557741115 2
155313674547465611226 11
376376227554121542376 11
226143421417575742353 11
536631124741556335347 11
537124253654253215746 11
734376151345212566276 11
565244426633344542757 11
577473156562415113764 -9
667433525274571462266 11
364355453632176374267 11
522172764236321716571 11
657527751364324242113 11
777351265123423147365 11
265632663551111274175 11
415325266566574157764 -10
466371623762317753115 -10
475322651657764143772 -10
535244321664654766761 10
375516646533641421722 11
623627233444312536761 11
633421711147415274225 11
457251612546346617622 10
411622371733767445216 11
427137646315255646722 2
146352466126627321541 11
163674355117536134616 -9
756313215262317257465 11
724665275523143643315 11
742322127123673136564 11
126276137441166162575 11
747524177516743641655 11
266524773312524233415 11
315156663652752113367 11
117463126476546517424 11
223276317735176651426 11
272465626115453742477 11
545157361524333765443 11
753613163315525247412 11
453342162754217236146 11
465133776652662532431 3
146355427316142563477 11
167536447352144413712 9
467531642537672253261 8
414326763261577241366 11
541766154754427646337 11
375226561426411423634 11
274777435412145613666 -9
475721134467761723154 0
477451351235166726122 11
126351673225235774556 -8
734264371675311464532 11
771642467332155224737 11
747356355155144764713 11
214573656615427736173 11
446115726723247726453 -10
171552447135262377634 11
175761432243461335142 11
251766771742552416736 11
477327245126325766513 -10
476763414332545574751 11
162332446772312575733 11
261464365611727743213 11
321154351314316746132 11
622545665213213727173 11
576132753413242561233 3
224163731125516547163 -9
774545242777535315233 -4
652557235673365275136 10
261461217246341336276 -10
436537314467727164255 0
442753437514533611616 11
224317752543667517536 11
756212241567311345523 2
364467517235477174623 -10
346162112317167542246 11
643514711672323753533 9
565575567412436772624 11
654752251261371477536 9
113232654627575561473 11
422551637332314113722 -10
132211451773264261267 -7
767661515745566356312 11
746211561226755715234 11
452154176512576431323 1
247143357732535454113 11
661144412727734351526 11
122435516471557665731 11
627511447126226765527 10
242312117263544357776 11
734647763717235461641 6
256762255316271333764 11
572123632734611744775 -1
534263123741113415266 -3
413524271317771266446 11
563374756147642545122 11
334125734513157761214 11
567355147424637711622 11
232457254246616672751 -2
375626743614577322315 11
432564311747312712324 11
237354615721665227464 -10
564633576253623124112 10
243415635735721752614 11
742241365717255326234 11
515375241351362657745 4
772513355323316726344 0
123361742356717452564 11
124766134732572666314 11
365413665253152361347 11
735621752236521726417 11
541742656543375144167 11
612315322446657126554 -3
343565421556264157377 11
741642371135577274524 11
625234111432752717551 11
656652777146467545712 11
457421472115725263662 8
235521546766276714123 11
417247713315362514177 11
146732376133611522545 -10
746467335735212215427 4
453364522771111726164 1
733725462474251517646 11
244511163556744754223 0
513713242451762153177 -10
221416335641453361473 11
723516745156372432641 11
273164261534625774436 11
663441633773255412227 10
461171264662235247751 -10
327174226127561421315 9
511517532722737564765 11
447222741551666575342 11
376176136615365252476 -2
217126557265745461543 11
736327612121345562342 11
425156267243151337645 0
232165456253711711627 -9
717376235214126315275 11
134112447626242375515 11
436374722324361671271 -10
615134526463162242771 2
216414125477433354213 8
636425346672576171412 11
775641757162533146624 11
577642713515623114416 0
245433431236476626732 11
254375122524773321615 -10
675276661734243451555 11
337465771142331243574 -10
757527623151621273456 11
524634652332765126447 7
537114411623364774342 8
365265542731225641332 11
127567553334214264712 11
673556624227533636124 -3
551147432673263651645 11
163576546474567213221 11
531371352467642313576 -10
224673215771653637527 -9
754751314273265513325 11
754433544126612723667 11
423563366275271311772 11
211472573121143536725 11
427271571667216363444 -10
534412464511531427221 11
477352156667126424512 11
266127516361745724773 11
742736321451216527346 11
174366771222445622144 -10
123743326165472255357 11
235521643167364335245 9
533144174215314567653 11
731341767436341567416 11
326623541451712353124 11
311666125377267731742 11
316324244314156317552 11
356757757112334215246 11
133644213366545575211 11
746673651723311363557 8
323174756741256411163 11
742251657673334742436 -10
475461575312713343322 11
772165761436437364652 11
312742217642751345662 -10
744254416172721557343 11
246146544173776512421 -2
356324623537364546721 11
111625773353244163652 11
357457321173367611473 -6
332367676125114573527 11
165621752353542144674 -10
572352327632464641371 11
113226524775261352414 -10
141636277371544633475 11
163717557372561647225 11
255312736716521365447 11
356435771644736167153 11
631354463767637724622 -10
243675621444725413517 11
153312764463352255466 11
243371675254166217164 -9
757571432315114426666 11
734616252172347542323 11
171363453637643642711 11
516775146754431536222 11
254363775422756254712 11
526455252436671531114 11
777147333365522526614 8
673461571475237116352 2
354332712764641471675 11
614666451346545751217 -10
367175415665367231436 11
536543134712111224162 11
143757443224211265147 11
612534746721235236155 10
651465211524423761377 11
247456722356354347133 2
241172736662314466543 9
411635137777272564621 -9
327236152467661124613 -7
465474137226544562323 11
576144437427615343165 11
624733131547263445347 10
323365414271652554665 11
645116344653271542341 -10
135632454777536166426 -10
752363237647261612471 11
543413371621262764127 11
474175222265433775366 11
642631542263575665173 3
144461466325226757211 -10
137447612636237457732 11
724666211552526365372 2
661541572272774143626 11
144456372261352651477 11
763312714355453217116 10
263573351167756444625 11
247353724714163156541 7
375556425661332563136 11
761653435247217452366 11
715474354367321153746 11
215361476674322447575 -4
212372173214546335472 11
757474225366163541321 11
475357241262431166724 11
751226664372463117253 10
667126332453443711574 11
121164377142327547537 11
574563141665622145714 11
733275413412641246355 11
716426323633732754245 11
326757317163771652337 -10
572324761471612153337 11
115574455376321464626 -10
476142362573176312233 8
651631727654243227312 2
537414524256333376112 -9
432167534552615644757 11
421573543524277167315 -10
761311562777356465172 11
512727753564763173353 11
626113134276761221473 -10
567261756236217343672 11
773451713334175126244 7
734575263712662574313 11
342671515736664244141 11
651243177442366156723 11
774226336667717233275 0
515366263426543554752 11
373574156276117666335 -10
313267161723763172432 -10
125632147533174565227 11
772341355412671632135 -9
131546613526757464326 11
354441642137257375676 11
176236555275711661565 -10
357262175126453616345 11
145727244376667522211 2
275456617234376236712 -9
544716515374363763356 -4
317225763163357554542 11
321765762665343213215 0
427624761464363152473 8
153574246577316322436 11
123562267331651532174 11
234331677122572715125 1
427276411366142517662 -10
641626674137317242134 3
513245167473274174642 3
147675215611244732243 2
762266115425673142374 11
367231224665631275177 11
413535751452616537627 -10
167251552326375131523 11
424477456673134237621 11
656216557213225642474 -10
564475314221622317626 -9
433231765457614172466 11
316275177164241732723 -2
627124325443617376631 11
267134523451716526147 11
136731425651147327153 -10
432114775546753762754 11
345472223132127743555 11
165317563722637647574 -10
576514121357454676775 -8
465612763752226543512 10
771123215643353747642 11
536252476336574177163 -10
325746113672731123672 2
425621366462757431311 11
546667153517456343112 11
137637515344743676721 11
512752411152733517235 8
577247317156435721341 11
344611247677145552253 10
641171756325261424633 11
557215277641662724563 11
441271762356316731372 11
222416715137621344723 5
123477427226544633547 11
651137444342647727752 -2
272433231266546727512 11
662114276543235667771 -9
132764735251351623152 11
712542523435754376316 11
177547156245551157667 11
577541646165733753721 11
352251756411127463746 11
436444576315172577313 11
434375527115214731746 -10
146755476653254355166 4
123442576365123551571 11
732724151241664326345 11
221346736641551611764 11
755621115154142727673 11
345421143713576343676 11
241734361253535245676 9
273317512444363465731 6
527316337222415267156 -10
424576111456431323242 11
535366473117111667455 11
725547547413311125422 -10
511417476515646251335 -3
456543423234417265512 -3
774166167714322124233 -10
165471424312231366625 11
565132235345215114476 9
762673132451325234416 11
462617736337432244246 11
651771213445345253252 11
272263751621763753621 0
462574722325141156317 2
545175741236473557311 -3
541536736243263621541 11
573116725375476363244 11
632165715577574452312 11
146437223645511266425 11
415253237154451137577 -10
261336424527376167665 11
231324447563445761172 11
271443651552561365426 11
726412612524764562413 11
412326235177111337664 -8
425636534576757321615 11
566513641217322242734 -6
276447161473227544512 -10
352174534116357644723 11
722456465233464327517 11
722216431155535722333 10
413175526423717325365 11
652523662363315772545 11
563311277712636525571 9
327273553246663155131 11
666455155764215322317 10
172376126265757313335 11
127351372335372467265 11
711627374363361245222 -2
455741761174452321121 -10
166755356222135121664 0
541165144755721724622 10
435223466675153476763 11
541476426526145355617 3
153764227462762353544 11
365477512436116114652 11
462376214363263134773 0
551375764725417316166 11
134735174427723756535 -10
166326264475137327455 11
774646255534737122351 10
177454245576521265263 11
623477427347317512613 11
762617566416232371574 -9
213757226434677541274 -3
135146214726552752767 11
335117752575513651222 11
452741621427575336321 11
765654731412213717641 11
373311764651755267231 -9
241573643311523676161 11
326121675577245573661 1
265616625571143732725 11
732772545261127334715 11
475672465371323334112 -10
374344166376551211517 11
526654774247671155215 11
143157743744125627237 2
177421647625571364673 11
641326532477553546667 -10
156173274444373216521 8
755254223151726617717 11
663445235411477446326 -1
774264462217656431311 11
152177673221565677336 -10
312464271341751163731 11
326721547666531356477 9
317451427345664236276 11
552267133132466124246 11
111335661577372225762 11
766165326342542335172 -9
522153521365111667364 -4
725431314775551651336 11
112571446753723671363 11
732655623647353611466 -9
521737766564234735554 -4
561576522546637724112 11
763141514613621762555 9
513443764453157352242 11
133677411173721545575 -1
676511733265274614515 -2
555465475322241363126 11
361213744261377544632 -2
427355561731714244652 -10
124777337221651232764 7
241571634615671334423 -4
137542257752733346616 11
344427745175725341111 11
325173667154232654162 11
172424254763425152751 5
335633144132642422145 11
523677153137246765257 11
641414332512563147751 11
345547661142712626645 -3
441167654762243337232 11
313177666254154545477 11
755253477144551423437 11
317533154665642124772 11
751223462511562367455 11
376213314543624225531 -10
412254572361366676115 -9
473542647577321721464 0
531742176356264333272 11
717645165767621234764 -2
311223726627776543244 11
763255362361245665631 10
247723335514761562162 11
231567133222462566453 11
452576516443663522545 10
765536725614345471122 11
331661326447122264564 -7
671216443475257267152 11
416235376274167615573 -9
451176512267674557241 11
465714154336712753467 11
723413615643652734517 11
352113175611443777742 2
136246132712252454315 11
362132356364123342716 11
345567213325146261734 -10
514754455124434623225 11
647447272554517534216 11
241166173531776251324 -9
374174565211267477352 11
631346412326473411722 2
642751736746232563411 11
125546527175572467221 5
621447274571371554432 -3
436227523311772541157 11
451543736771112344765 11
433672371372612461447 10
615563534776213675221 8
763572517315325657141 -2
311423224236476347552 -9
623774675572373163415 -10
661577227432714673513 11
744563263577521211521 11
353177476113271354665 11
777557656152635312123 11
361227754465651731644 11
476714433127615656723 11
642746755254643123763 10
264111367224344543675 11
546733223612365235174 11
536212676353145622671 11
325757653441571334151 11
151454653172436254312 1
147353327734375276146 11
362211251777355617316 11
347273736466216257554 7
171335165221524467356 -10
767724313517435215166 2
563564224471143521546 11
225533745772454173611 11
413723723615612771553 -10
652775344526667143732 11
611677236154134576225 4
221435471337156267742 11
641724161541624636217 -7
631677775214413332342 10
155527557313612236452 2
416572537352327716516 11
645123732216451377554 11
455711767247723526543 11
741125571152367445472 11
172361571533476623414 11
756241617574473423336 -10
573515517724245133616 11
672174252563764655446 11
216247724644755155721 11
726652165411253741537 8
751524755161423652653 6
175257544511162622261 11
772632242534452166164 -10
167432341266213575161 7
222131141655455135267 -10
675133362574315233122 11
452744756726761673333 11
321671763244555425432 11
524326563471331411637 10
333217462752414754714 -8
264214667253142145153 11
645721126714357532743 11
242114366756335367132 11
127766263112454371776 -2
143764377515311155542 11
256652434166212456737 11
412742635147237465366 -10
756724566362452242516 -10
776474155231327412716 11
475272522635146611732 10
254425411363624173754 11
566614335527377762213 11
274455661444712617637 11
656213327531174115773 11
447617155323252437126 11
135427252665754431317 11
752425355122446451667 11
746153537126155534546 11
375476115275361443632 11
572734211542577365463 -10
457542567441237627322 -4
461256526632541675345 11
352267424173317663164 9
372677256543743763354 11
232342115356767435276 11
634736325612411333215 -10
111453435462176237771 0
752611237153471263646 11
244755643716321613552 -10
255447637116236513344 11
166675475136171232522 -8
741544274576123351211 -8
376327613475532746543 -10
432624713166135555277 -10
667325476571426133551 -1
766554545176352733723 -10
335222137246311573157 3
325455231676377564315 11
176252433172656726536 6
756436471312425374452 9
346472443522125671653 10
577174642256263147725 11
276574373422712134665 11
716166145633453274127 11
451375162143255543146 11
351176236352117457267 11
675157254723357166226 -6
316715621225567445463 -7
351727547452121131576 -10
433656311527421235714 11
236364677144712623541 11
135346112627712742352 10
215144176267434437551 11
655711716426342224367 11
165556576635367172221 -2
363334642256312754237 11
175345433752671471526 -5
727737632563645457162 11
354137737156663112531 -4
341361455242675263264 -10
451713554267763224672 11
155526722176547256516 11
723747265626442173511 11
314227232763461246713 -10
541273623411626735557 11
356176755136234461174 -4
615723225332434315561 7
676612253531624436432 1
222461162664731441517 9
735663267554451467112 11
344455425511317233316 11
612353175125277745167 7
474211135426652264756 3
677246427614614555257 9
246361726515247214351 11
435376227453315511353 10
411313346763435746261 -1
134157254424137652576 4
324375713711455752742 0
274332613311155352542 -10
717635371153262262547 11
743747154734563115465 11
677646167352221477114 11
733461553165754633234 11
411456365274451264776 1
327641136462545444715 11
464275353124766551421 11
242736425753577553352 -2
122636473526734135571 11
233672251761264451516 11
726556462625754564131 11
226456774513546642351 1
716431726534155367311 -8
311434666362416717542 11
733255215352464467343 0
343674141525662155772 11
217615637121653761761 11
563551343513127672232 -10
525541313615746561262 11
754251422641346517456 -10
127132546771675375561 11
747644712346545566363 -10
764564147537633171617 11
735644742162274233751 11
124375765626615213355 0
376236154744771451161 11
423121733477246721655 11
621521366735264735435 -8
274235764277247531655 11
265345413764274267413 11
311546621353336127744 -8
731652145363677724571 11
351567723114232646467 11
215644756745762343745 11
322566323764437331647 -10
327621677527161567124 -10
645654134231775643411 -10
132535175761724435354 11
352362215667172571613 2
641212353726751364647 11
254125412574333143574 11
664474214525721173223 11
246243415736356734131 11
377612621451332115677 1
365427413732147117531 0
755277323365413216542 11
311316747241742723375 -6
167752753134333274316 11
751236217413156214463 -10
157527632444217631637 -5
142577365426655724177 11
221773511546467531547 11
356711765577733413243 11
524117366353263174226 10
143655477135762247622 11
471264665367642325172 11
466326117743256754632 11
364472622234456477617 11
613415476153536624561 -10
675274466312613471122 11
257724116367345461575 11
346623127335175327142 -10
273417136372532426765 11
257177611427526447343 11
544232675736546135764 -1
164231446362346742571 11
271544231276377546332 -9
127567621325622556335 11
551774743237562157265 11
272325327273656746551 11
642313767142732566255 11
666241763115774325323 -3
647225742426414766357 11
756567433353115744742 9
653315677233114656765 11
573634465772135271461 11
231345754766713263162 2
415527134647526365651 -10
557214466132614726122 -1
364552515576433223775 -9
721654554612735371376 0
425721431675736456213 11
153355655477726351733 10
341623557527322572645 8
321264217777113622374 -10
242446654435316611417 -10
415426126517425465631 11
474212651376515616356 2
732717634662344234277 11
176273344632226216515 -1
672313754551373372115 11
221522715474244711657 10
657156754272413761756 11
115276157717266334265 -2
623456175372244512257 11
636777265251526542143 11
367627473224311364154 11
363377457543617652734 11
312327345551471561362 -10
647415231246442733117 11
453617176233156177554 -10
741364461323462754117 11
261461122157264433612 -10
242567626537524736531 11
164746326352771425167 4
527623164354464722176 -9
654262334613442761272 -9
453663343162234721574 -10
174213631232266573667 -9
211735243167263152125 -10
763567164275153237164 11
722624167354555226437 11
235232716615113474674 -10
745513425273556114316 11
623222713154446661451 8
721124713752513676365 11
241232367477571567423 11
542143447366451433165 10
753173722132412337475 11
666766244172731371135 11
275716547516463512424 11
521216563364725174464 11
136623111572422762565 -4
734725171546227766112 1
636532412435124512132 11
166457373626342315654 -10
454476263751514252323 11
561354363117177132672 -10
765332532263462165676 0
266134556732132253725 3
727647235271433413715 -10
727162123666244521751 -4
746324524651577312241 11
424677213651121527535 -4
672224165163347342115 11
545744712636663213224 1
651342256352512316577 11
423576235166737451541 -10
627744755747146325251 10
267176621675431557315 -2
436515441723466312377 -4
417775532456226531723 -8
571445574132361335251 1
127672426631143563755 11
714365111467763437553 11
643625127561121772673 11
544651336466621251217 11
472545237273563713412 -4
541316231127677423527 11
236431555143677214472 -1
676173235411355626725 11
724511272311646334763 2
536611531672277754213 -9
712624143661736665113 11
266753527736561223147 -10
374257265234265632141 11
243364215672773736474 11
644123635475164113421 11
636431772754117235244 10
621146255772342574366 11
733342376117154235545 11
371354711134772426536 11
633742134276264355627 10
434725711732476665567 -10
175343142362527126256 11
714143147437212621345 11
152547171167126664142 11
436572641327143375245 11
667527643561454732711 11
375271166744362143566 2
657354614311266217251 10
745774625626316621345 11
776657142712562331446 11
471314653171753212746 -2
526444772736464152733 11
137572626271256133375 11
675221321456743341551 2
527745427647231251662 -4
331552777614364454552 2
454123115737327121775 11
171223447455513145631 11
242452733615624721737 -9
735327721152264517531 11
466773237545141656423 11
256162776643477311341 -1
213164243577423656555 -10
562771356424164361446 1
134665771371467125742 -9
245337261212763757117 -8
736454653626512373152 4
541767322226757665712 11
222327756137156656431 -5
136534547623731361216 11
651724537677215132335 -10
554145267345676361542 1
173537547174516212254 -10
577637156241161655254 7
156162337664247732225 2
573262735424314577652 11
471637163172152717513 -10
167257634421637271434 11
234456522273657342344 11
614345756117346222547 2
412725721163732326551 11
725173663326256555237 11
244553476776245661172 -10
565542251165544142733 2
126676577574513156132 11
475123762641527655136 -1
126657526751663122343 -10
414575641556476522462 -1
661575275316414165437 -2
711646757243624131163 -10
315447266534131734671 11
243272517565554456371 11
636762154543525117223 -10
743555532463671147255 5
653441166347267315112 10
332527756723125134461 -1
235234647416276713554 11
365676622251236425571 2
312552761635344326151 11
236217753675743116624 -4
533263165627112725423 -10
467277771644325424264 11
675417425654421537163 11
456275561125474714323 9
635214344144267552631 11
631432335617525434616 11
145172434342275667672 11
511426731223126573776 11
221631531421457257754 -9
364464127271316436452 -10
512367467344625326152 11
755123447252713644644 11
347545677316265441513 11
153467372571475533136 11
344742625317221237311 11
736627473552722213543 -10
273413655136173614256 -10
521135266741344373665 -8
371443524476273367366 11
374527657433335134722 11
542712243432713667525 11
546721275412721673543 11
125217236255647561127 -10
352764712744541656125 -10
627142173764353555475 11
236221654466174752445 -10
563527642764465511435 -10
533744745112324657124 11
616336247763317231654 11
242317666335533164277 -9
743212551563323776665 11
341131266742713455171 11
313227644661432752172 11
441624137725546666751 11
722675225414771531354 11
146774132245214661735 -4
313631176756175265714 -10
165534124572465673517 11
465366671422415771774 11
175362173652417737246 -9
632347645437476113257 0
237473434641262174675 11
776714153123472514361 11
422151174762662451615 -10
165423522442574423176 -10
727365364215777532145 11
661153124647516624435 11
214322636217475513746 11
477141162264554224555 -8
221657137474217446321 3
573426161156733422371 11
577623213757215666151 -10
142362347311476726536 10
341266774325713111642 2
666422313137121442236 -2
663452173732531156171 11
545137362467741675371 11
366522767257267144415 11
643574171226235132664 -10
314546135377462571233 1
361732752767513751635 11
714225524576766514435 11
225516572373465367476 11
746236711412546732662 11
765114753245356241476 11
247641373721224614145 -10
721514675641654134733 9
756551463455713736722 -8
534632717721762344634 11
662274172755753547674 11
146523734756325257326 11
661431456217354467437 11
253741611261217332565 11
653452241331171562722 -7
213362324417155641217 -1
522647515614333737455 11
132155456155172677453 -10
332437224756121116636 -4
742347726446625172364 11
527122453657474635723 -10
326442765554372513536 2
175651236267434611376 11
572172231141747156354 11
217267647533675576414 10
431572274562477656236 -10
621537563445324627751 11
115365164152577326211 11
475617766543736357541 11
367645372142533417441 10
623431515737731635237 -2
457356263277764132547 11
253771733134456532461 11
316457562736123415576 11
424537267543544373152 11
343242155674172671475 -3
246776466376145221321 9
461562311614536722553 11
415545177263747215325 11
651646414377345571247 11
115162657535241424167 11
612745631776674471514 -10
255253613315264315474 11
727523536346347627151 11
415241136735325672167 11
422551375371512537456 11
566765441331317716447 11
531115326167477616642 11
321763647532351562551 11
454721145755456136716 -10
156712553316432457356 -10
751652232667134546361 -10
143164375375446242561 4
367631322554244166614 11
175671576451173723643 11
363255612642137447526 1
616575232722125576333 10
753372637242451153366 11
422363743514745621317 11
335712751526463226173 11
647613353321117516144 10
427527113443226162311 -9
433476615636332571142 11
636727353671277255141 0
176667357146331441743 11
443776522566344263641 11
166554745531177116336 4
731654216174173645325 11
143543746717545212342 11
572626147722376156371 11
346773721756362143364 11
232575137153462517743 11
435635675366115722617 -2
416717174172264225735 -10
773152677324212457141 11
167572345277316472341 11
237564653251733416451 11
665243231123444452566 11
264273264637132165354 -6
555313652652731674672 11
237415551337667366271 11
613463367545317133442 11
472766431117357675232 -10
426737427714316642456 11
437352162672135733144 -1
164357645537412571624 11
233251144447516346355 11
731344766325274755472 11
337574111367464345123 1
425516664133712735332 2
511144717633323362674 11
514224341127234637751 11
221422261153647471376 11
356275132722157774431 11
257223641462564377746 11
427325464766766725543 11
445223313611146731436 -10
616574762354532774653 11
523321215456461771713 -10
133763472623211655735 11
717552724162353564574 11
712447525347631475355 -9
