152612261157 2
145223334466 15
352111774443 -1
452644475323 8
673334626671 4
727265621524 -12
245157327562 -3
425321221515 14
514567461561 15
163441773726 2
657541242172 -3
531652527371 15
522474532722 0
665214143663 -13
173463547754 -6
565111467124 15
551376521546 -3
427737711115 4
325564246243 10
614415626723 15
543726231473 -5
245256513124 15
573524632246 11
325644236333 2
771113754725 2
674113163132 13
671433236217 -4
227742444475 -1
547466566614 -7
314275347466 -1
244377265276 10
116677657644 -2
157615366352 -3
327435235561 15
527463233675 -15
554347733231 12
342113741651 -6
657552664176 3
342325234234 0
243435114417 -3
463676656736 12
235525421574 15
543541217271 -5
264567353177 4
744145714177 15
552322522751 7
365724365671 3
514756642444 15
651525517136 15
566525255736 15
626135764445 0
114144225345 2
734111421724 15
221171115262 15
243446775265 12
326457257653 2
632777511265 -2
161722513667 15
466524126324 -10
325374762362 11
631377123553 2
212331251155 15
456134672112 -2
321653164576 -15
612615523345 -2
341145374215 3
412333766615 14
336273744322 -10
373175431332 -2
772237157457 3
635571344715 0
756351767727 2
721534264254 15
662575224326 -5
656166342555 2
657746757372 15
743612176266 4
766732322255 3
525711737613 2
611415356635 -6
156133655243 -4
235357715333 15
627721423332 15
375473214334 0
321577734565 -14
465114517113 3
736615171175 -3
756674463114 -4
254727752473 15
174235223437 15
114647463635 15
446451612762 15
714356347213 -2
347711676532 11
171332676131 7
713221572732 11
746266657157 15
733171611345 9
467153322313 15
265437355255 5
511777757245 -1
725412172242 5
675565543432 10
236377325633 15
376163342742 4
725325444475 15
332476231437 -5
126252771333 15
633367573616 0
175354237727 10
644434574775 -4
566623631224 1
734371574126 11
674763245463 15
211463262655 15
563715137143 15
233343455253 -1
533635415215 13
466222311634 -2
277325725775 -3
347746777155 2
341444274542 -14
163171263227 15
264143743414 15
465652142156 15
423273454567 15
476616454416 0
344765771335 1
512263532266 11
544741634317 15
576732715736 15
411236444643 4
542556515772 15
561355147476 -2
763613246411 -5
137431341413 -14
566242231212 4
667537657716 -1
662473621573 -2
543126644145 12
727466413166 5
113431522452 3
156717417322 2
564212176655 10
352354432423 15
754322115312 -4
341254663262 -7
676355666715 -3
614437242674 15
776637143222 12
545537142425 -6
223532336665 2
453455617727 -2
117772247241 1
342711612714 -1
364212771162 -3
341344275373 -10
331446566746 5
517466344266 0
412141565743 15
221531213651 15
151315247424 15
777342636133 15
174615423164 14
714662774376 7
446775755511 2
143472451233 1
427115124731 4
712752171137 15
312747277642 15
532772424442 -3
753562326273 -8
257215763365 15
762314332642 15
525256217372 15
157143455523 4
347345134771 7
444726736355 -1
251376511121 4
535721726725 4
626322271123 4
636475612114 15
322323113125 15
142513673674 1
372535553147 15
576736766664 -2
463215645654 11
254575533572 4
377222473223 1
423665746153 7
155634776427 2
334372475326 -13
131564137533 15
455326224454 15
247424523735 -13
672623461572 -2
273423414767 2
743443635572 -15
365643165713 15
512221124114 15
236527454751 13
376555215537 12
461252351752 -3
522444575167 15
242144531113 -2
141241432333 15
656375556446 4
335133715662 5
557253263665 3
511127625254 15
277767626147 15
424135775467 14
171164123371 -2
772267264137 15
135123657362 15
646254421754 4
174412266213 15
517627223614 2
342421475272 2
434714174523 3
761667671244 -3
167336331367 -4
467737156171 15
456135363277 15
431512344713 15
342722412265 14
231545233432 1
466252311133 0
275453415262 15
254716211272 15
447653635572 -5
757161753511 15
341134635372 -4
251537117363 15
124264655576 -5
243515214455 4
731652773435 10
163312471245 15
217575457451 15
345155723264 -3
114432773341 5
357251446471 -4
144634156211 -2
517127363574 -2
251335121573 15
561311154256 10
262332726437 0
724132131614 15
325721127767 15
133322531654 -2
312327642653 15
127631521352 -14
516143232612 15
156554465455 3
363271725417 2
742721131176 -2
355333414636 13
643242337531 14
715164627254 -15
114617611471 2
746626431272 -4
731573216217 -3
613761453353 15
157614417655 -4
236215636534 15
422712217752 4
145155166147 15
217217525547 15
447445447352 1
613727362652 15
673152273513 15
635214773543 0
743172212571 15
332572615435 2
677755573112 15
427517537276 4
223324635763 -5
532374515272 15
713476145133 2
634462743172 15
177213254541 15
215372652517 15
414173313636 15
666726474714 15
446122475627 15
426521245566 0
647166263273 -5
722157127635 -2
316323446377 15
253635656276 -3
753412625611 1
235476321135 3
253471126663 0
445623114643 -15
375333562315 15
447546463657 4
753363753441 2
247625574644 12
434177723317 15
526445273364 -2
157157556221 4
233673727555 15
435531346761 7
477644466732 9
416176457236 3
611155666554 -5
354652245654 15
467357246654 14
555325275433 -1
316647413642 15
534767156673 -3
111317364446 8
445331527335 15
411245777167 5
437475514113 4
473411555157 15
345336726171 11
753252222471 0
762126225116 2
734512632563 -2
424545363454 13
327237111313 -3
233567676433 15
443316764412 -3
444626736772 -4
626725154267 15
211315126423 15
254743733426 8
125261113151 15
176766476413 -4
535415754512 -2
356154654261 15
641172771535 -2
743221761512 9
371437272263 -4
327257156446 4
371663244223 -5
444415563246 2
766612631363 -6
516671247323 -2
373667335267 11
675475417553 0
421541677737 10
214165542245 2
364214536365 -14
331227546356 3
532656766673 2
223175244237 12
631511621322 -13
214674656476 -7
156337731243 -1
627332645765 15
134423252234 15
344143615634 13
723322761276 15
433751645326 0
632775476116 10
651713427252 -1
336427327442 -6
724246722775 14
163712463641 15
132747752471 5
651257626317 15
255516675612 13
316613723552 3
264217124653 2
541654177633 1
236474154656 3
536252153537 10
515477346571 -4
557573166376 15
661265151524 15
627741233233 15
373563735145 -2
754746764431 11
264425732357 15
332711511726 15
253641151465 -11
724715244221 6
126144364416 15
533111743456 -2
324247131246 15
373362171272 0
325512343246 15
367154672326 2
774746642447 -4
411213636461 15
236422752122 3
344146376211 15
644154647121 -2
424776727421 15
174671574313 11
755757532632 15
443467761645 15
732114657653 2
342556462425 15
376521734775 -5
515415173451 2
446241237232 15
461664247376 -6
724724474724 5
513517355662 3
462614264443 -10
673625251472 -1
673617346124 -4
227511255577 0
174454451737 15
551355131151 -4
342442733741 -5
146436555146 2
772242655565 -2
664223331344 15
347252141126 -1
113473657361 11
425517365347 12
252555647361 4
662575647673 15
127474141144 -6
624317711343 -2
555271241656 -14
325563763363 15
676735245732 15
622263551516 0
734415315665 -2
226624414243 15
332772642757 0
125764576163 15
111471572715 -5
133566464541 15
323422352213 14
142174627656 -5
772423665375 -10
646613667351 -3
777356313212 3
477412444524 2
372772375572 15
543612162524 -12
343275751146 3
344574421357 -2
663554727444 3
264763267626 15
737735475663 15
647456145531 -12
421162176764 15
155617626327 6
453777633261 13
534562253536 15
135156132517 -2
671264137244 -2
464426357552 15
325615162674 -14
145127611265 2
244642752726 5
177312562337 11
714226756745 10
326772641123 4
473141127253 15
377452237727 4
165752721646 -8
136144633645 5
332573213124 15
224254162645 15
436426173741 5
563744761565 15
523633272577 -2
724565673522 -2
432141425727 15
621113235576 15
112125725567 11
677111776444 4
662221223465 2
164467611171 4
226442721724 -3
543244743314 -5
355532321554 15
716713225154 9
163426463111 11
216577535571 5
614154151214 15
146757725451 15
547715746517 -15
121643243234 15
337565763673 15
645135615642 15
311515664617 15
213635137537 -3
632133261323 15
133326446455 -14
655315646743 15
151511771422 -11
635455641762 15
566367271563 15
654711424614 4
555171771373 1
567433521645 -3
223324453372 4
127173334565 2
271657365133 15
663572234175 -4
133335444123 6
215176535246 15
366742347174 -2
443213223324 15
234616424333 15
727623621223 -2
464766411516 15
653442334565 12
411211354143 15
423533764235 0
563555143427 2
363113361611 4
546142751545 -15
427241614364 15
552722312465 2
624575771666 -3
464412753443 -5
333724311677 -2
756532775216 -2
314415134623 -4
225335732361 15
135736246126 11
667175335144 -3
735374323414 -14
156717416134 15
133746542175 3
623622724127 15
216573123151 8
511553326144 15
632722375422 14
777665567625 -1
431167416377 10
472722253574 15
337752167115 -7
136661363677 5
335235525143 15
112361534133 15
146156342617 -10
254743122253 12
225624622711 1
321145535156 15
377325717254 15
464755245277 15
345471432136 2
561745753472 -6
327733742161 -2
555631622464 10
735257736414 4
152427352542 -15
143477553171 -10
515442744567 -5
365732262213 -2
754452272421 15
255411371245 -6
763573177121 15
444542315312 12
212257527227 10
117422535676 1
143624411552 -15
453347327776 14
455656552511 15
652365541616 6
427243733544 11
425526675645 5
245326354611 11
635165642646 4
621537674556 1
454756234465 15
533251477653 15
325313645424 -14
723247444123 4
517576251733 15
526257634671 15
413624314714 15
513552127672 -4
556337614635 2
677255275424 -3
772642111366 3
663664134741 11
666137157233 4
343225221711 15
744356151413 15
233321717421 15
613551563336 12
256536265643 15
375513414642 15
544666574115 15
132256613746 11
714574173155 -1
132271116263 -15
234313177531 2
614711155743 13
773721617654 -2
517316164343 -10
354377315422 0
164674726621 4
263654163743 2
652174642171 -4
723374241263 -10
336444237444 -7
553717135427 -6
513132522157 15
223564123436 15
277234542162 -4
161513426454 15
744525251127 15
422517662226 3
521223272214 7
662643617323 15
716452644416 -5
431653647637 -5
342154376371 -4
173372432512 -3
356154463124 15
666646654174 -3
566653377364 15
376744342174 15
545426357421 -5
117411637374 15
276336422235 4
144741163761 2
451571173744 15
124452331173 15
136737631131 5
764745647617 12
514324766662 -6
371676413731 15
633523641261 15
321474754242 -14
714674216563 5
641414333377 -3
621331377646 4
227734146127 -4
155132476273 10
454436225545 15
221366443312 -2
311475425511 9
267534774521 11
647653212651 11
236272731411 -12
213116576737 15
617624152233 -4
636753114354 -12
343133447632 -3
675364473121 15
724746516656 7
435323625533 15
567224623244 14
164663627332 4
766766246125 1
432246574111 15
465514156573 -11
622256665374 10
541751655277 -2
473337377665 12
272637411275 3
412615626757 11
432265761346 0
123564672131 11
657262452176 0
333661424473 -3
436274712544 3
235717634667 -2
652117311274 0
712465614421 -2
376521515623 4
113463543533 -6
453536516341 12
776246676415 -2
376171236777 13
674262456327 15
111755621247 15
355613717351 11
714633715267 0
647465433624 3
217643333177 -2
572315417646 3
134313545255 -15
261543243627 15
543614374615 -1
724463452512 -2
243234261142 14
215264221431 -4
331561211734 4
561727346272 -2
735255425442 15
523664434475 3
275612733312 0
672465246751 15
664757541115 15
351321166675 15
371635334346 15
251521577616 4
464347515577 15
467472514772 -2
435533762743 3
172466355365 -2
577356514441 15
347244611516 0
476313163657 -6
613162255436 15
746657376343 0
244741723222 6
672522267213 -1
742121554143 1
132154646721 0
445515535214 -11
556155172542 15
736367476645 3
717622121137 -2
721544671364 3
414227556761 15
322566711114 4
767755424546 15
317744421636 4
361745373657 15
432456616217 0
572141525111 15
133671456153 15
214641361124 15
215612662717 13
645714137255 2
346141731212 7
222641536644 12
417616651664 0
147124147246 -3
322271123467 15
722716136421 3
756677743342 0
711277353172 2
677141622174 3
165443256276 4
413274573672 1
355746413667 13
671116613514 0
113757637446 0
351554531511 -2
765137265476 1
171345111736 3
542476653116 -5
741246464261 15
563243754271 3
766464516543 15
776463427257 4
223363532565 15
762415556524 -7
413767753246 14
564274233313 -4
312655775125 15
425334317735 15
417166651356 4
656416573652 14
677766142231 -3
465652366276 14
757327166777 0
234625163174 10
414215561544 6
344135316563 12
361213747435 1
626236675437 14
533237222133 10
613761364317 15
427626321232 -5
576117256677 -1
314545331674 -5
342712231671 -3
622516413642 4
664417535726 -4
772124532144 15
151573152441 -15
324341545623 -5
666575642253 3
335566251627 15
213412527253 -11
514745256336 4
522523114746 5
533117472464 -9
455521436576 5
231146424736 15
644756313434 15
635366341424 -14
662143532663 15
545512553313 -4
263332274672 15
163714624222 5
351125777172 15
425321231552 4
634416271156 -13
267437647275 -3
517364171361 -11
616135276424 15
425243161253 -13
474634125752 0
363525535432 3
524366454163 15
557162642126 -4
141116211364 -6
313352626617 15
563167222612 15
665547245444 15
453543631342 15
211754537533 11
226354626116 1
733135134666 11
716766434115 4
162757653327 15
611451325245 -1
241173671224 -8
742364434542 15
713277163233 3
342367537247 -2
524372337474 15
213344217545 13
525736417466 -2
423227221762 15
733736555274 -13
557423744734 3
647164731536 -6
561764662711 -1
137457554422 -1
215656637722 11
473616127237 4
235125773546 13
176651646225 -2
174466666775 2
617136113211 4
217724213147 15
216641512742 15
467314263142 0
621564354457 3
555123255653 2
554353717514 15
214374511177 15
511253352547 15
224533715435 -2
267523626131 1
322726137453 -2
171177165574 -2
467335642727 10
646563115613 -14
527321571336 2
467352763741 14
712446313423 -2
744271333625 12
173662214144 5
431713116642 10
124373555143 15
135314275247 6
676322563266 -1
125231755215 -13
735624633256 12
165324237431 13
326546211737 15
132623661633 10
527427771525 -3
254337345253 14
337564566716 2
364224222714 3
752454636436 -14
611572523744 0
266522421761 15
436133373762 9
626635544212 15
532174232331 15
461263675355 6
515225264342 15
552572532771 3
156132317344 -3
725654241456 15
416752657122 15
673577654131 4
356447555512 14
435422264332 -5
142777526132 -4
554265533216 15
313222517663 -1
173477747173 -8
344515271421 15
516455413475 14
474677673341 15
217155465624 15
652631577345 -2
636363173751 15
457726667767 5
246133315461 -15
236176256617 -3
253472767317 -2
414774246165 15
174674157412 15
521337436146 13
743734567156 3
571571344437 -4
571661612125 2
147241561733 2
731717165447 15
261572273456 1
165735122757 -3
565317511767 15
222666161557 13
524267236373 -12
371136335122 15
255762624716 15
742572476745 2
321171147511 0
647455752546 -6
141335773411 -15
446274322771 15
722367176736 -14
222311231253 -3
243115576567 0
134335744475 -6
672533715742 11
342632742344 -10
536446762132 -2
157774476152 11
376634213645 15
561757157637 2
542641237531 11
645526621157 3
512646472521 15
257432544157 14
375216375465 15
234727774626 15
771145277166 15
266456116744 13
523546762567 -12
131147137324 -12
763444651724 -4
623634612212 15
147362446452 14
522275477532 15
155775474372 14
734231133223 4
255631515321 15
454264762532 -4
421727211316 15
257744252512 15
251465427251 8
547425121156 -5
416374162174 15
256125712221 -3
512326421652 5
531353657612 15
643571417225 4
244112133112 -1
477546223766 15
643425461271 -4
647752753744 -2
442341613762 10
552262234127 2
555164534323 -2
456261455733 13
617623424513 3
646256451523 3
134247537134 -2
574616374232 11
741467626776 -1
371361533326 15
647151164744 5
722217733655 -3
536721131645 -5
742644667263 -9
561776737326 15
632633531557 -2
557643311631 10
636262453347 15
254357464177 15
153163361722 15
772335317156 5
264142736366 7
413757766141 15
434524653465 -12
552522553325 15
227657171576 -3
162351614113 0
557552162372 -2
571551243445 -3
137671452274 15
463163166534 2
265176326377 15
561221321364 0
564542577757 9
652657542555 11
727771351161 3
566224334766 12
524244723746 4
134216376353 14
674646323731 15
642716244715 2
436534341567 2
554235361115 -5
276311735561 -3
756356142333 2
551441547536 -2
777666344173 2
315272525141 15
241336277766 -1
351352141343 15
331633164437 15
143327514357 0
147327757443 -14
175124543174 -13
452677421176 15
654132577331 13
123772133731 4
315357756414 -2
123777515215 2
517712271731 2
321566467611 -4
574576171737 15
616515411262 15
734442745633 0
355264163764 8
446556642647 1
567173232234 8
512375144622 15
134551224535 0
133732574256 12
563447114124 10
153621227663 15
274274713217 15
551357546416 -15
673134251673 -1
375461714624 0
521534461236 12
113777111437 0
751725146135 -12
135665757151 -2
751145146234 -12
373373712151 15
725415237746 11
412715755111 5
754615475235 6
323771661356 15
143652452324 14
334244421773 -2
142522652323 -5
327443115324 -7
551263531532 -13
177142265471 2
671242762372 3
213314625212 -15
176345716423 -5
671144774433 15
166122233221 2
271416523532 -2
127752317167 15
623126165753 15
767616323462 2
626224511771 0
755274226771 3
245716375446 4
255436437731 7
253266567243 15
211154325736 11
742563357352 11
743725775272 -2
537747757537 15
454263533445 4
676234276117 15
533153363453 15
625164336665 -2
711476441642 -3
221724517223 0
613144167721 15
476556144422 15
317512264314 0
717346436422 12
247555542166 3
112367677326 6
732551714212 -3
577365714641 4
246571154127 4
523665657746 -3
164543132414 15
643231142776 2
714777211234 15
573644525614 15
444653274176 4
547145277751 9
637224543563 -13
426247752235 8
742444416164 2
327236446574 -4
543722251672 0
212434457525 15
256753462423 15
524351265422 15
761231621743 1
132267175311 -3
461224417125 4
136515345555 2
754616364153 15
635556633612 3
543541511537 10
611532655167 15
276747445155 15
233644564467 2
775215712247 15
526143513134 15
124154353643 0
773656515414 15
661674671157 -2
175121513616 15
434665322333 15
342164332111 -4
371764335257 -3
334277624714 15
655655517117 4
146627356271 2
116552651431 6
344522571372 2
256477777417 -3
136436676112 2
717414157736 2
671437762747 4
353671531444 15
144155244264 -1
663452463732 15
614246773663 15
613174453343 13
171156173377 -1
362467476374 -4
275653763717 4
153273157126 -2
367742553655 -2
563212157671 -3
322623455577 0
421674172167 3
326424646557 15
337235575573 2
176476154112 -2
552231772136 15
747536176264 3
543121563674 3
133247742445 15
433451566664 2
461456445522 15
551421416243 3
554154174154 14
366666526421 6
572133212351 15
226556673172 -2
756371736115 15
647567531414 -15
372525533315 15
251765263315 15
765473577611 0
571765455211 15
433413546517 -7
337754566574 -4
122771636443 11
326467321666 12
534124626263 15
336445162737 11
713521722745 -2
724627333342 4
276237641666 4
214222622556 3
217513567732 -1
277753455347 11
273163126561 15
723476546132 2
457167523177 10
546273744464 -4
561445135335 12
141226255162 -15
533217526327 10
742546711435 -2
176514273264 -2
217767614467 15
753774731143 2
655253137544 4
132745271421 15
721777115552 4
125355147334 2
637174221671 15
163456644473 -4
221151165365 11
724654241445 -5
631736441741 3
435372377517 15
464467551134 15
774262372316 15
352142456264 -5
427337711655 11
641312142173 -15
437555637765 15
326544323775 15
665254143625 -6
234464761226 15
771427671314 15
732527366777 4
257646552253 14
475327231127 15
723222652236 2
626437313154 15
356262342332 5
524464532542 15
632524574627 15
556571662461 -4
216172535661 15
766444356356 15
242642117273 -4
551556632712 2
376331616432 15
757473255113 15
536357217171 -1
275375551242 -2
674625477252 13
555355222513 -3
714566753326 -13
333646147336 15
216736721254 -3
513576541236 12
646373546254 15
353171621762 10
566746256321 4
352725466651 12
516254153315 1
244325276472 14
242772113421 -10
312531456654 13
571227721545 -2
235766652326 15
222617346616 -4
367517726367 2
571164463411 0
577146417175 15
724125672276 2
745236421147 11
466454453646 15
743714342522 -12
615634625446 13
365361636316 -2
457637772441 2
245331361524 13
326676645347 4
615724621472 -4
563336217175 15
765254135335 2
337316325577 -6
744672251441 4
231566136473 -11
645275367465 -2
717615656416 1
653751372414 5
364736653416 15
153377156643 15
133762421421 15
426146476565 15
235567651464 15
511273565535 4
647534621115 -4
173457545272 15
441633357172 1
314563573751 6
623274416465 15
657751372731 7
227341111541 4
327277517536 3
325365525213 15
444573335324 3
551175417213 15
435675234411 -4
615744432526 -15
376236655746 12
271272727515 15
154474333614 15
546413143367 -5
341115526236 2
757537344462 0
316337651252 10
753416357311 2
565354722312 15
436116357356 4
547371217566 15
231456775244 13
712533262613 15
325277412743 15
166252671511 0
556574562773 0
344326711225 3
323112347246 15
255546117452 15
465454463252 15
741416111443 -11
536754431361 15
714312614635 15
626543743453 -7
261634514237 11
653471715457 4
322412271552 -1
612642242151 15
237776125474 -10
255676673313 15
236352265365 0
145475245672 -4
637516255362 -3
135356373656 15
533336755733 1
646262357635 7
571327222627 -2
567123165776 0
773434641516 -15
352115551267 -2
247772341446 -4
152266523653 15
644571167767 4
127433753145 3
126345264176 11
377141754372 15
271313156157 2
142371512172 -15
173457156572 -10
541157113637 11
621121571413 4
126331465745 5
533227561331 6
125357657357 2
347645556314 15
163464155212 15
754657116412 0
166225754654 4
613271645277 6
432357342732 4
715636521137 9
751567267345 -15
675455434622 7
742753725134 10
514144423575 15
717152334612 -10
174123667762 0
231443243634 -2
565547624547 15
637641643234 15
654334237773 -7
466251216641 -2
366366375551 3
672761352123 15
313725712626 15
326652772612 15
521413334235 2
356734527162 15
576146147727 15
721522351615 15
577455177273 2
676323562153 2
521423547243 12
355551526126 4
746762141555 -12
646246263743 10
415315764342 15
645435765472 -15
711617122322 15
543753367317 12
146417124666 15
246454757751 -4
627243477747 15
317766732127 0
557447353147 11
762162771423 -6
626136736523 -1
421426337133 2
272753727156 5
531635623467 11
736564465466 15
513135422156 2
661415412271 -2
363776634675 14
267343563651 2
775457743255 2
317667642161 15
277673224612 -2
715157744524 0
644165447221 4
332561447232 -15
641551552674 -3
411511245657 5
127417165662 15
432426656251 9
732125522571 2
524176223254 -2
511361655656 5
575356713737 15
642755574515 2
156226572244 3
565364165362 15
641727131331 2
632512164266 -1
414113576327 11
134235376541 4
132555124267 -3
651731625373 3
736652547337 3
167523561271 -2
