121775147766425 14
762766612427571 14
767547655317731 2
636271733151152 14
454531617313221 12
765355654754746 14
435644245532727 14
717562512712222 -1
476654232364635 14
634566544246245 -10
242226746374447 14
711476151114457 14
632131134454335 -1
116121164365175 2
175613652646132 -2
125764517753444 -13
353277274172511 -2
235173723377334 1
771465776715644 -13
334347577612546 13
511261627533351 12
146117446356541 -13
436444315534513 -13
475131521674162 8
275641265176533 14
645516755237532 14
455356132355516 14
332121166651735 -10
732472351364647 14
412443331142516 -11
256473315263175 -12
121766623342647 14
731727356616545 -3
444537262347265 -13
144457132245124 2
627236437471632 14
733247437616263 14
656335145337173 14
264521617227235 -3
175325637467352 12
775661517472472 14
174331553735567 -5
474446727651243 0
511541322253533 3
221356754141312 14
265475454477747 7
672572323334265 -2
521564262525475 4
156523266322573 3
134647121662617 -2
577265517347216 -2
246332563441223 -13
257371523142351 -4
125247625145435 14
614233353253673 -4
471125562544477 -13
766133457115362 11
255524574511743 14
262374731444416 14
126236657316577 2
467765745736255 0
135654421721426 -13
516464243311736 14
342656352712371 14
755316736215611 14
363424327153342 14
325154421142453 14
776345414776346 -10
673611131252173 -13
631652645316123 -2
311124314371623 14
534534462516254 14
765312551451343 2
456342175716165 -10
627115415642216 0
425237361257144 14
561462167477467 3
744746376733634 14
325314354546625 -5
344727775516641 14
623135565663453 -13
445442423214351 14
762571315422233 -2
472554134324574 -3
341746524124477 -3
523672776525656 14
547762735717634 0
327167364362412 -3
677773546576633 12
214725477451742 -5
156731422751762 -7
321772612155751 3
155611112127455 -12
334136411523774 -4
531461173334221 2
761137177366524 2
734451444626365 14
361366336124755 2
545262352456454 3
261666465125647 14
274314411573776 14
652757377434337 1
761463523621743 -2
726512233647342 14
725146475464156 4
437376667127236 14
332633725274344 14
312537341257517 14
671525217433753 14
346676517573126 14
633527742447215 -12
566662144617574 -8
422415514475471 -1
765634526174232 2
557722435615274 0
313262322143316 14
246416445132123 5
541475272142321 11
426177764435427 1
357372412256276 -8
616314762532734 4
474463741624712 14
355374173236614 -2
464717262622611 -11
117172355515433 13
554574252346116 14
624126663645317 -11
412541372334223 2
523751131622424 7
355463113725413 -5
366621772327765 -13
571257216626124 -12
145611433232717 -8
211176751251125 2
234746456312251 -12
152137231227743 14
325445655273155 12
275512627677556 -2
432674326773125 9
275232211551117 -4
463144457662436 -4
242441261272451 14
674533453142226 -12
313412115415172 4
656242237222633 -4
614337531755734 0
373421677617733 8
775676166171723 2
727644272267741 8
144521257163245 -4
112321156522776 2
213215257311313 3
556775212165735 3
545134657362416 14
241424237312555 14
763135354322665 -4
617265452661376 -1
454147211435447 -2
556712545714312 14
166361335351422 -3
742231517534766 -6
172573216321371 -7
717134262736574 -2
625472747142541 14
455373643152336 -13
762433646317476 3
544643546315171 -13
564162544572125 14
722743761722231 7
276173255423156 -13
716633325256766 -1
156242536267763 14
117261456664257 2
255452674256212 -10
377447144475221 14
737736126536236 14
437724111555575 11
133271734415234 5
421614256637163 -11
541147547133354 0
275226126246754 -4
361641516343731 14
532175415641651 -4
123312222745437 3
231161765714471 9
157667515717216 14
655216673672624 14
336174371373674 3
243211257556665 -10
175371172651527 -2
637464325523124 3
745611174554534 -2
765157173572431 1
156376465456217 14
237317244112726 14
131653652252224 14
142437666511777 10
332372346332117 14
431733263642764 14
663243327775764 2
116243674436773 -6
417352214431433 14
236557772214333 -13
144366277111656 -2
634673613235534 2
317226775746622 1
767171632662226 9
454421465273425 -8
274724374665366 14
116525352754532 2
151272464113317 2
517615236122343 -11
732714312351555 -13
435573562725734 14
344331314614723 -10
622422245415567 14
624331254776276 -13
333423733562567 5
577762346471664 0
727125341774364 0
641151213334443 14
445713745277561 4
315372225616122 10
754641355673246 2
137155527335223 3
665333725537155 -12
465637171272163 14
476752577367253 -13
471316314535677 -9
144355751352344 -4
364131664625672 -10
421467654341677 -12
361134342344424 3
343145453765662 14
275624443532165 2
421432472627625 13
712227264127157 -5
571552163514565 2
266341357134145 3
526765127376346 14
476474372473416 -12
342541351252252 11
433621157547733 -2
663732327143423 14
413471566562657 2
244527673116146 -3
241431371544257 14
456137125753165 -4
454765165743757 -13
126335615317376 14
411227515346231 -11
113733672363271 14
571342553567526 2
113733252126515 14
613712226111723 -6
521171611671244 3
755115214445115 4
677427432133727 2
174767664123322 14
752643126417165 -2
417715536536612 -3
713556727426372 -3
167462361174755 0
452275631233347 14
114471541716347 14
765631647527417 0
427734352561131 14
453775116452611 11
134226662153277 -12
321732274125522 -6
327522552146711 -2
232376651552133 14
711156624613217 -3
747662612534273 -1
122613443163725 14
123241421137773 14
531435626614137 3
312454677733516 7
446772445357215 -11
357256574246477 -13
131677454336423 -9
754253674576443 -1
565571661476244 14
514253743232552 -11
466674365314526 13
152724716171256 14
533451277645364 14
464222356365533 -8
425546146152132 2
573456637567556 -13
563426151416657 14
525276145123342 -11
423651171366472 -2
357764522243741 13
451574242163236 9
543531544413176 6
376761775615516 14
435576652661721 12
565733777143335 -13
411724357745513 -9
575325623671274 12
613413347645172 14
453613644476516 3
171434657624713 14
663252237335746 14
417341337574665 1
712111534633646 4
713725476276236 2
263267356556712 14
771557756127651 6
675663734643352 2
756571333231147 5
337535115734267 13
171231177166555 0
733351752542512 -4
234312414227363 -13
433446723335773 -3
725666466321654 2
243111313456727 -3
663145455355235 2
164474244773126 5
275173535442326 -13
625255567715243 1
457763273666743 14
443645544611721 2
676164321641421 -5
422244524213634 14
474764344664711 -5
526416423327132 2
527443425245226 14
551253252134162 -12
524721273435266 -10
765521574461476 -13
455536345175131 5
421613366124727 7
451725415572732 0
615351354722714 14
245126121553241 -1
515136151546413 -13
436744567646456 11
347153672772726 13
145456772564275 14
653254253657175 2
177226432642216 -5
774424566456234 13
145311327675247 -1
446442314421652 0
723547515452266 -11
615424516367461 14
361143521221165 14
111717622171732 -4
455721151124547 10
526714714471723 1
762334526123757 -2
342654616163533 14
467577236251225 -11
422522462644611 -5
711515127664454 14
515463754153225 12
312133275471354 14
367217566165422 14
471144743234534 -12
234676347444636 8
434415352414616 14
451437736243721 14
513324411522777 14
567324231133326 -1
133331555456546 -11
112671646363461 14
566553664347465 -13
663513544523246 14
232767431364642 14
546412247147162 14
645423463722527 -9
761632623124173 -3
623134211656617 2
526317777411761 5
147414715112751 14
272354362135117 -13
726437344632142 3
644162265571752 14
467343443526625 -3
435716713573553 0
735541541225535 14
145455343641263 -13
161227711227414 -8
476665664342244 -4
543246662764336 -13
771221445145271 -8
464122314431327 14
236163144775476 -13
254137314414154 12
511414541321612 14
242454566617555 14
616331555714373 14
676634433273713 -4
563325672574514 -1
766232732617636 5
264252566647445 -13
546315366556775 14
251544571645136 -2
564367651353227 14
215657637211526 -11
337144422564772 2
211361516277276 -13
525224365632763 14
723321646257516 -2
347312144451224 14
767122573532111 -3
656736771461665 -5
472414217226767 -13
134766221377232 14
747132715511265 -2
522144232417724 4
621465356614257 14
214342266224264 -2
341462413574253 -12
662422434445273 -6
335764722517617 3
122422142135631 14
676231665456315 -13
245561735471356 -3
646312446442271 14
436663673616547 14
472575231626454 14
243567514522536 -1
726525547572571 14
141237215214532 13
677725315212266 2
462125334566764 -2
376727113451776 -1
524357622313757 14
773244252415231 -9
144373613416363 3
751162444161731 -3
323514244443172 14
764663312343433 -5
775524727111144 11
662752755474545 14
522412144344425 -4
664272172723123 -4
125214226337466 1
745142114465414 14
645177624442221 14
674115312664566 0
714731472326466 -13
522157314634646 4
333244772537476 14
675413372121525 -13
313173677462475 -11
255473571561551 0
561573422163654 13
432544275553441 13
625155524447474 -13
466543144362237 14
554654562523671 14
557464135621243 14
645144412226165 5
332474274171154 11
243117731632667 14
645475116331175 -3
622271474175742 2
411614622412264 -4
431133512713362 2
644146752137742 -4
612135751552345 -2
145152631237342 -2
572627726723272 0
315412674743171 14
343555777675152 14
212164654735675 -2
174556574315367 -3
251124563572213 -11
436264266461451 2
575446547435212 -13
725463341567312 3
475441256221424 -13
214376442226716 -2
647677166713776 13
572535615131372 14
447661153274457 -13
552655731512117 4
366317141321527 14
675473157467545 14
432443711517542 -1
324434555535235 14
322237231527575 14
663216777564157 14
117261624537525 14
331627313417163 14
311174456324545 13
157562421136761 11
376115735725477 2
173251645263251 14
252335364335513 -4
111354637427651 14
614346613711226 -2
645621342777624 0
152463164742277 -8
211362536415324 14
247251156746571 13
162666117237361 3
324571675521621 2
141534132777637 12
323574734565313 14
257354344515524 14
464517634232333 -13
515516743471647 14
556236221233663 0
235664417576724 14
732253666562131 14
551325143766573 14
657756327654376 -3
343673425464376 -12
442351575572251 0
773674111266675 14
554457137251122 14
735553636632261 2
221136676422716 14
557124313651672 14
246363155472625 14
216664645365512 14
431176773232413 -11
677122472265112 0
645472212212416 14
265527442673625 14
637765472475131 14
571146671374762 4
165274477621166 -2
775111511617734 -4
733432562611613 -11
515252261536112 -3
543526651116264 11
347174716622376 11
755163274525137 -2
323714137776643 14
247656233362764 -11
766533124445315 14
225552564324723 2
153166674556656 2
562663556471136 -2
671666133233633 4
173453111725124 4
111373652431764 0
723371527334626 14
752365655222456 2
513214617126541 12
731714367754273 13
347276577561746 10
212336363337776 -6
646127233725764 -13
714277636132444 -13
227336435424511 14
655423356433317 6
756736263143443 10
171365132647347 14
643557356713513 -13
573222322324577 1
633625227627233 4
554127155714175 14
164523341127367 -2
127216436524451 14
223277642732661 4
523253213676476 2
716623511476575 1
745366123464766 14
543622233467121 14
412534114245275 14
243235112775754 14
563161533214437 -11
611463153555545 14
327637235354245 1
331215372474731 14
547225773734223 -5
474136176216614 -11
247251661167761 5
577277114525421 11
422144254536673 -3
275652472316747 10
671764444316446 -2
474227646431722 -12
515115356737255 -12
715335643771677 14
444513653366616 -1
314223172554565 -10
665465274326346 4
173465244662756 14
731326525441353 -3
657211353712632 6
256353762667744 7
444763354733373 14
356454217626552 4
451157576676732 -1
151346242221432 2
473316511467123 14
255522415173422 -8
765611613153245 14
326473716745242 -8
327677265631116 -1
322457241262362 5
677347317674426 0
454571766323774 -3
625632747651474 -2
662677535461442 2
577255263334675 -9
115756356137465 -13
262215666111161 13
516523253177552 -13
563434571332443 7
445321474463751 14
731557471562565 0
164325755663476 -2
765667545224674 -2
771237467113573 2
435416721364313 4
376631643322447 5
754732436655771 4
516536761116542 14
423216415721263 -13
427677761772246 3
142143564315321 -13
353623553214127 13
775455154124741 8
722544337617665 13
546162464577612 14
157655645226271 14
175151554772624 -11
551716374644461 14
574132232517512 -13
532326414154664 13
777746467412323 5
453651461737273 14
364777535741127 -10
272271257512237 -3
262422177356712 4
275416617375723 -2
273413361446267 14
245746272212374 14
132225341466177 -3
615654446143611 14
632427761457127 11
716533415335562 12
755257462245377 -11
367621652717435 2
341115267476567 14
541127337433432 -12
665265632151255 14
257263412725461 -2
712652542177644 11
245552421162617 14
634741154671242 -3
723423323534627 -8
644675115511767 -3
321211734175513 14
711773221314711 9
114335273324221 -13
453762722763736 -13
643527244571235 14
125275261551711 3
636522562755276 -2
765455436626445 -13
347311326711553 13
422465355262714 -9
243657271114344 5
541614241542327 14
374677555752166 -3
354437151332245 13
733673137766117 13
647635632451567 10
563633763765421 14
325136344257766 -12
177524174252657 6
316555774437611 0
277463477416437 5
644655674662317 -3
122124153273763 -12
146437623564435 2
357445445673117 -2
112373324737132 14
425311547173466 14
326545641716342 13
221461146147543 14
643437462521126 0
147436753531244 14
632367217226371 1
723242462445514 -5
651212162534324 -12
517267323114516 -10
133311727633445 5
264441716177225 14
315612673345116 2
161146612313675 3
666544122311632 14
522777114317461 -10
317633714674474 -2
561341332423255 14
367132656537732 0
351477235112737 14
177652317642734 -11
555616346771327 -3
475314112755556 4
171751365245535 2
225476516357272 -12
551471117676253 7
247435527662452 3
655613454671612 5
771223523263276 -12
344262364355543 14
121666774162744 -1
522316111711525 -4
416463334666555 -11
413225431573262 -10
634615167755214 9
552514134464215 9
165321212335175 -2
675415171114644 11
146172323631262 -3
733631521621722 14
423613112751662 -1
366133263123367 3
212162471266266 5
432475322734326 2
375613247465563 14
417212551426346 14
341244521576512 4
227246737125226 -9
473133156434375 12
317522455133427 13
252555771713353 3
421643634523177 14
772243465433463 11
347433363623566 12
674354524222665 -12
676357714526144 11
361654376143137 2
632175137346422 14
314665244763625 14
562265727617737 11
366221466672274 -4
151655717131374 14
234114746435551 14
261324634667432 14
454651573413423 14
123424513223577 13
764226344525324 14
611645147575525 11
466465466217465 -6
413625757135441 14
121567473355166 0
257752555635223 -3
531714576116453 12
311456131777466 -5
322737763275416 -12
646623317163616 14
536166221677751 12
351217113735131 12
677476726516276 14
567122272776522 2
416546731475765 0
717766163731755 -2
637544314631215 14
613552242466525 -3
162271446643763 4
523756717723247 -5
345211141145164 13
317162731711416 -11
457333543551253 12
225571657614635 13
335114231754537 14
733432221614322 14
132747325125722 0
462333213666734 -5
553472116221115 3
617115463563734 0
423767236617233 14
247541164151552 14
667474611613571 14
731316173332716 11
247313146142335 14
232376664624626 13
411476541626661 -13
661266122425654 14
325517377725134 -13
137531336733256 -2
763312341417322 -13
316543552611766 2
657452577771214 14
735146711351721 -10
664156444645456 -13
357475137237316 13
145446712523663 -11
611713765673243 13
243272461147175 4
734341776741353 -13
615552651745235 -2
364247737725372 -8
175477265325752 -12
314522226436411 14
631762245617371 14
214142736522365 1
775643631672234 14
513712116635152 -13
727347745352431 14
327636235475657 2
243272474314563 3
643616645532433 4
612662521477633 11
342467422577631 14
714145316615357 14
627162571561147 14
335776446317133 4
732253245243221 14
344343362341355 14
721327133521427 -3
277631377246457 5
767557615472612 14
677576614114556 5
775441167365776 14
664352374534731 6
174443713131164 -8
111711643637152 10
244274453462115 9
422774366246252 2
626114451727127 14
215333714172545 14
535453413621371 -11
137675677616166 14
257615643543647 14
764411725457732 6
214145253746737 -11
757136333176673 -2
446417311415175 14
356447152134444 5
541225272366535 14
543263141147734 13
422277112517727 3
174441321225751 14
243447654113342 -9
555476521611321 13
565426345771251 2
352733646425647 14
553235546764471 -5
675177657151475 14
654117274174212 -2
324231311354745 -1
243763221725523 -3
625537132237633 -10
362373511254123 14
144144716513647 14
463347677762562 2
533343424556273 -4
275511432343657 14
172135756175676 14
233231344742172 -13
212164151774227 4
656251522273466 -10
146125674565713 14
636642166642374 -10
552156227121263 14
324571447477432 7
521417555272164 14
415115151234365 -2
723633634746761 4
731545713154451 -3
227543145426143 14
354513435732641 14
534217161156222 -2
464227331775226 0
467364245511441 11
357145723464714 -2
476653657644522 4
267455724455526 0
217523734566131 14
224757166573172 4
167142477725153 -1
342423562242452 14
466352726615123 14
634454122461316 14
376174115134221 4
111461616753464 -6
677613651174116 14
525414427542143 14
542664723622644 10
455561621614654 -2
664474417411756 3
461222444516514 -11
617117622433252 -3
235244462764574 -4
367571456742347 13
542636133146523 14
146335413335517 14
673323477552336 -12
143163272726136 4
612167245234434 -2
434644511671711 -4
511716367611747 14
137112236675177 14
614522752416713 14
357577331431374 5
746463315413716 14
341322472165273 -3
475177616467225 -13
367744222746236 -13
762715462371423 -11
454516136317227 -3
461177716271751 -10
723341174147573 14
321541152436654 14
316452372723342 -4
525166227177244 14
517333337612462 0
222414576754446 12
135131534724622 0
525726777457646 -2
127336412445544 -2
564557726527634 1
135723121523757 14
731441365411745 4
136351342643136 0
363113156725772 14
161537612256263 14
245136471557275 14
747624545537227 14
656112312476167 4
732373425271244 14
461524577677436 13
477233263371252 -9
744232122267147 4
661463647616355 14
226277526657226 -11
131731346134154 14
315766113662142 2
761346237232115 9
733241462323775 -13
563543433437522 14
157174313415557 -2
611124732734664 -2
412545666235375 1
667237676432427 14
173422571366127 14
636515633417142 14
317765353474251 14
722735457415112 14
272745456722252 14
224753755615151 3
236715565665553 -2
764475746724174 5
111342676416213 2
774117366214236 0
611512411571535 -2
433231152412345 -4
722611627452356 -1
261767171675222 14
126544746427454 6
725675134745761 13
553735741167372 0
414131771754757 -13
741674112633672 12
715177152126573 -2
362215277762272 14
163752213373767 -2
262734316114573 -12
151325217135612 14
423373214637435 -2
673325656455745 14
434357556557165 13
436532661737717 -4
214572673717214 14
227731412745765 -10
565345712543476 7
341355721157464 -11
774371715663736 14
671254636242747 14
766677167627723 14
164614152573515 14
132754775511551 2
355753331255512 -4
514632227236257 4
237137224666761 5
356757646626352 -10
256664162672672 10
223327166761556 -13
727153235665416 -3
144713747432643 14
275213556624253 9
256134646612112 4
132441343165137 1
216165234527651 14
132445372277434 14
662774576714262 5
541624362317671 14
632157563731467 -4
114275133131245 -11
333164561551524 -8
215754753143172 4
343575513642242 14
437522362734372 -11
456561446127552 4
215671664562634 10
655332765257316 14
323571465773621 -11
367431774711142 3
266633372335374 -2
123475524744234 -3
212225751255476 1
236441335551244 13
161226714735212 -4
436265663351544 -12
772254742113174 11
451774324243134 14
646621332521354 -12
563743143756126 1
322641773166515 14
321453521755126 14
434537764321253 -13
235474555775241 14
151161325463314 14
717777313627253 -9
613732672145376 14
356252721537454 14
613651272373653 2
571173715361173 -2
413541562234763 1
161146626161777 14
717111451637742 9
662715117243665 2
164411757541464 -11
166464272223311 14
153457615756246 -12
726713146122712 14
763274663211245 5
334135254445264 14
717247671635722 3
512143132456725 -2
536533113617374 14
237646133644624 3
741426734312221 14
163644754444735 -11
124632647177514 14
266512271173411 2
615766216732231 -2
412526277471374 -3
757152566353455 -11
726737432315164 4
177356523212537 14
242245277113152 14
342361162755215 14
716622372533424 2
112566753165111 14
337671454177731 2
761637644433676 -5
671554526544644 14
127611137567363 14
712513463361463 -13
513271773653652 1
265154726234352 13
517427123127611 2
537647524147247 -11
266662142714135 -3
246767427233461 5
561123676372757 3
417535336327413 5
561517715227636 -3
132317212417771 0
414611555171227 14
425616764451122 14
651232175733657 -10
146322277171433 -4
717251431356454 -13
527725636633137 2
546246227534511 12
571524756537466 14
362472464377142 2
761223474571374 -13
763266524126737 -10
117157135314335 -2
723117514552372 -13
527536243624634 14
777222674342114 -13
212247651741717 -5
711551343141352 14
747451664547376 14
243551627516121 1
422567426616317 4
744155346113136 9
423655253512112 14
265147145155775 -3
173426543133644 14
625361557331521 14
366534223424774 0
722577723561234 11
264744157257771 -13
135247735554426 14
621657114524742 0
435447223465224 13
533127462664536 -5
136627625731263 3
341762554446657 13
614655676557531 14
114264245517254 -12
714425377176136 14
314666311636672 -13
236173634133141 14
172427257362633 -4
523352245575312 -13
611423767773667 12
643111264214546 5
242734513115256 -12
567325543712453 -3
477561662575133 14
673473244345155 14
115641447615142 8
243244756676713 12
647442142664151 14
557151433322735 -4
764114315574376 5
276324423152354 -11
737265264517454 14
462115674236152 -10
231762473117776 1
563776556441722 4
212522333151653 14
141631663167375 -12
414771524767715 14
437175333624777 7
147723251147457 14
324327367176155 -3
645555441531347 10
651441554576743 5
226562767777414 2
612111472715345 4
667624274237525 -12
646322474737262 14
562255345612235 12
126152742233616 14
623127277122277 -2
566313513466663 -5
646237611246671 2
537233141546446 2
455274133426471 0
375274362451762 -1
627174327541533 -13
623513621521473 14
154442676557614 -13
376624314255554 -4
326151641774161 2
573376474255264 14
736454621541612 -9
733454377612526 2
612141666777114 -5
324475235422143 14
136471577212341 10
366651743422445 14
445553243646145 5
411764712253641 12
652344254146561 14
517212527651472 -10
513323123274612 14
241121552514116 7
774171736633221 -2
315164167345773 9
217132146113174 14
232215531551145 14
113276754573133 6
254712722313226 11
217635741624326 12
756775346634212 14
566153362252217 0
353232527776762 -8
217647752167373 -9
411442552275411 0
772411723335713 14
474457737227244 2
141144553555131 11
566154156565315 2
256567754644431 14
764361421376557 -3
577213125511211 0
675474771361173 11
261476173224643 14
634364564757444 13
416453175332137 3
536116253767746 14
623717271112413 14
426245615261451 14
347274523561445 14
135676767327113 14
151632747316474 -11
646312527341122 14
776674142371136 14
615772261163667 14
363574334377773 1
733742677527433 -1
271375774275337 -2
162132245535254 14
144767636515213 -13
472623752314422 14
342253716311754 13
431164676472477 -5
234242733677262 -10
124147364632545 14
326616617513422 14
337444355563145 3
236673446612663 14
254526545447121 -4
344366522132443 -13
323467457345761 13
644716312454466 5
753774514466714 0
763735735317657 -2
527254675234156 14
615663236115262 2
734567147237161 14
572157127522527 -2
632362751272273 4
657652134527246 14
241564536532417 3
175531132157366 0
213321467676173 14
756435261615766 14
236651367263747 3
432141275516233 -13
547435366562464 -4
353643351473446 1
722476317134531 3
623446466537645 14
771574636615144 14
573254237231754 4
213267416572156 4
157471455235317 -4
464221235467764 -11
177123334347714 -5
717666677551151 3
331617644243367 14
671743746573235 14
414365643473426 14
154233356236621 14
236533247334251 14
647517256663237 14
111316353342512 -13
711371734546655 -12
273247234675453 -13
613452142372421 14
343644375143222 14
267675621211672 10
524544154773253 14
436737241354247 14
547156757744764 11
641262456624246 14
667522277451431 0
624526514771345 -5
725471563151671 -13
542137325427436 14
354171575646364 14
357421351552657 -2
677225114555727 1
545761151732736 0
212217521633747 14
455377371764713 2
567366166157137 11
725537445545227 -12
622133625512373 -2
355221732653715 -4
312176712734765 14
113166165447414 -7
343341546316346 5
564322767723333 13
355637326332664 -12
763244146651311 6
267117365112323 -13
534515512237521 5
576543462752547 0
215451362457177 -2
333415342561146 14
244742555765224 -2
424332345323114 -2
541332742737274 14
313166121366757 -2
214247672662425 -13
773312151342775 -2
413137471132715 -13
522423435775777 14
531446165762751 0
641453531666163 14
557317424315554 -13
673455411612536 -4
625415142667312 14
732377163714233 14
327376233325155 3
575451333675423 14
667163345521311 2
623234336432611 14
621355643251567 -1
525346475741252 -13
211775666733366 3
372541562733615 -12
753441617376654 -13
166623352755511 14
777242346126713 -10
622775164211656 10
222465346244135 14
427155161111757 3
334644322662314 -8
511677617531534 -10
517627127576155 3
746373152351116 14
137146571532743 14
173656747314216 14
657273461454354 13
641167216643133 -3
735626461574743 14
217253435413215 14
552266135617612 4
456263165174542 7
133262141442276 14
675322413737356 14
572574326733175 5
432351725276675 -13
565121243135121 2
141466535513726 14
162231323526542 14
476753421673157 9
323523316726561 3
736177214763321 14
632571345515232 -13
515373313634252 -4
462657431666721 2
341363747124733 14
674777767141262 2
432464624427773 1
