111 2
112 0
113 0
114 -1
115 1
116 -1
117 1
121 2
122 2
123 3
124 2
125 2
126 2
127 2
131 3
132 3
133 1
134 3
135 3
136 2
137 4
141 5
142 5
143 5
144 2
145 5
146 4
147 4
151 5
152 4
153 1
154 -1
155 2
156 2
157 4
161 3
162 3
163 2
164 2
165 2
166 1
167 2
171 2
172 1
173 1
174 -2
175 2
176 1
177 2
211 0
212 -2
213 0
214 2
215 -2
216 2
217 1
221 3
222 2
223 2
224 1
225 0
226 1
227 2
231 3
232 1
233 1
234 3
235 2
236 2
237 2
241 5
242 0
243 4
244 0
245 3
246 5
247 4
251 4
252 2
253 1
254 -2
255 1
256 2
257 2
261 3
262 -2
263 0
264 -2
265 -2
266 0
267 2
271 1
272 -3
273 0
274 -3
275 0
276 2
277 1
311 0
312 0
313 0
314 -2
315 0
316 0
317 2
321 3
322 0
323 1
324 2
325 0
326 -2
327 2
331 4
332 0
333 1
334 0
335 3
336 2
337 3
341 5
342 4
343 0
344 0
345 3
346 3
347 5
351 1
352 1
353 0
354 2
355 0
356 2
357 3
361 2
362 0
363 0
364 0
365 0
366 0
367 2
371 1
372 0
373 -3
374 -3
375 0
376 -2
377 1
411 0
412 2
413 -2
414 -4
415 -3
416 -3
417 -2
421 2
422 -2
423 2
424 0
425 0
426 -2
427 2
431 3
432 3
433 0
434 0
435 2
436 -2
437 -1
441 3
442 3
443 2
444 -1
445 2
446 3
447 3
451 -1
452 -2
453 2
454 0
455 0
456 3
457 3
461 2
462 -2
463 0
464 0
465 2
466 -2
467 2
471 -2
472 -3
473 -3
474 -4
475 -2
476 2
477 0
511 1
512 -2
513 0
514 -3
515 -3
516 0
517 1
521 2
522 0
523 0
524 0
525 0
526 0
527 2
531 3
532 2
533 0
534 2
535 0
536 1
537 1
541 5
542 3
543 3
544 0
545 0
546 4
547 5
551 3
552 2
553 3
554 0
555 1
556 0
557 4
561 2
562 -2
563 0
564 2
565 1
566 0
567 3
571 2
572 0
573 0
574 -2
575 0
576 0
577 0
611 1
612 2
613 0
614 -3
615 0
616 -3
617 1
621 2
622 0
623 -2
624 -2
625 0
626 -2
627 3
631 2
632 2
633 1
634 -2
635 1
636 2
637 4
641 4
642 5
643 3
644 0
645 4
646 0
647 5
651 2
652 2
653 2
654 3
655 1
656 1
657 3
661 2
662 1
663 0
664 1
665 2
666 2
667 3
671 1
672 2
673 -2
674 2
675 0
676 -2
677 0
711 2
712 1
713 2
714 -2
715 1
716 1
717 2
721 2
722 1
723 2
724 2
725 2
726 3
727 3
731 4
732 2
733 2
734 -1
735 1
736 4
737 5
741 4
742 4
743 5
744 2
745 5
746 5
747 5
751 4
752 2
753 3
754 3
755 1
756 3
757 3
761 2
762 2
763 2
764 2
765 3
766 2
767 2
771 1
772 -1
773 1
774 -1
775 0
776 0
777 2
