133571213144475662 10
547571553752141233 -4
326335236646131512 12
326463133225216236 2
554363353741557266 6
317364123461112623 2
264351536167413364 12
512661265352642532 12
446711235621744736 12
522376222536415654 -12
643572513233527771 2
612715211164436472 12
674672327177452745 12
356167754625551147 11
545656632677377617 12
245136771447637776 4
146621644114311333 -10
112734422252525417 12
263325217671314742 2
162676144554253475 12
255277611735167426 -4
713335252765764626 12
314437652751724644 11
234766162475253316 12
654272675665543526 -3
525747124656731535 11
375636742351532377 12
474657717617552665 12
634364472563143377 12
753764526423445173 12
246322623473415627 10
117247461417622776 9
243141524377317232 -12
441454514736631566 12
212223551662574374 1
177577551572544542 -12
446372371727356632 12
772431616731474565 12
252366246343715115 12
322142776513751146 10
427535734527624254 -1
735744317424155257 12
336152227623641522 -11
655244477357662276 8
116231146474412133 -12
146132215316113376 4
552162331655646313 12
714736561772567215 -3
271352215626463255 3
425624532477726575 12
456253562427441417 11
512552566214762661 -5
226414773313526337 -11
115474213622576166 -12
756447617147613275 12
646576563657637523 2
643721667343717422 12
566375531717653336 3
236734255432175613 11
115676431122656352 3
242313215311173177 12
324136225744714513 -12
157417442523417124 12
132413564636654114 10
133752442137365571 12
253152767615534441 0
673331337561155151 4
452766754665735163 10
565635673543317665 12
217651557561116725 10
655673713533715127 3
323141132155162673 -7
764577452746667433 12
254236734675422461 -1
132771165647242535 12
432175221556323317 12
453115526767744523 12
122635727513514552 -10
361122667717262661 12
315131137233573524 12
617153343165253556 12
645262212214161675 12
351456741365237561 -8
426567343153221615 -12
727327542755117661 12
734774673113636673 12
133643145277316712 12
413545563457114575 9
647344375615247117 -7
271111626551231327 -3
164176471721416424 12
731764157777415514 -1
453532655475532131 -1
514273453131732455 12
745376172235155744 -7
442364244216314623 -3
667645526522655231 3
623521432672335441 12
261416375327643151 10
367344337534115374 12
556337542515647117 0
614557736663737114 12
655271417623355511 12
574226345746643367 12
143235417142667173 12
355764345442576732 12
376443611151672427 12
111763772554155444 12
455577564753762332 12
175151637531175165 10
261721467174674712 12
161366551375366151 -8
775673762336325572 12
573134764517445416 11
242154172352132774 0
231277346321541177 -9
323545121335714451 0
553616644536312156 12
735322457747227514 12
313173476716426624 12
126654746635722554 -12
671373124455241331 -11
252777326354553716 9
432112377156377367 11
161262661331533177 3
211372176363547256 -12
311646665255234433 -11
363377437152267717 12
174454553652264213 12
663542242175264555 12
764764232256677476 -5
756173433722311623 0
615761563325261714 -3
373441415363342631 -12
243512155747544743 -12
252457775361176362 12
744321163632511777 4
666774317641337552 12
277663761627455734 5
646343572171234634 12
156545572673751171 12
212514122251676341 12
617765577455566536 12
615751431123151632 0
216141443713753333 5
414476753426753521 12
233364636725355372 12
664634124126751564 -12
533356174757336175 12
512264516577711367 12
744137147677465422 -1
671654352143555766 11
165275427327227767 3
674544413566435625 4
517753147317273622 3
155526525211323433 -12
412247442711517342 -11
247773137277413565 3
765622142657737164 -2
137273154516633275 12
433773147427165774 -10
565437727171541212 12
446456474267671452 12
227642241154127676 12
673442422456656122 12
322727174363753246 11
554213342121226266 12
316425412455447654 12
732465421726723734 -1
566761512346113433 11
236741217343746771 -12
557211222143437144 12
543674175371455537 -3
375364731175635572 12
543175336365325124 -2
124342561637753211 12
621521651254613674 3
545412717335331741 11
435322117555334623 12
221154427717352245 11
446365322317634532 12
346276375163223563 11
245242341371446421 12
723653346577474421 8
245714152671167774 -12
336552522536161123 10
472731636625266675 12
735211547155475416 12
342552326665212352 2
663636331122642327 9
323533627771274467 10
416721331525664267 12
543752321377567544 12
273264277555746175 12
626344476277371636 10
765155173335243254 2
753475665775237711 -2
411354154572524626 -12
274376344546131341 12
125764476622156627 7
221513653355632365 12
642143413341251423 12
131475671364275477 12
743452152252134544 12
713415335373461635 -2
777433247546746126 12
533125541251363712 12
517677651434232243 -3
536531251316623521 -3
542366363161671461 8
713215534742323167 12
723717176176632143 12
437723172664615372 12
147576336167725253 12
766243416433767221 12
143141527545127161 0
567222174442644522 -2
216547446417754455 -3
361755547442531551 -12
331454115531141662 -12
724533741535573323 8
576455244617722525 -12
642253346522512577 11
652325223176552634 11
765554245253664715 12
343653457527427347 12
123125356254512447 11
464616655432151136 12
341251543775457536 12
332564465163271133 12
615133376274321672 -12
573522347712572411 5
773354216744755467 -6
523224122474125731 0
253145273133174177 11
763246376476171727 9
161766473245412316 12
222575564332167133 5
456725615666315463 -2
631133771317164244 12
452371367462726561 12
612672663625677217 -3
345461111127434155 4
764312241422274473 12
745661474132415313 12
737674314766214617 -12
747244262445331755 12
253714625375414157 12
752676122243123331 12
414461227361234243 12
761712347221142626 12
221254371652274352 12
751546527737211322 3
613726633433143714 -3
626141572773367535 6
163324563543676647 12
171776144136367322 -12
736447725477741215 -4
265673614261625617 9
537414112612257135 -5
774746635356243212 12
613262154551255112 0
755567525476457671 12
671561645154171654 12
454647546312271544 12
113267741317255453 1
617241774764241126 12
554235557737333216 0
642326715217757243 -2
571464762761121117 -4
141357454347711311 12
163633127743315666 3
427547134362741277 -3
733746431324377571 11
745234672574314175 -11
367565545456736221 12
732236152772751715 12
236152475643667652 12
457473117744414571 -6
312773137225564627 2
711451572322234522 12
143572661733416461 12
732256477451126455 12
416211354411467224 12
266746536654463342 6
771333365357423742 12
413435671163311163 12
654722737551575762 12
752253331572216177 6
352226517546131533 4
163252216731412662 2
756135146157775257 12
413265533672417417 1
577577756153422472 -2
743325466474256255 12
236544644231752316 12
477634365414455553 12
724727573212527713 12
754144142573556215 -7
666613657152774756 7
177474512722172655 -5
476326145164744537 -3
463725511335723521 7
235476546431275616 12
442413551531652155 12
277227736156467332 -1
621527673576735673 12
524122145325313265 12
113475613267451232 12
123345543336177437 3
345521226565661674 -11
626543417143633732 12
545726717642346751 12
756473445744566733 9
742247611533642346 4
345165154147353622 12
667322224564146324 -12
765571724122256635 12
557162271167761726 12
542476137235446644 3
622245357334646327 12
772631517671347547 -9
565763735621774264 12
755131316752642273 12
465536321713632577 12
543213716376512732 2
125146316725262436 12
572261431651612335 4
566327437417222773 -5
545527375131713222 12
126257274647225571 12
442673562411165425 12
317325337154275356 12
221313664761267143 0
714611274373747433 12
642635457324265745 12
567764543745715531 12
515137437313114551 12
275623642665431733 12
334614143273544734 -4
417676334422611573 12
337541752744132453 -12
365556737231127762 -4
211322512176662534 12
125225344456571326 12
122621613222461371 4
642553131126235712 -12
155541766375766157 12
365267674112477572 3
246271352336771667 2
421666536652255614 2
444642226435522661 8
651414471156315621 11
571375152164152637 12
213467511312166252 12
165147211245536646 12
523234637511263177 -1
376751727726343121 12
226425713411545677 -1
141714614744355157 8
611245226671224514 10
421265255347645567 12
626654762563355643 12
573223135111712475 0
314414273131155324 -10
244457644514526652 2
354354457175523466 12
447413352232534411 -1
624426535122215325 12
474471171362311541 12
675451751376435755 -10
163267464715652461 12
125172457746754553 12
567336755233461774 -12
734375373231752764 12
335465475431516416 12
436112246113667217 12
174461351662237376 10
444253641151312514 12
241342337632277673 -5
774243646733431742 12
161541412252761514 12
317722546131473565 12
426622275366334243 12
226432336672261532 -2
177612745725247723 12
562237133352243724 -4
616357476511145523 12
754121174444117466 2
546763773267154636 10
443276143522132537 -12
565554445226467754 -12
144665164536567372 12
465744616411435456 12
634574161772241752 12
261662557717316713 12
227562335424512362 -11
513644523644657345 -11
173163463632167173 12
651636535577124621 -7
453542552323334634 7
535444257212777351 -2
163461565724513362 12
561433534167272256 12
174723414323216112 12
435351343513547572 12
216235524652361157 12
442651232676427177 -9
475674456365512175 12
533112256146343743 8
371612314316517774 2
143337573435141651 12
177342515126415443 12
162141441465545626 12
412663352245725116 11
225352347122766316 12
167122576366531477 -8
315465653516515447 -4
164523545535372572 4
523556477436236517 -1
536561374235347751 12
417417767124766347 -3
134211774623777141 12
651576265733566173 12
436467434121535527 12
121234225135153325 -10
176532637174135662 12
175572263316655622 -3
351654467743223172 11
621622551231156131 12
573317411155774252 12
624543623324755611 12
623531453111672344 0
245435556444264536 11
265554616455211722 10
516317521622461751 12
265572753472214742 11
556531517774141211 -9
276312434624167226 -4
461263766457364152 11
616144447714755126 -4
746244565422576222 12
647545456472114224 -12
373374436634574456 11
174322671561742141 -2
272671536522431336 1
321611562627536577 -2
522432376546656447 11
233535577527325541 12
741665264234171744 12
226312523576347767 0
716525443115642256 -5
251375655761456733 12
167753412541171722 -5
542636332222275467 -1
636155573335753417 -2
561656436537125744 12
551711343176314514 12
167213714633651622 12
173244254712772353 11
774665315637147175 -2
674333425226113415 12
223651146716575731 12
156274767134454162 12
655141621441721474 10
712147357653462177 12
267431534227227444 12
266131775535311655 12
726725544411156465 12
765273452345733662 12
625437522127717273 12
717452266433147735 -12
371562721776346257 1
673541662247147616 -2
156531135114312545 10
353767444642637632 12
236554717223343476 12
255256352376155667 12
257537745366376226 1
776516432136777711 1
346256537413257241 12
525236654516773364 -11
467624337537564572 12
541363677167344515 12
723534151566511254 -10
123667717366576116 2
231577425136663567 12
334572276225321751 7
152447176336147174 12
757656251114216756 8
424272157154511345 -12
133146642163435277 8
634161572321523363 12
214143541147775151 12
742264234643653423 -4
633423242456514511 12
643277316162527574 12
512712347251562716 12
174234215336614133 12
142741447751517532 -5
451766535455717652 3
176574255561267334 9
562177373434561752 12
474111212574356256 12
541321252332323757 12
672334323123246161 12
623416313611266174 12
271677755546724334 12
232673517345546235 10
152422416346261227 10
474514125166443556 11
553632666565574741 7
251752511112772474 -3
415713243725115344 12
617567431254431624 11
713415741147225162 -11
463225747446716647 -7
743122561134735126 -3
342775245114531762 -12
473612561361255144 12
342411613521347753 12
131165112536546753 11
472415466241477163 12
263714645566345376 -12
334651664316471757 12
136526546276132671 -1
177331645743737272 -2
276773276424466333 12
772663751261734342 12
745712445241546327 12
562323114627323442 12
563622676154157736 3
366746321311174536 12
122657656277234471 4
251551533235471324 12
312453223522761636 12
577732146176155177 2
764514121571554541 12
623617767233457762 -1
227517525335526377 -4
222315625334535466 12
417632152211341252 -12
167146443743677367 12
756135314536461253 4
525756221337754334 3
366452774713777252 -2
753162415452153775 10
123121457415663166 12
715364271777525166 12
313466753326236473 2
231641547115712362 -2
447623113157443154 -5
521566641775373762 3
531775674554276425 -12
612411775526515147 -11
411145351744115563 10
232234712616713754 3
362327362135125221 -2
412422344337251336 0
335575671441561145 9
466661731432552476 -3
653541462714447266 -1
316677226455214137 1
246747722651474677 12
172143154573621473 -11
744433445126537577 12
352114144373666344 -12
334273752334564562 -1
245413353675276112 11
654553163243476734 12
346641557527517561 0
147147625313473125 12
663272651613125136 -12
532546335731157251 -1
244141571256215327 12
312163363513314215 0
634237545613135342 12
471526461755156423 12
475625433764567654 -2
465232231233376644 -2
366634113271257545 12
222712714567735722 11
177217453345466655 12
636342277126566722 11
372763343467775316 9
762565614613674523 0
754623111345761716 12
421256574637314113 12
543554366663352435 12
662766533617541525 12
333145361731576355 10
475126115276451647 12
311631763317355124 9
231655543731413646 12
216772666611534541 2
116735515511437233 4
577152442645143465 -3
674257644571716115 12
226674113123372241 12
146731515477533763 12
721525662351736651 -12
411315733644127531 0
346177315363321555 9
231227633422464215 12
746325553642513273 12
714324614577167551 2
662111317324266374 12
775645447372337527 -12
316136151762656522 12
335776121232574651 12
724563352467772366 -12
152436537234426376 -4
211657174627717426 12
167337576431332446 10
476657524313415431 12
472731252377767635 12
633667216775152231 -3
445543661127567422 -2
744574521127217733 -2
362432362565765212 12
617753542425325633 12
713365644464572343 12
745677213423621745 0
474235147314527143 -10
164166537267332554 1
673671744626517455 12
747722122115437564 0
537335635134273227 11
421574773526237351 -12
642453566766252756 12
534577317672543543 11
733753571571123556 4
623223143345543567 12
345355263632725621 12
125636646745623321 12
141256727577571255 12
356446351417462664 12
565431551476353333 -1
337474427537355551 11
564745537654636574 12
675677741546614357 11
262553443233722161 9
547455546357212651 -11
454156333676144234 11
554374322573115155 12
357553456673354761 12
345635771452152722 -11
523374673441233135 0
236712414471461226 2
375134632563127463 12
657141361572657467 -12
742214612472423546 -12
777335542751666224 12
422115141456211273 12
357425473134511714 12
427435657411373443 -7
712351573433671577 11
246546473726422551 12
363551515614232375 12
113624422614635566 12
742467237343427415 -12
471664123725254734 -1
375633676422213726 -2
747562646665353164 -12
126524247561764742 12
326324731736534547 -2
676533632145554476 -11
137724441172275263 -3
144717426132262524 12
521671653443743775 -12
751757716514266731 2
367632172715564755 12
155612772577321631 -2
641625137337611177 3
214555214754551634 12
213465151116154254 -9
265241232617654677 4
567153112242444112 0
412624731117717753 -2
123312564526736562 -11
413672664517656722 12
145355125245222211 5
453137251215676256 2
113155123667372375 10
434427673534161712 12
231573412646741145 12
674713443242775315 -1
167254112763235244 11
243244312464334277 -4
462376244317171137 12
347673456426346547 12
454376371326113347 12
722413677462415353 12
241513375515316332 2
553415534374175325 -12
367451175772661134 3
665531352672342372 -9
611537652322467474 -6
211472255526336454 -1
535437167613745725 -2
525347266772252245 12
423333337655212524 12
735571444241565674 12
667352143641372671 12
261753263753767477 12
356126227433521657 12
213251743367576224 10
634136162421662747 12
266455531461664544 12
666742574641126562 12
112426263645423232 12
457223472737755216 12
564277776213742622 -1
151567573216647253 12
175367657712172552 12
433772572434166552 12
134335532571341763 -2
376514723421321664 12
745155327416733533 12
324375116275764721 10
622527177157524247 10
571475557675411125 12
262313261131377746 12
773371317411432515 3
517667632655743276 12
547571165723257613 -3
716562317677461554 3
125314353577247112 -5
246221146364234554 12
257727617147235456 12
243133374265134232 12
167264226531476541 12
124436612726554157 11
265267251174337513 -11
317156777562114212 -9
134661243243575751 12
136455265124156671 -12
347147745247354171 -2
241751517357355162 2
634115275321132216 -12
343161121626334117 10
321475136276276776 0
774337376245253473 11
164253367564152323 -12
262234466742571513 11
441133531656751445 12
252612146645356354 -12
274753633261323743 12
754662357333666437 -12
255625574646614675 12
121674236426737721 12
157551132615732271 12
766155324351735145 -11
424134137461263172 12
577777651344416473 -3
324545213654223746 12
124442155344711547 -2
577721215111577541 12
775455234651232774 12
572416112536565775 -12
253466744143372673 1
121446563714477276 12
573256145542262524 12
227541354436724372 12
765535142336316263 -10
665177547642215236 12
725721157216257126 -10
617743353441431133 9
666155573432114341 12
113235617164244442 -11
632561436626422516 3
517533244443312325 12
546142117511267637 12
773234725442276111 -1
653671553375676252 2
171724557113553763 2
724574372514545515 -6
222347627376443252 -1
675145665711632421 5
453654636335763673 -3
633515745717613753 -12
771513274261613114 8
651315177273424576 12
412421526334426546 12
157173211214571734 -10
515231726263233421 -12
332427523511771734 -11
743543363652441235 12
236451743327714574 -2
331452154371615434 -11
677441175242112246 12
675662746227553576 -7
761423713252126473 12
553327261651544245 11
114163357373625725 12
216246535727214553 12
467167123553147324 -8
511545241623674114 10
436753626172565316 12
647226736616273737 -12
314315276556463311 12
656616155532257673 -6
132433611243213161 4
151645611673553513 4
152233255515347631 10
127674672636413525 -11
157715622633346615 12
253177126451616333 12
713435454321256671 12
376556113722653126 12
627313353636414541 12
663154215336523561 12
275671631614172426 12
224337251647762721 12
741455342747524141 -10
444556436443553523 12
567571171433331433 12
643667311763575465 12
146161743617416172 1
236575234466165234 12
236573621136612112 -3
467761535776165527 4
755162763712545443 12
333135153677666523 -9
435664645541345275 0
465523155667213231 11
731135635176572223 2
432336457273135146 12
112566472325145472 -12
744333515335221645 12
655163432553331572 11
114447265473754553 -12
652527214214271763 -10
174467245123571436 -12
373624561362236577 0
415533143171735557 12
175352372262355224 12
517366745355546422 -12
161477465511212755 9
223741233325762772 9
556421667446463544 -8
145366624711562116 12
773155124674114345 -12
641727327137432623 2
132643244533273513 12
732314664724547265 -7
342514324365335543 4
172332267251433552 4
324546556151271776 12
426766735466722516 -1
416667414316737471 12
673337765311165117 12
463356424452153462 12
116324315562571421 11
473237356245175662 12
765712217732236527 1
127515557477716662 -11
131232745115713457 9
725443756714477347 -2
441472356221741162 -12
613423446515372223 -7
123412652554114431 12
124121463117672547 12
462264736513425657 12
345733646177444153 -5
733141362127327477 12
317763414117166325 1
162255665261741421 -5
411641525361227225 12
321122455447467263 12
333217542764754444 -2
473511541534421536 12
765413264572536757 3
273421435551552473 12
675427762367141324 12
433634237311545327 12
236522426466643564 -12
642136163457742511 -11
277336613653743664 -9
132363172422476711 -12
214725343234777341 -4
612675412116571252 1
764716366454375654 12
635217133461623662 -12
135527575473333411 -11
334116361174233473 12
443535531714453344 12
155663521126456541 12
562755434727754472 12
654667433174412376 11
363143575731431547 12
522627211411333436 12
524417242674736556 -3
273463124423141255 12
436624622734143526 -11
176357662625766311 -7
174564155654212371 -11
137241263443144252 -2
741634231165766212 -11
526613175731142431 11
371131671216444722 12
347346737744275223 -12
312236174175324657 12
746335152612666715 12
757665465435257323 12
657631112765363612 12
661236525536142341 -12
224474134566746633 -6
761773464145547667 6
657156574617235411 12
261255363554252245 12
317226256247633756 12
473737141545453242 12
743446276451273764 0
472445531457771347 5
555457763722111347 2
747645113553131613 12
654221152366546615 11
371557164575711375 12
234412451624314322 12
344751537113664471 12
635163632754755612 12
756174332315663142 -9
652571752327366346 12
317364336756427451 -1
166115361436747164 4
251272146411776174 -10
646417423315635275 12
153321625165545636 -11
611541226417474147 12
372451641535761444 -2
325715227432411664 -4
263576776623333231 1
437632751564366133 5
327276271522671432 9
416146444367543721 9
337446214552343267 11
713437161572767255 12
132575526334424352 2
761565721163464214 -2
615327624454334472 -1
712241626544155133 12
653167336174373234 12
572713664362324457 12
666557643515622375 12
566773773315624467 12
154164742753461711 -2
641132332775446663 12
377466671137174216 -2
637533211245761362 -8
576515765766145376 0
422443177132644773 0
127776564731545717 12
364551734354122224 -12
354612616435427145 6
132132376415273214 12
775632551134377516 12
453744577535364751 12
562777474553755121 5
762733357152473557 2
571114147553217742 4
141341624372731154 -2
245672413316763137 2
621247411523457167 12
523756557672376434 12
457721436333746354 11
312465265625635616 12
557171233165372576 12
615127633176235546 12
352655443671714264 12
742444174615763777 1
757516274164222553 10
276753126247711335 -1
254665627766544531 12
542673534766352317 3
632562457233212566 -12
263533141254763225 11
321135612727747755 12
715514173361673473 10
334762322626341362 12
225275445773223525 12
461373577726453246 12
165412674674343676 12
212533445341615243 -12
365324625543515216 -12
217216222211744657 4
251543461762621734 12
672634641364731375 -12
553735166711262532 12
526147255467615372 12
627471341432265176 12
257171641356571363 0
513421256525534441 12
735442565615212425 12
737477446624626617 -4
321143264716336676 11
643211431624322524 -9
646224366227451762 4
513674221677152172 -5
532146334255562756 12
675166541247256565 -12
253152743536471457 12
545221667136562414 12
664764411665125725 -12
425214327576331511 -12
317454226364471431 -3
551315325525267376 0
132557774757153576 11
316216116515375543 11
366644363141646317 -2
645731371376772373 -9
117311251724774715 -4
622535622675322333 -3
663426115547634561 5
627217713275451733 -10
542363444617433263 3
243553361232531477 3
322174517237426432 12
661352347231321641 12
432425433371163374 11
677744116353253577 -11
132717623645411744 12
454217635451541554 0
756625716232564712 -11
632633641532641473 -11
451656121562413753 0
517624772326647317 12
764625533643715447 12
757435716714134417 12
251462367742274733 -2
636521324666452161 12
647244375572471321 -2
756561717314234634 12
543761265153736314 12
221332336515666373 -1
257363443661122243 12
141132743721651735 12
433737651453343475 -12
133151731372532471 12
126117636734137155 12
265254367622131752 12
256234745626771134 -12
745231443546733733 9
736173172246327563 12
535621255565134314 -11
123643524556317376 12
721162374425522454 -12
645767771624376151 -3
154427137364317712 -6
635457343463752643 -12
342642262671316137 12
617564253526676644 -12
247613645736574245 12
752133221325557173 12
655551731411175536 3
565652113675526423 12
757311631177443614 -6
631755745736623223 11
253442112236352514 12
563676176263437374 -12
412441522746615764 12
534164651737776471 12
613766121257177116 12
466177764764623453 -2
275421765663567414 12
525226437415331572 -7
712653351652723575 12
334617743777335237 4
725562123773317753 12
614534657517763326 -12
722245373654451767 -2
737736164766342353 2
357767364513537272 -9
652251223522166474 0
421415754727721426 12
611365536755232644 -10
753646662126533313 4
571521576137531133 12
672463512552364117 9
775115143264755232 -12
111261551424722274 -10
524661116673234474 12
157121347326363746 -11
177723675312273573 -3
766674412317437472 -12
145275123456754622 10
775143442736575446 12
244346165333126363 11
523665526647374742 12
665217424763633417 3
141675242415315246 -12
276154323562744562 12
117537427235476174 -4
255521553175133222 3
341612322552264441 0
163671255234177476 -4
215741755271272726 12
154732766626242256 -4
221272146357172553 12
311561422753253777 2
764453114775623352 12
542242743562516176 12
465124426213571273 -2
346616534127765147 -8
433634662421231513 12
327425466217427173 11
112345325414742571 -11
333414722776523742 12
655547234415465275 -4
233132631722451173 4
311521575433732254 12
144663637126566525 1
161743756236253555 12
254172362316425523 -2
255623772332176651 9
131254527442167536 12
433516154756531772 12
361673175417454126 -12
711626222126641661 4
441652463751636356 12
545715743721432771 9
234132536777211561 -2
267141736744672437 -9
124444473511722755 -3
464476172364714327 -2
141436653322755673 11
634515525214227135 12
625335157522177137 12
326467164215232525 12
464523372131631175 11
612421431315124776 12
643516271627156626 12
553254145557244646 -12
766334776446737124 -12
573626643647675242 4
246162376332241647 -5
774456631457211472 12
322123133655137553 -3
532114447625576723 12
723137132412277454 -10
611315235171734162 12
235252162536414666 12
424664453721274564 11
