46317376453122523745766615573263 5
11376516752266573626547114532537 5
56275661421773361233315324646212 5
51262511417377751342661646356355 5
53256654137163332153761262211552 -5
46445642671617326723323472655773 -5
15435536742513411621564253342241 -5
24714231635671275533127162662345 -5
16737726536112252277123346656753 5
43262253116465777414571646576334 1
63157156157534266243627325372346 -5
65574342566212517527563463624417 5
15412326316273767134572253652773 -5
76372524771226645113444367252754 5
67124644532127651173433613227124 -2
41632344274257463242511321753156 5
23674332646447311675211457555114 5
63331635424613751271622541563165 5
23346333325544211646547662212111 -2
61757342423437266752411671461132 5
64621671744532527137342543672167 5
22313562614311657622263671535354 5
67273456374554111676733361464174 2
62742121456135167235477251123764 5
32546274513576354662112153227365 5
