76536141722 -3
22426776754 -2
14556525232 16
24771217665 14
63613415343 16
65534644772 4
75736662556 16
15655345647 2
44575463237 13
72634432361 0
65514654143 5
32456251534 -6
35354273511 9
13112357335 3
46467642665 -4
72245737412 -12
36547163115 2
62161651652 4
31232361613 16
12515515312 2
73453744127 2
35744454357 5
61212234635 4
41641534326 13
13524524717 0
71346643471 -2
26273613544 0
46771771172 -4
34531317354 5
22264551275 -5
67774514117 4
44627573313 -2
15251725527 9
74613654315 4
57115552443 2
27174623347 5
36117715326 -2
24761575412 16
47225711714 -8
37465314154 16
14365623161 16
62664621176 -2
14211242665 4
44777677272 -3
56631434264 -1
75753154114 -4
22133146114 2
65241433431 15
26763513246 11
21243636367 16
21461211353 3
65665242221 5
61455754514 -7
71347564366 3
35267243613 15
25475627755 -5
16344236736 -1
35363612471 -12
52516616531 16
63155331237 3
52733166731 16
31412137177 -9
25737645536 1
14633447374 -10
37534711417 -15
11524534351 -2
71471665216 -3
36757657447 2
66147373713 3
16376557672 16
45513247375 -13
13574345754 1
12773326674 2
25524624544 0
14612216127 9
63211527534 -2
46237213761 5
77757742413 -2
53314474122 4
37777226462 1
37662221321 0
77154242373 4
61142431224 10
41476423666 -2
55142577472 5
23544666237 2
36756555135 2
37117473252 16
15743156661 4
72144347627 16
35247374523 4
47374646553 -15
55662351622 3
14573121621 4
37754643346 -2
45366441164 -4
27465354325 -2
37126262632 -10
53332735455 -4
63422766415 -11
73654436222 12
22744517433 16
54216336517 -2
22445551466 -13
64624415141 16
17265422261 5
76112271231 3
17221657421 -15
63137715376 2
74574126344 0
11324656147 15
35562371774 -2
66153756145 1
43767174545 1
12671112672 0
15375317271 16
46712645235 -9
27161766532 2
62634372427 16
16246524324 16
71466765276 -4
35263666324 -15
63263243332 2
55556322471 3
63131347172 16
74337317312 13
41173517461 -12
36672516312 16
24643427636 16
43243553715 2
64615727341 6
62253664147 15
47647467224 4
72777246222 3
77137144256 11
74367757124 2
72433332255 0
62314663756 10
25352421414 -5
25714125757 16
76155331732 16
74344423243 5
43716663113 -4
51547673641 16
22316621374 -11
16447223373 0
46537665673 16
74456245651 16
33525736723 -1
72215434561 3
14614734275 4
65313577626 -10
34744732771 4
36164343525 12
52725737243 0
45322541421 -15
55574445345 -15
65272311765 -3
72736242155 16
52341432471 -2
64575124633 3
72154764672 1
33766126114 2
64114166524 2
52433456774 -2
13264453431 16
32337315513 2
43341374421 9
14166134341 16
57656256331 -1
44136624477 10
17745334311 0
67123324736 4
73275737716 -10
47236411136 16
37642415332 12
12471667232 -5
27243337255 16
21111722121 3
