163212775414276226773346326145 6
221311126725376474752317733245 6
555346776752624174215335611667 6
327633311771765317565574644453 -6
324241156717515451434237155466 6
342642261552756275511527413466 6
516553711431766474456323343616 6
522611614726163755745115235672 -6
174366472376443724613362654725 -6
754766545547122361445162562167 -6
351431327511134261236276346675 6
622645711721742451676636335235 1
154115427257657656541214227331 6
626611123564265215322755633315 6
654353227356362713657677241632 6
542446323717637664645537112274 6
661634571541655216554231736323 -6
543624447755736326416677721652 4
133167234471527627344345275462 6
255675112622535143143362236174 6
147467473147623253556173412324 6
113534774227733271654235342274 1
443227566312163376751112167255 6
212616264273672514543571144716 -6
571345372622615367732466154317 0
754712214532276246133626751431 -6
216365572412547516727246651564 6
464246643425457171561327577326 6
773437577356522461327663164461 6
447514152751626362377255761536 6
162454675546447615677124727221 -6
476127652732147566415721154146 6
135611426253352766421771335465 6
472156577264235611423125621366 6
712377412322365756467766143421 6
171371554771565622433566623462 1
645732214215454416576377655234 6
171532311677255312252144376745 6
633716745522714435613212616343 6
432572165743737751344335261754 6
651557234577426322366454142547 6
513154217772533315711765434643 6
552222666333753451565723467423 0
755422264666514415777631147236 6
725415476673123553715137231653 -6
225631331614561571775373726614 6
374562171642267347617467111332 6
344722241574672566425666133277 6
727566563165253762472765115122 6
237441626122236775465712476375 6
571527433225456167425624737666 6
761634754411614277573613634633 6
454571776646313312766436717341 -6
375234645726222116771763237541 -6
157162221766653341567376541773 -6
212511657613373542662637135672 6
717647441335552665675341124476 6
436112232525465371663344571532 6
724666651565614173442372552757 6
241541162177743366243162245626 6
557614436667235342747412311722 -6
252552726114467266556447136443 -6
152346311763316315667716727242 6
166543763777253264527546547512 -6
145634423337513167523724166145 -6
567624263223175734176372325461 6
675363316247771641144652642314 6
274543421334266231415516522656 6
715246346646377435624332214671 -5
464575632561547534225116163761 6
421116345545477664312423733735 -1
614463227731352362762571557257 6
165624563537651136717213462432 -3
145747514326136624133551472143 6
711166626537335317651753344677 6
561646177131125221257335755423 6
