622173754636517461125235342 -7
233647715562146257173411154 8
376356643563124111752731257 8
237555427623427226176471375 0
314442521721467566277714625 8
154243447117332367312425513 -7
537124753675377721326166431 -5
364764715245426135322367461 -7
743722444725321311736545635 8
734135774562532271551156333 -4
216677276213454561211653547 8
751271577466572126324311345 -7
471632727634716534122562124 8
646537712143355236451222251 -7
553211721451666346276743553 8
724776355437215523732266124 7
376246242577635771162442235 8
724634221766131356277346355 8
312337762562467712643375546 -1
256173155643561132736342522 -6
221333461246654231716315771 8
566443271573722762451164244 -2
325462331127144577364715654 8
565532764263762711425617717 0
452645726416636417115156733 8
731333626471572576321566146 8
632625724352356671443452676 8
646452223142537476473711667 8
637724436314365113366547717 8
372412432517645165335411426 -5
273433245647365177611127476 -7
364776626112233557252651174 -7
457165132166712653467731742 8
166625756337273142711711533 0
622114361457776323534571673 8
372723364245226124753155671 7
234252115454274517426735734 -3
721445517637717322251633367 8
675437763624514254627772451 8
145165425447312546651477523 8
247733724215112352116726636 8
632172644767232613254631757 8
125727335124663746721513571 8
542614367633751365374142121 8
563441313225233221157644534 -7
375642452513426754327611137 4
113372477425152463221445373 8
747173515635676524117273341 8
214743223376665534623227717 8
416435365723276357431661155 8
764476564763453451331215573 8
625576371224767313374345662 8
316367321473535675546724112 8
277661453116354434415617656 8
132527423417377551716533716 8
545715566736647323253542121 8
126716457733436441171723552 8
624536277235646177354113114 8
756616726222213174614443343 8
475723113715725335225666646 -1
466772424113623126757511362 -7
765737577661113645423753524 -7
316176371625735677233311245 8
462626652755137417317631553 8
632445177211417326456325515 8
252767563442716321171523765 8
253734737723726161124621462 8
655613373637255367637472226 -2
232316751661523712325746214 -7
154366267736521154145557423 8
315235776254766711333526421 7
726635165344773421533154277 8
763131451173515726427632231 8
256544436775162343115177656 8
437641542611337227525344312 -7
321433515254731167256777146 8
467431645431571762577532421 8
263414356633236116227125775 8
647516627611673173535355424 8
341212346321171655737626642 8
257731751266144131752634175 0
452277575243264337521124631 8
346743636675177554524312512 8
572514433563212236176175561 2
477114626135453454235672573 8
231621337416621756547433775 8
714722446372733237155123456 1
654725316441612663351257424 -7
247567155711421316246672373 4
531235117627442331576524636 -7
566627134446244175125611557 8
242145753351216264251653327 -7
425625133441746245576561312 8
372143156145253314576522347 8
572362267257141774463113574 8
672564151256246525733236735 8
437264116675441623773114353 8
467115356167525672317552674 8
252131626314757544527724347 8
217774276277525512614643436 8
635414477221422215713335364 -7
233264444656237541526215114 8
531145246744521512376572367 8
573372266651447372516737144 8
137165272423553251671412343 8
331134527652352753364224476 -7
344567336721611673317631127 -7
737146154464413663777374631 8
756133754536261342264444316 8
712312554645465476624156524 8
274665463145655113222567137 6
626771763172676244251575416 8
746621273547551543521573667 8
523177332216256131671646546 8
355357147266536311727265261 8
527625635516222311734736671 7
634761244723374176166257257 8
711275326753541266351167133 8
654664751152133222512256143 8
373451625256144561675562412 -7
534727543526324735727412514 8
154541537624443667615472521 8
426527647324753773246511127 8
577613454417732253661744655 8
117637344453247276126732546 8
446312576513222763577147173 -7
137453547245676226752715147 8
144164763577267413527121222 8
575764772256152652432123115 6
757534756643174152112133175 8
517627234131151337425255766 8
176374312241151622276655715 0
133472316453157227747635137 8
534326162361153646356477474 8
166334714612165522455773322 8
424354561647313235717452651 8
527535341217674324264214613 1
231672526527217512437647146 8
222376143171535234346676462 8
614625756245362255241337357 4
511266351514774233537421327 8
434277211415776561631541465 7
721673457736714316315262614 8
166643515471574774223713322 -7
663764733544351725312167261 8
643167513361572677242562553 8
432175276565416173227216274 8
535571423534724664237667441 8
114373523217227576467465146 8
117225361446156323115572577 8
443712366545354112716763743 8
375612746165347724533265424 8
376572465156417271225643241 8
362473477164361621327625521 8
621536673753726752517315742 -7
271161576234357234124671516 8
132464317577135672211336156 8
744732262743665244517365617 8
267342326325255573112714615 8
627425356715331122375327665 8
323445176552665471763473566 -7
542124433644273457613271167 8
253113314245775157413362625 8
716255356623776216565125742 8
745613326111433225114626355 -7
476752145771471413631625615 -2
161447615235447231752217675 4
744722257714612713647365545 8
235725641746134355477171662 8
174413366761554551322473146 2
163632126413352451712432776 8
765743172522652766317365231 8
454573165421157643127547227 2
241127567161771442224355355 2
612427653315277464173246511 -1
376745744117357333154752226 8
267266716133157322676157157 3
673512331653267147265124513 8
265111336724345477661213576 8
443223744114173761677735511 7
363221766215413353167417565 -7
312156247611321553253674477 8
613154473722654236166251731 8
175671166557253653747331474 0
777323454511764516645122661 7
556322251574441666715634412 -7
562116163373644747642255551 8
265717675432445612262146411 8
766652475623737223472135351 8
317627542671556331254533123 8
435222631561171754741641465 -6
354262335475622711766543751 8
721132265465237627761213133 8
653176537424521316624511264 0
713555147621373611664745427 -7
756551255126665314322332677 8
466337516412164743732612315 8
361452637241565615114765343 8
715122742543225661635377331 -7
236242473264517375664361464 8
142264752577363626451142213 8
141673676657532633755317444 -7
132364565532643463521175275 8
467326512454455373117124126 8
763731135456241212434765657 4
365116737245215542261353357 8
443223417743571642156164156 -6
347474661731226511525122351 8
245137723517654217734165216 8
416447451626573234371153614 8
577513514571336474122461561 8
224372352125743516145445371 -7
265427456137121525765463775 8
362745736534263134551412277 8
622467412734267316411155464 8
571513743574122153263576436 8
212267416713416541567527775 -7
646114612575437734571553312 8
215324176643642131317755422 8
541355344371662114162372217 8
667471336552113533673455712 8
571255641632413263254337162 8
124744676324715642671531637 8
334215675667123445664333625 8
316326542344217652145275473 7
675474452211741173642226566 8
653612376655714323127311573 7
531654766543376246417736117 -7
217325511362265413371464217 8
352774656174673532547243132 8
646624744153247731321216456 8
647274156246563125426672451 8
116552613757163473747463335 8
646136275137642236112323355 7
631557275777634616215624153 8
233654726364212634577155611 8
667522715546156326243411541 8
571572232627314617474354346 8
261563413225536744117436656 8
137241674145657477252142326 8
463721153157457217573612665 -7
313622654416515155121323567 8
745176566773442243552115626 -7
112314324276645772437136641 8
344723315572627432566445117 8
561147647215365473542352377 8
523416646731425676134417736 8
723734475565466236166455437 8
452216417126437775141362575 -7
753174632677462652436375415 8
342652237545423755762771671 -2
257634716314632744723457256 -7
742377215414553326713543676 8
412176152652173336526552673 8
261242766553477432361147631 8
551376464647275177743422316 8
746712732171554365543252361 -1
213663112773153666455423776 8
145261353316672712632662512 8
726622353571415311477476313 0
213324577144577162723635623 8
415675246126756373414527163 8
676523163212742524745141165 8
342361743344127771631556175 3
113455111227763444336342217 1
336633754443712252131217562 1
152623715125133145645744437 8
131266627344612337155637515 8
432256737165464733712465474 -7
277157234735266452153363126 8
526257523136771125677615732 -2
166246771247513563264314172 8
436525164473121733416527425 8
341554365613751734712736722 8
561475432573171523463352324 8
265237176615743211614373763 8
455613762113447532225642735 8
423576351213513746771215465 8
422774323746564113516537155 -7
136416322471776226115527557 7
345316121174735712442635672 8
332115561256452371352374311 6
733537234121124274651451663 8
642717266142734217336274531 8
531335624762461177121144665 8
675621414354733132553677426 8
172261243252757373116165553 8
556434377614532653465266122 8
625456143574514323637122321 8
572356462361524713326537614 8
243644766553651777345173462 8
132462721634446671334351267 -2
752423665613143741127724175 -1
776453416525572571773612626 8
433526471177713556255762356 -7
631526734234246413762246715 8
536634712561426253456727721 8
267566117445174636325235231 8
711226372324316412653324756 8
465271413145266763631332151 -7
611564742255414615625353743 -6
725427163726622753641175164 0
423631641175735166313225534 8
551623672336366741117341542 -7
672152736634671256244521456 1
715635241221661214356232736 8
761254417237312643652113475 -7
633357131125722752721463774 8
136773465743162452471624373 8
663475213757416224431655735 1
166555742726254651314777764 8
143142533122335564623417275 8
336524115747627572337256461 8
454364313127746571241552766 8
761153726542225244346541764 8
532432726137145621672375246 8
513235362412662476675753257 8
353211624243256723121737547 -6
345312716456277512734566735 8
771252235416746642672437651 -7
552726177256311322756362341 8
756242215467253574426724367 2
242555621677271362447547564 -7
443552143445676127754726727 8
735631775454152134751721663 8
156521244635621156127674273 8
254541113671735256276216673 -1
375774143346126326736556751 8
167347242361665721751473565 8
271171332535625714364437625 -7
431517266577322154723426645 8
324425617614775324131176532 8
676357432137143516227617322 8
567177574257463524152242461 8
337171351323514664563522274 7
376326251415427741241171432 8
264146133576423452172457336 8
571615775574536246437132561 -7
543522451421637663337231554 -7
161523774174426714236334532 -7
776243253267261417167357326 8
276146215445765147535276646 8
165574611346416223272372313 8
667236315163611224532776513 -7
573275174546344631116145676 8
322567225256771146344277165 8
131564462334624675243365557 6
464214466563776471133245215 8
632514771137523632447666425 8
234134656277341752724557214 8
244356137216755551364247726 8
272652221534735317626653143 8
432457152747466352746422127 -6
321263452467343676237717125 8
126611213756647736755164224 8
147427446347326536735236121 8
247232325511417675161554671 8
341144212671155657233454622 8
144762714223237657656525177 8
451311454216127423633377541 2
731565474775214456732162414 8
716555226716742561176214143 8
657124256312647457563521316 8
172156145767751244136354622 8
171422715754276542662733536 8
543316247775632142725134261 8
666413734717657553254152621 8
736465245541221577157346637 8
142327626643325523771644617 8
667236453232671375443621144 8
217423675136621143752672615 -1
265171762346575342346517541 8
224766411445256633771757332 8
354211652261315311735777237 8
326417724535611225175435627 8
423335517144621677443566576 1
572767467521715336364124535 8
155114643223764512666414235 8
514334173256714212451314567 8
416311251226652667556143332 -7
677533221621651443553624753 8
742151611566337245525115743 8
371255276174464522445163141 -6
233111157732242352646453555 8
722342761655562345621151176 8
275313521761325215217734236 -2
631545312266661214571773472 -7
277255612716433211546454375 8
421455134116246217746517524 8
165745313226143356614277725 8
753141232444171365663315275 8
555212313161744362731576132 8
512172645411365577345365722 8
721123254453326175115774122 4
514417334515745313764266242 8
657767513457237457256456113 8
153261354217717115666226743 8
161341275713452716456372256 8
723577466721161464575453431 8
132124332511724766463663442 4
234665371162322645557724147 8
535367354524674623516177161 -7
463614625453713641331716445 8
655421165732624171367552753 8
235665516617763247431224364 -7
435614174451446126726177222 8
253172761266531357461475753 8
765345326314312715354462147 8
321712516465441717233365565 8
612271771675146435674425173 8
545633726312271744654743142 8
174245515654461511377737333 -7
426426251671471362564543556 8
132231653622451154677175766 -7
455721673313124611223565566 0
677247123371451642512723567 -7
366241352657351154117647477 -7
554552732613711327472661461 8
153256763463772463711457114 3
413632544322762514215126777 8
252546726571543317176553223 8
611174554443562335114652317 -7
732543611267413311742632565 0
424437473145326127766325513 8
214642533521765773243763227 8
715716426643536565724251732 8
264242233672716146651363375 8
625714374561723176263463557 8
652616733152344477422711766 8
316275122776437532441633746 8
362771245667253764117341743 8
231522166522631163713775167 8
575513326114244125474263272 8
574512533746613471167731134 -7
775662222475613751547333121 8
432443162761161575526356247 8
543525156326372176426347215 8
552316635133717127626256441 8
723533116163661255745443753 8
666174315324432362771447774 8
213664227326344455642677216 8
676322231354517751263517551 8
774452365741651122743235466 8
126255362634433715216157374 8
153522637566231234476741217 8
