33741476254356365121314566 -8
33566314665267173712714724 2
14751462366451441222176337 -2
25327326363115143546547175 8
67415715133115664477653347 -8
76376735176575226446422431 8
35726347335727452116426255 8
63273721571266447713351653 8
11315345775631164266215427 8
51244366265714174351733624 8
51233252362162614474635572 8
23517113227662627744473543 8
25215175355724643112335467 8
14466771562134363215415252 8
61232562713315412417454347 8
23236757443216517521243132 8
17467256123674356557513326 8
52174213217434664551731642 8
46715236134675572357422331 8
76442234376275413327522761 8
32715662175453437331637174 8
13236164416322475432155657 8
74343316267312566361515275 8
54245374772631465235662173 8
76335152354714317432636654 8
73255651134734135146273665 8
15456311446513527762315523 8
15121624776671312574135244 8
46724655721426614413775552 8
47624315157672267231512617 1
21622463415614477145375177 6
35445123331772216145665624 -1
15526347233356671271516467 8
76463331451237643523165421 8
53152231635714457467426273 8
36321371622451527154367511 8
77441645626232614627764133 8
27774261413567471375256664 8
15765245124326174627736464 8
27572764462645146252161365 8
11643756335376746736221141 -2
76574472755213113166252613 4
22244563747214612613152137 -8
22735447677511365535163321 8
25541767151137424235432626 8
76266634543111333671124573 8
72164657467343251233356571 8
57121772651564412516646332 -8
53212475377562254162726614 8
56675313342726756111651571 -8
63612412251755372357562465 8
45233357517244227676166521 8
72754236661531333657265764 8
57641275464217222511435632 8
52143177267545426652567231 8
76622177163254467545164571 8
73245757236212454665412315 8
72316332633547564155751157 8
67157475223662116743261145 -8
73114577314667236325535251 8
31174553244672446311256723 8
14217321331227142765767653 -7
51232227176113541223356766 -8
53257131576611222376613654 -8
72335637557563715462336664 -8
63237624263245557451314274 8
72151152723434357516466767 8
33216317536122566755725254 8
74354771233661764741142565 8
44717142524424163651177535 8
23443246116471164341775152 -6
37555172472664136174553711 6
66131523515527623472175744 8
15353711746116127243546676 8
64122364523374564166471763 8
42674323276354162477157136 8
53756426457222311777563137 8
11112347636135432432545525 8
73467566232245274155641653 1
13711653245351376266447674 8
67314567511173162272443534 8
71332411757557321142654274 -8
61751272764443646445153711 8
57751327727564666134761223 -1
74133251716375522457251452 -8
22253425757161664317635573 -8
37111762626425345314555746 -8
54573756755162417446412642 8
63226455173325314612624641 8
36762422715711343375425642 8
27352361345647712114726215 1
54417267352212757263147456 8
63572633527775712623617412 2
11166622757213354527773324 -8
67674533712154471367234544 8
23615716334416251543753767 8
36731236136175245435371241 8
65432261751172122761317455 8
53511455742577226363216677 -8
64145721675453311571123337 8
14555171222244562777364164 8
54541731621457423323611125 8
63345347213224535176427511 1
27531343466737652276541426 -8
74365413275116435622327217 8
54613566643352671146331417 8
46173515526431572423246662 8
14551127173652373144644465 8
42617554725422553561367133 8
56512515764422522315734173 8
34211176416147525567645775 8
67277631733435667434122655 8
35444357654774635557212116 8
37165414426157756274754246 8
24175642763322645717733611 0
67776415313755647122733156 8
72257372173145116733574562 7
64435435317156256521264713 8
64125617325123627567413437 -8
54124361475665476323516411 8
64532623775564127145226342 8
24321167774147745365354321 8
45766233245246235571667114 8
17415654467275672143715465 6
21577635735125271412631274 8
23673454271633612471725565 8
34131424672361675337415615 -8
56641471554231473224376521 8
54451231476245713473612326 -8
12412663174277347153471217 8
25557266546712137467627336 1
21527724521426613735463372 8
63171435241266475621536344 8
33413326112475421416642727 7
34263727125335512763147725 -1
75461124715521776316424541 8
31573412752363162724623765 -8
66422563261454133657516447 8
36752434361336616757477451 8
53176425521526467771127543 8
21221766733167554433526516 8
13764434463521526251742526 7
14453413772735243276723326 -2
41617311163565222277266773 -2
52732111266343543674547216 8
23646372254733362467475411 8
13764616233255724137175144 8
46115115421462156743777326 6
52167223351611663767544275 8
32627515332762745161166275 7
63731432554576642121746653 8
42231666274153727545744731 -1
67331276312621614514532235 -7
73136352547632674451162312 8
66673472443162135615374641 8
32645457262554551312431237 8
57132767652364413176636245 8
22755241767346633133544657 8
63116727352344327126552365 8
31515477654346274512771661 8
76276547432435145772312675 8
27571754762525613364413564 8
61223315264327772134614647 8
27774643153632466176512531 8
12745275141745216263453672 8
44514613377632236342714567 8
34511572271733521523642142 -6
12255523133265464725534176 8
31476563731126352674474551 -2
14775232736347543617573266 8
74573421227755345165464122 -8
47531457441662136377664531 5
52527656731433416147263247 8
57243462242571415765156646 -8
55177642377436115575174441 7
32766446533521445271453714 8
32426161167513624755471433 8
44547632113774624235617456 8
52345573721176364251665445 8
45175226736174267657431572 8
36614753135222751162563624 8
72432546177251457253713536 8
53372122125424321311567477 8
31521453261627653736617124 8
35212513714253766435441671 8
22637236141731534147135357 8
57523473441142761325375417 8
67226154431333576276124377 8
52373257176661242316624454 8
13517647741617762351332561 7
15763242165134566636277375 8
13274162561436745452363312 8
14115751663325662517447722 -8
53317413415122672475754666 0
45266572235734316711713653 8
34167317717345265145542122 -8
77244153511744755375626633 8
76251146117363574521612553 8
64473672666231277451757454 -8
64236327344561127214175721 8
14166757325537516444743613 8
34765615662542713241731315 8
21376242411767754622145365 7
33465512725652317366262573 8
75315277534424433217367376 -8
61347514416732257415533126 8
17643316255322572165111435 8
46137665333546773754574365 8
41235421673776146163165347 -1
46654733164222321656233467 -4
22326462145535174566746367 -8
13742415773134136256253132 -8
23171627437371516756527562 -7
16462375272311674536375314 8
31674555523243322671511676 8
42461374463777537531532425 0
46475124164673113575575262 -8
26273157235417454542227776 8
34421733742161552626125425 8
52163376741634614252457634 8
12615563746211347626223233 8
32556415317233376627734117 8
34122174324255667763545621 8
56126315517727322176443573 -7
53714773162324673144613626 8
56732354522312471527163771 8
76123715111725736645365153 0
57653462135564262341143172 8
37633475473564224651261412 8
27654325416451461322517312 7
24125713412417666153543746 8
12433722756726664116612773 8
33266472374735116654251564 -2
25531423775267172614357627 8
71315451451663674621732132 7
43263463654271122747661773 7
17433122156467124112442535 8
23433744752672773132144511 8
55236753714335126543623741 8
35711344765232211512543164 8
56167364714735214611527343 8
71376465461663111732275525 8
72133137735216124454652313 8
56427152173661653452213456 8
53546166512423241167371561 8
17322135156224472437716177 8
73113421565447572266243761 8
45513622155476632734536623 5
34727641653762142126356542 8
15554571721236317441463464 8
45362662527345712165347421 8
16723357626663132462347727 -8
21751662445674636151375634 8
77667231175466462214542364 8
14235737512364511314334716 8
34436672171146577124274353 -8
36746727245563462255115462 8
55224763571134224543624163 8
77753754562243511273363641 8
67714374563555513424432213 -8
13622116466127366447535337 -7
11777635213754642244356563 8
73755544114466223321617527 8
55242615362662114317351467 8
64462373536212253375723615 8
72547665147341241457215233 8
65375766267275543272233623 8
33165166761253254275277564 -8
63645414272732731557226515 8
25451376173246236572173376 8
37713544747227562565764115 8
13554171324326351762375326 2
64731452277146641732126355 8
46366751421314751653327144 -1
46644571142516215723722451 8
63464527465525175675226331 8
67342225345642617736427361 8
73521166232416434665314213 8
55167461742667627553211275 -8
47337215672161516336142735 8
21437135254266543673675451 8
34637625351531574162123444 8
16162351127724534217453563 0
74531612465632647373631257 8
43271322133541525673437216 8
67112624227751434665543123 8
22124326765211567525176443 0
72477652663373725321464617 8
72657434713522162131277413 -8
37513565644477213362132714 8
54233362773411212476227116 -8
74265662631751123647457641 8
11641511312475375764357256 8
53467634527327254267115144 8
34671465124644725721757433 8
46571543221667521352636775 8
27661742531274341742243116 -7
67244562777264173332261643 8
66175341421773663413223271 8
13425462475655672415154167 8
44314615615342174533517712 8
72172252317341257673465513 8
32653715512462476657116625 8
64441761257633476273173712 8
71264315652332713624362454 8
62562562152633177176253211 8
23241326425365421133753571 -6
72531237263747715324255641 8
37241133145665477217724565 -7
53244573661622771152112635 -8
36755217121461344754712316 -7
37541534534135571653176613 8
21347767164255661354165337 8
65165251723117165542214324 8
74666627425421715512316432 -8
47434722271652517316562447 8
46172153732145316365224725 8
76456624774634517357333742 8
27263321737154467357446441 8
57231147556242223541537274 8
24651216553335437665163256 8
56756316764732535423612775 8
22237372551466354123775377 -2
11427717163743125465245364 8
66743251534471622434177351 8
34715254722636477521134563 1
27762261656135514476573734 8
76267551742141321347163155 8
35213773125543653652114747 8
33626447426214562477162376 8
17733162463166547753243132 8
44433156611162347212467157 8
36241634667551341223417732 5
54755277741371612642575435 7
15733212356647322144264743 8
42512457175513276112462674 2
44211724735244653613517716 -1
45261143446257632773331562 8
42253445351473616172417623 8
72163143672154431515137776 -6
52612736132234554261154367 7
62735253261521644345415216 8
22637265565141454317677236 8
11246345763263752256644157 8
31742551233114577627736463 8
26666757177447236443454155 8
36216167134712452775677345 8
71163417226524662617345335 8
46614311411762623736235777 8
12665741527125752657746361 -8
74775521572463623215675223 8
21544317663753311574722241 8
67245137562415714741256436 8
54615322631527471377366172 8
45675621231376446257114613 -8
67242175145365326177143175 8
15564675573367533457364211 2
54275311754676435221574463 7
64145136153355444261273215 1
26562375726717623461544314 8
14253643625263517221571677 8
21222417122535654314316734 -7
35766425241275641266117737 -8
12336235156637211522365442 8
33163476264555177162377317 2
71443732664236216327467142 8
15344176551323162741664532 8
64752677251331613737256414 8
45212547423753257134124652 7
36212147717645646564127234 8
14352152457775543364717665 8
53171646752762514537373473 7
32242436215613773772735651 8
43155115267342675661763743 8
36271755644751763733552312 8
74122554273636143613775552 8
63156531432114361456257717 8
47632362317712561537613527 8
74361214662166223422714517 8
34535117355773456642456311 8
61254722643435464713566735 8
41656117122162477226456735 8
23257146731756452442673236 8
34711731711456754162255742 7
51273565641435434321531227 -7
74544625266472312137352112 8
11627765134343272566476452 -8
66751163513727241136135472 8
24737342226664327156512155 8
63113727464563257457447233 8
21177565534731423625242574 8
41663231252754267654374364 8
25336665312247713644757146 8
27314561261542136444425735 8
45437657151414516262421746 8
57433257241515776664444563 -8
34416246217456636235313514 8
11316256347664457253253423 -2
56312734635674174426411316 -4
45551211332637622152337321 8
21335462134732414635532675 8
15722667643713466232445347 8
45346776613223517712247134 -8
35211754436223532631147752 8
14354331772626375556456117 8
51361312674354162277367523 8
66432766132326757541713251 8
14262257632536472553517216 8
13342751364165767455315622 8
72162766451667447554446571 8
71343215151233623623767641 8
22361551622653251574174644 -8
23213731264366557536111775 8
11432355577241347631432276 8
32234134561662413741225665 8
45376127536254127614616472 -8
14442472466117674263372356 8
32347312356527676636321241 0
47562441425574661347213567 8
61161553472337663546544522 8
72725746127436165753612135 0
54563237651442675125231331 5
77426675756145224211644731 8
36525637144161347273571421 8
34237225644727324111121676 8
73375615634134672464721625 8
24661742133172476335476364 8
54273562441216733676621354 8
27536476561326221141651237 -8
52316472326547257451216745 8
15445673763161714442153322 8
46571463222676135134572765 5
76464271571575426631216272 8
14732176115614364542654576 8
64532154167276444277611335 8
75536771265631442265357112 7
17542661146647516713442272 -8
13667731154327443214167551 8
37716726155516627341257123 2
11532164326634135673374274 -8
42251364427636355231735415 2
13524771671441244752661575 -2
56143245776432712466463155 8
72347737667534225745515111 8
26737156356133543427621671 8
76134133642421657731254334 8
65667625243341721451367455 8
17137473275166323413512664 7
72356326673672264547744114 6
55317472172124643732215556 8
35154273655245765634112171 8
21722347467624412641733575 8
42326264762545211133476635 8
67773257743261566215136315 8
13763672557316222241642715 0
76113231253251254457661376 7
72563235142214616535765357 -8
27341251656264165767444172 -8
76174523776112673245536351 8
57477224311611675313442654 8
22431365253541566161564442 -8
63166153424775222331751635 -8
34471116411276325522572554 8
17371746725134333211474221 5
46754766332121216314677643 8
25432616757217461275514267 8
55212631255443524717633167 2
23444535241617634673666772 0
43562552424264717734311133 8
27523216617115546637764426 8
72761536476421661313542365 8
35557234126324775431652137 8
24541167556252647143751534 8
13617175275435364515466214 8
52416123371571245245671336 6
32645655144235427727136357 -1
56122127474511624537257374 8
22573415617616345561744641 0
77311333732752665444424215 -8
11537175465233453725632546 8
11123452436166215671333446 8
71452666615673143422645235 -8
16657352664453145261173437 8
17425453722345171674674324 8
51142143627721237345666565 -8
34266262474627235614534574 8
17654311546371761247174233 7
16544571141551473326716572 8
47137125753726165664363144 8
33125145172615762167475736 8
71264445367745665411172534 8
17414755731133724536725457 1
24641567612643674112455152 8
43752336737552252361364662 8
16762217567257371451333761 8
72254651155174116236146354 -8
77161162443555452411132323 8
72151241633656245574711637 -8
45137265451752561766313676 7
17341354557275613323441355 -7
32413563454766742131253724 8
14621223546671556756414234 5
47126347165572431334316647 8
44352641167772465241316756 8
14115273332526167235147351 8
41236751153233265235465116 8
62257137121355476414664733 8
11264153523427416465662737 8
52262373641773425176662154 8
71525554311664632245321635 8
36162451436723353254747624 -8
13645754755522441475711741 8
62667715227454213732514376 8
16447325364465267766437137 0
46335225746167121677323445 -8
55644666624717772723334271 8
77541335662763675541212314 8
