626132235532 15
671173735175 15
123546233345 12
367335547773 10
421512541224 15
775371754143 15
225546427711 15
562643637643 -2
266246545655 15
572316466235 -2
771274533427 3
241366544241 4
523464735173 -7
352275741734 8
211122722424 -5
146514567614 15
665441666555 3
676365314711 15
525632755353 -3
753656262353 1
721447316615 4
677515426443 3
433176542551 4
761772423515 -7
445764634232 0
471417454546 15
527455332426 2
754756537635 5
347113244126 2
645373122175 -4
766173724222 15
261734734652 2
357342466151 15
446337577531 2
531535574455 7
155125773525 15
334567145152 0
267571577676 -2
633273117714 -4
462163224441 5
616261362632 12
453455755531 2
342411164615 -14
176616233631 -3
721574216174 15
651144751155 -2
722562663744 -2
156156725445 -2
332462354566 12
647747511523 9
752117573365 0
745675272774 -6
316555245672 2
475553524213 13
545573376444 -2
641242654421 4
355711154672 11
723233566241 -11
117525757453 15
711452717445 15
631521547226 1
271614776741 4
657472463315 0
266273123274 -15
562225712653 -3
735613721244 -12
675621311771 15
352735751444 -15
122614754125 4
623752175513 15
213133122672 14
522355147474 -9
746146234451 3
713226674747 4
763224332717 -2
462444572374 2
534574124174 15
262253111611 -3
724566746443 -6
337537765762 2
164713112726 12
214445575463 14
327442135352 -14
567145567264 14
652232225432 11
631452526244 15
511115376554 2
172534536526 -2
746373734625 15
444145157716 -4
722636157143 0
164724675171 15
512411343213 -7
322232552724 2
421162772227 15
212243267546 14
245373416376 -6
373453513364 15
747671251255 15
316555641563 15
543142615467 15
534251351756 14
466143422152 15
736215463752 3
654575224173 -1
666671444553 13
272755331274 -6
254374432531 14
377114262751 8
265521361625 15
535453412264 15
723136437252 -11
314114773444 14
155267246442 4
536223326734 11
361344677432 -3
151361426537 8
564411731477 -2
665214354167 4
145132257563 -5
314567456654 15
765176246321 3
172623736635 1
432177662712 15
212271142537 2
476166161665 -2
635424655772 0
567237635554 1
445672523425 -3
145213542341 13
511215273173 1
314414676517 -4
544442611726 -2
513653352273 15
244113741741 2
545356354612 15
354134643175 15
335715547225 -3
661724652422 -2
455257236372 12
417567323665 1
575433457262 15
176721441645 15
722477764154 -2
127351261664 4
423451217226 0
333376577444 -4
657726567364 3
732557544735 15
254717755642 15
616151776233 15
317745731377 2
771422237454 -14
577624141427 -4
437312357654 3
754255442552 -3
262467217756 15
651465417642 -2
157371343544 -15
713247131114 -2
424352766616 14
356527675167 15
175355267145 -2
263654142561 -12
462527427763 15
451674154161 7
124717357732 5
642775677267 15
526661173442 3
526135211764 2
227736515576 15
242632537774 -4
337243562645 1
