56346 0
74636 18
73121 3
27442 -3
74132 5
76255 0
16243 5
65371 0
37617 -2
61753 3
12273 1
67315 -2
31512 0
34745 6
75672 3
32445 3
75742 4
71556 2
72361 3
63741 5
67411 0
52435 -4
72667 5
44377 2
75246 5
73376 3
61477 -2
47171 -2
34515 0
32354 2
37247 5
64254 -3
37314 -4
75233 -2
47123 0
74636 18
35351 1
16261 5
57326 -2
36234 -18
66116 0
65567 1
66461 1
42536 -2
34667 6
55366 1
16456 -3
74231 5
71416 -3
16175 2
21511 0
22436 4
36232 -2
14172 5
16472 -3
72363 2
16425 3
24426 0
17674 0
66115 2
71344 1
24574 0
65447 5
15457 4
42774 -4
41126 -3
51512 -3
34542 5
73731 7
25415 0
47747 2
55374 -18
77456 3
12375 1
27526 1
17512 0
33713 2
23324 2
47321 0
36574 0
36771 2
56457 3
14427 2
35316 2
75245 1
15237 4
17576 0
47166 -3
61123 -2
63225 1
63457 0
66763 3
27212 -3
46723 3
26167 4
63361 2
77446 3
35671 0
34717 4
43534 0
57516 0
53745 0
35543 -1
56433 -2
56134 3
57342 2
62651 3
56152 3
45715 1
75645 3
26271 -2
24216 3
63235 3
65646 -2
76177 3
41157 4
24667 5
23576 3
62372 -3
37157 2
67427 1
52261 2
56233 0
12316 2
72317 2
71172 0
47114 -4
14531 3
64537 4
61574 -2
16561 4
24346 6
54356 5
16326 3
11164 -1
71732 2
62561 0
14657 5
41332 0
52124 2
53531 3
42431 2
53642 2
64731 5
25653 3
11225 2
73712 2
46362 -18
76214 2
41727 -2
47623 -1
64425 0
13235 3
55213 2
17634 2
35433 0
21475 -3
63451 0
64746 6
64725 5
11234 3
55275 0
67661 2
27712 -1
21153 3
34213 2
43472 -1
62434 -4
55542 5
42363 2
55653 5
24754 -1
51276 0
15722 3
16337 4
44636 3
16554 4
56326 2
71433 -3
54563 2
32243 1
31247 5
76744 2
37664 -2
21356 3
33372 -2
47724 0
67761 1
65734 0
24717 3
43432 0
54175 0
63233 2
57457 0
65745 3
23524 4
64534 0
15477 -2
62277 0
63151 4
27364 -18
75443 5
51344 0
17622 2
54542 5
45224 1
41443 0
43424 -5
55467 3
71265 0
75265 0
43112 3
45655 2
47764 0
11322 0
23475 0
36746 1
72211 2
12563 3
42526 -18
13213 0
56755 3
45113 -1
21447 2
35167 0
54761 3
74535 0
61212 -1
13571 0
24151 18
25211 3
37557 2
43642 5
67333 -2
17534 3
36272 2
26337 0
36477 0
24351 4
51336 2
26572 -2
37564 0
72126 4
12353 2
77253 0
66254 4
12722 3
25436 2
61427 -3
52433 -2
17363 1
53161 2
27465 -2
47344 -4
67265 2
55124 2
25266 18
63126 1
55711 3
14467 2
34772 4
13475 3
75315 -1
42317 2
73452 0
27154 -4
13512 3
73564 2
37251 2
43434 -5
35542 2
76352 0
52367 3
61375 -2
56534 2
37525 -4
25316 3
16665 2
14525 2
76375 2
66713 2
21767 2
71541 6
16313 0
12724 2
72441 4
51756 2
27353 0
22614 0
14225 6
41127 -2
45667 4
41266 -3
62672 -2
51576 0
64741 6
62154 3
74354 0
32273 0
45447 4
74364 0
55134 4
51173 0
64766 5
43752 0
54633 2
43226 4
13523 -2
74354 0
23466 0
64625 3
56361 3
76146 1
47754 0
77136 -2
16516 -1
36274 -18
34251 4
46556 0
13532 3
33111 3
72252 0
57254 0
27476 0
57175 -2
32642 0
23476 3
46236 0
66356 3
17775 2
66267 3
77752 3
66115 2
44576 2
12472 -3
27574 -3
72243 2
75731 18
12312 0
12331 5
53616 -2
75531 18
15336 3
11375 0
36536 2
25426 3
74651 5
71735 3
77316 0
32656 0
23614 2
24144 5
61246 -2
44564 2
71523 1
73727 0
71513 0
62246 18
62762 4
47224 -5
27516 0
65633 -4
75234 0
57614 -2
13544 0
44427 2
13652 2
74177 5
67655 -3
14553 6
65156 3
17277 2
13176 2
44263 -18
72365 3
72175 2
17764 -2
35626 0
16334 2
42532 -2
57716 0
25332 2
71267 2
23172 3
65146 2
66356 3
26145 3
13634 3
15663 2
25475 -4
27251 0
74566 3
12521 3
65436 -3
47221 1
54445 4
31321 0
41352 2
25524 0
37627 -2
46115 2
21467 2
53457 0
67324 -1
75733 18
12614 -2
62216 -2
41457 1
72351 3
64524 0
73144 18
25641 5
33762 0
46673 -3
21525 0
54115 2
66262 2
63455 -4
31451 2
11517 2
53655 0
34667 6
45572 -4
46323 2
76471 2
67451 2
21244 -2
12755 2
27742 -2
55627 2
56153 3
63762 1
42433 -4
23741 5
71266 2
74424 18
15716 3
67134 2
74451 18
35543 -1
43676 -3
17153 3
25443 2
14547 6
23421 4
13432 4
54622 2
11621 3
53213 -3
15173 3
37645 3
25635 -2
14616 -2
77465 0
45127 2
12673 0
56362 0
63455 -4
15652 2
53154 4
27427 1
23565 -4
23174 3
77752 3
15362 3
64154 0
37351 -2
11434 0
32542 0
26752 1
35713 -2
64746 6
54312 3
65173 0
31527 1
22421 2
71546 5
35752 4
54161 3
75311 3
62414 -5
56751 4
72146 5
71176 0
55762 4
74326 3
61532 -1
61373 -4
23672 2
72521 3
42367 3
37557 2
57157 3
57432 0
54112 4
36617 1
72521 3
16163 3
21447 2
54654 0
