453772117532266713735134566646147 5
337242622221666745561645375474147 -1
157761663224377551565267111434252 5
747456125635252133626775247751333 5
561762363333427152144177244311455 5
737561744423372456542155524113667 4
564235154161777226427517532176635 4
561233412277613216567575163345473 5
452765234361671676115416435233723 0
167235212651134315541573464747337 5
277516211577515267427643353164365 -4
231733653665212224355177472714736 5
322176634546123346752625573124771 5
717515172361346354227322463567246 0
543741166337354531246523662174526 1
647462516535564734165752311143362 0
771464313142675762127573344156515 5
414732256352164531617356557762713 5
723277655324271417465643233135645 5
771164446573617423455622341152532 5
165736741125123442611374437726336 5
662362527634424361457716315577133 5
254353723645477372265661147147143 -3
635744423271527513265666516341173 0
212215716533663773474715524231544 5
122621137463575453316715476174266 0
747337762651461755421225116375662 5
561552174333641626337521246247741 5
243731125566743645477223411265366 5
471667754737534573323164214251662 5
576322161457633423654141547263162 5
225421514441541672277726357167333 -4
132751225627624561557321541163466 5
524251626727745327354211453613137 5
642513471254465154752137673312522 5
562557274224611344752513764332163 -4
613272551736556675162417527241346 5
245176671432465127655716533356412 5
726471143221131234477453546266663 5
414674317272264315364154236555263 -4
712632243637776556512174156724534 -4
163273616721532462144736173251755 0
522513463224571753722366776644311 4
262244436442163171153365357217736 5
166744546233615734254226775351317 5
454673511166271253326377175735463 -4
633171451766736325725227361164457 5
364576464377551231155123743251476 5
154766761514622637311352773731435 5
641661354157464365137217572457125 5
423541321762332614464651627671742 5
542675633753217236712212447664415 -4
123275514527467355662133673211444 0
213571277253443766511644675344751 -1
275463763511376241261557526375273 -3
623736741362544521371455226154726 0
576311241672442151526345765737434 5
221347555516132236674165346635727 -4
652471133471761514523762255643537 5
516453757766172532216441624476231 1
741547456657212351241142537273362 -4
741137634537222515615432444237732 5
177634344252477126566175631137641 5
736765423226746345112533111647264 5
626736152161137542773315561437247 5
621165134374255653774444322377662 3
645564171766723472362573475125234 -1
551777764364123151224175225654631 3
134655367271537414612227376754136 5
532761773226545344211513774446226 3
143243357417724174211557622641533 0
553743575214342136237375216761561 -4
321325475255657443151743614716216 5
375553423651166744227274557247331 5
367232131764335714452124735465215 -4
252347656435366117541126537713741 5
265754774222143632664155277313667 3
757142511736312764133665327546224 1
136567132512463526275246756124715 5
563167726216377621443345754551231 0
714365177714762452515635321451376 5
132241656436251124175244761735743 5
454726727324165155464411156363217 5
536522246746631653315714147236724 5
455677164256447162621175651343375 5
664375624237143177112262473526544 -4
474632224463624121672356671455115 5
617115222475172634623772544647154 5
127326621457436231555413744167521 5
117614512127475673636625455673374 -4
442364227553645136731521435762316 -1
453777367254662712263211165243145 5
556345672144177161267375542163322 5
244662642576661541253311515137772 5
216366247113454715577217642334335 -4
573244534122327715774651231413762 5
515316727146246552776132554617422 -4
326515563126122667716447442577233 0
464322737554111663623744176136555 -4
774761657136345313122755445265617 5
325667616117275276342621333425754 0
671622243542337614165155772732656 5
654472267414363672325333471112245 5
472352623616573773115163351742674 5
743634462411371576416267627311552 5
722451743754364433176167254335122 5
276641247323466117545754426513762 5
