74435745763647 14
24673265572523 0
25756777426731 11
75175145435251 6
55155272677133 14
32635721716365 14
23116415241232 4
33776172326612 0
22677566736447 14
43641743416657 5
45655114115436 -5
64324524414337 7
21716444117577 0
66365315376722 14
14542147363677 11
25253266661735 14
62214336665417 -1
45146516212111 14
72113274712426 14
71721577762135 2
21445473434555 14
56642416655471 14
71671265354334 0
57761411412754 14
31433674153632 14
17327565755542 -4
64315562436354 14
42153524145611 -5
47514237724133 14
35214153372142 4
64676446316545 7
12316411415174 3
15441145427562 -5
32565373754675 14
57563635226674 0
22437212512136 -2
75114553456232 3
41467412237317 -2
57176115363762 14
13643473751311 -9
71647422544366 -5
12635637617134 10
61616437532334 14
54214167111231 2
25412553637267 11
46176443177113 5
26432434733624 14
31553642511166 3
24724677435114 3
43766514567626 -14
42341243744322 -14
42675727427353 12
33621454536232 14
24324115475753 10
17365263525367 14
33653626215622 2
41323417517675 3
71437112361764 4
64744771415717 -4
45434322347664 12
54312726451724 14
56615127216766 10
51155573131562 14
46457363412177 14
36711274333671 14
17737631273761 3
14334174442132 -3
52131627513323 13
26622375626627 -3
11736622653141 -1
33151143141233 -4
62745633115667 13
46126252432277 13
33255654247743 10
26476362712254 -1
51667536723266 14
77551134366345 -3
15775646321363 3
76674453714721 4
21626341173222 9
34165524722124 -14
13757767355354 1
37133221116627 12
33717527266615 -3
73521723576322 14
31564567445444 14
66477516467432 -9
47116335735727 13
56251473443545 -6
46151363533221 3
11255253526612 14
75114567311477 14
66134142162123 13
36457417476664 14
23437317123341 12
32213456752727 14
67115421737145 -4
26427537626663 14
11265714324651 4
73271561567125 1
16115235142421 -1
16541312613352 14
64353172152365 14
53622742723652 14
32676121243115 11
62634146126165 10
75214731613324 -13
52237432353512 14
44437622235726 -12
12131643414237 14
62343327572712 -2
63425744725621 -2
54134632573315 14
41477662261114 11
56156564222367 14
33657461276173 14
71123233322471 -12
53225171755716 3
25225747577664 14
66644147647174 4
56135155524371 1
54311137766273 13
12143671144541 10
23436115456345 14
37316143757611 8
55317712677467 3
56174532212622 -4
12631734564221 11
32114716154744 9
16164665417165 13
63342673327274 14
63527632167673 14
24371562374433 -1
21435435132361 14
16575261346653 14
11164222747323 0
13163516442742 14
41137632236122 14
14126665523466 2
37157275153762 -8
61671575526656 3
77537657326133 11
31632626333367 2
77722543461737 14
46417536557466 0
23132664433222 -12
22155457436614 0
35456114631145 -3
24432475551464 14
12167246437627 3
51631251615173 14
13246323377733 4
22642552341535 -2
22334146112643 14
76536611275243 -2
26545261467444 14
75767312422122 14
43763354542547 -13
74764522511555 14
25462441453235 14
44177512271275 14
66667515154177 -13
25627224714236 1
37527733556154 13
21626635222371 -3
73336764327323 -14
45633771364755 13
11173666514233 -1
53211111732516 -2
62361411456614 -1
55255235661756 14
67465512626274 14
65421462217761 14
12277624114631 14
41313526616573 2
21131677611777 3
72412215226561 8
22157355231475 -2
54731632747662 14
25316411517477 0
74263121113742 12
27711415455774 -2
37464256556367 0
23352562226321 2
37347367613576 13
26625312327373 -3
24322626342243 -3
16337547677771 14
57212517414224 14
31431732471755 14
17624232172161 14
15625476474532 3
65731755616521 14
74735526676124 6
25344747726177 11
35634754342337 14
34664523716134 2
53613774211515 2
51556335671351 12
71545732567642 14
53745333164724 12
47621177611622 5
66567373545645 -13
63756527431467 14
43561553434527 14
32172247564661 12
43747735632274 -11
64234244475532 1
27122612322371 14
63251251622762 14
25715715531415 14
13557513315233 -1
62677552532547 14
21145721776555 3
55663557371425 -12
15414747545736 14
41555417644141 14
76644116443546 13
14374311162331 0
67343744167774 -8
27332772714673 14
34154333531312 14
43772445276433 -4
62344126463472 14
62641161417247 14
54367574562167 -2
36525114723531 14
21554176157144 14
66223756132322 14
76332375232761 14
65313322136641 9
24753523376521 14
26557375562777 4
35342224754567 14
23463233533621 11
21716672615477 -3
57371355562752 14
44357116614274 2
37212272775555 14
63226136521425 -2
67643115517367 14
62674764412352 14
53421111663557 2
16341327663633 -2
45447314677254 -4
16731311614621 2
27345742162134 13
44411314551773 14
27126216353567 14
73561621265777 1
12356274157562 -14
66625533643211 0
24241614423736 14
71724356416224 14
25464343544676 1
75726471263446 14
63377124122317 -2
57551341766561 14
16215776141451 -3
53723341171253 14
53631657124643 -13
33523576641761 12
26713733645174 -4
54641317565522 10
67366247113611 14
52366747571344 -13
12423247132147 14
74541252416772 -4
21114533757771 -5
14574356755254 14
75763237346257 14
44525221414126 -3
13566534144637 7
42411155245262 14
36627623532761 0
74376717523571 3
52513626354633 14
45627354755475 14
76521467135522 -2
73421633642217 -2
61715763732154 -11
66715736156324 -6
74714161357754 14
73715441442362 10
11716136446635 14
25551475317265 -11
74441661241251 -4
57611775616151 14
51216266162313 -3
22761127114221 14
34412665317535 14
52473677746432 0
35113456662332 14
61337327456651 -5
54536755642346 11
71216343754154 14
17271344771665 14
27144174537653 14
51635123241345 0
65632277535621 -3
75226332457274 14
31776543771222 0
37136523347514 -14
42357667345333 0
32761347145672 -4
75265564356743 -2
17217233372761 14
35733722612767 -3
54344556311616 3
16234555373556 10
26367324461747 -3
32535733336764 4
57523445317463 14
73625736762173 14
47754557721271 6
71725234444123 -2
17517617715222 3
75543451654664 13
51666454221655 2
72263215123176 4
12275323655322 -4
33373124146265 0
62671467417635 11
41764324731212 0
73145475215673 14
53376173463233 5
77465123435732 12
47662222542625 14
51211734653413 -4
21655365221514 -2
45251374363352 13
11377525355535 14
62137756145264 11
15143513516271 0
67351657636332 12
75773772263337 -3
26516124637335 4
46276646266271 13
41116773721443 -3
27125632771757 14
25312613433577 0
64223425721242 -13
55121415552425 14
76634626645164 -6
31562423743255 -3
34275236643764 14
23547515545246 14
67362771572477 0
44426241331677 14
23441527377345 -5
23711122257251 3
67171524624465 14
53144375767736 0
11573516577536 -2
21636564357654 13
65614616156257 2
73345736415437 14
51433764544711 6
46431531627535 4
66232477533477 8
55776132565162 14
72346721655237 14
67145553311655 2
67133227245351 14
44652151246714 -4
56575112163736 14
45537134175327 13
57122144335725 14
16516375446226 5
77345673153211 -7
65153724616717 14
71253546371134 14
64431167141633 -2
12313726717617 9
15124734546724 -12
66412566721167 0
62611642342247 14
43731125264746 14
62144635643345 4
11422145237516 14
52656544254762 14
27327721115355 14
65234352743237 14
31561421646143 -10
22654661417762 3
55121272442711 14
22675323557567 12
52451173452356 3
51437715161262 14
24476476374252 1
77342165377625 10
62542636565215 -7
12455247735316 14
13533471133164 -13
55414463652556 14
35723357741155 11
17176555136261 14
76366572543647 14
55364361355221 3
67371336715261 14
42272164264264 5
75333617455646 14
65674117613212 14
52624625616311 14
42743766714225 5
35145763653223 10
33426466476322 14
13121171776374 -11
25257251756433 -4
74351352652345 -5
42711325511243 4
61675312122315 14
42211574713274 14
12331745352574 -3
73475616141424 14
12376731665561 14
26335536725251 14
63775276221171 14
54322774434125 11
42131463256232 11
35161361242211 -2
32174676312254 4
26135677644643 9
72133756537562 -1
17552766675575 2
36556567632471 14
76637366723334 14
21652715273363 14
74523736664277 14
26133416312614 -14
64336724166675 -11
14457313666156 -1
73536513641465 14
22725527525157 14
72124413761425 14
54362147171516 14
36416555634623 0
53416772121761 12
61467375274755 12
64551162265577 3
73626172115623 14
26261456124767 11
47415236471313 14
11153233153541 -3
22253361677654 14
45643634225741 2
76664277162227 5
22431126251731 4
12466731232663 0
31414263112245 14
43314133614274 14
14224151533356 14
43736675143737 -9
45573254143765 3
66352131764137 14
77631263526475 14
37376244232425 14
11762737551237 14
24325335731167 -1
55145221741323 13
64652311354733 12
33174236526177 11
24251661617127 14
43727637161154 2
65246256347317 -12
56577161631575 13
47537157367772 13
25276233434473 14
65455124215737 5
12431675431676 14
25222274327445 7
35116141457247 14
17426175241537 -1
24723171772262 -3
14557176522767 4
65732754322334 14
33451731655264 12
21565774463427 14
13634772241763 -2
75174327643213 -4
75774341724337 14
17114353361273 -2
61544766211625 2
61577327712224 4
21632535211223 0
71763435762266 14
71476177144213 14
25732477665514 2
13551133153663 2
24351723667672 -8
11131234276751 10
44645416412647 14
27126622576642 14
66222617644333 -1
36244444125227 4
21125766425542 14
25136644132617 14
66243315324555 13
71614556573423 -3
72165263662342 4
32714326127322 -1
12666751131735 0
52312234446746 14
45122265171166 -2
71432657672455 3
35663473735266 2
54635644645527 -2
61426723372536 13
41243641231274 14
42761411434252 -1
55125221177221 0
41532424744413 14
76616244467154 2
33461417455671 14
14712225442217 0
35547132536273 11
42347375216774 -11
17116563661627 5
26634554237362 -14
47163445171742 14
23117353321314 -1
46341514665562 -5
41361412665417 14
71241351177527 0
11226252365421 -3
65155226476757 -14
65657137674431 14
54741152526536 -4
35353424125546 14
12365531337153 3
73542517462637 14
47521671714435 -2
43674211265644 3
21466432322325 -6
73443365764271 14
57626522536627 2
77513517455416 14
23161747135763 14
55525553676312 -3
73113672417113 14
47777455227452 14
12262147144253 13
15352627116657 14
35467533425415 -2
12226772624564 14
22655234431646 -4
32734517613612 -2
27622337443646 9
36744442153165 14
41317134375337 14
36124747432425 3
35217462671473 -2
74645317321712 14
55653261737571 14
12212146151154 11
61473532243646 14
51637475546775 -2
66752352417647 2
65522425754431 14
62163771557432 2
23576266163521 4
35341634617416 14
45135431551313 4
71444643571212 12
36626457155623 3
75461171766335 14
34355156752425 12
37341445642164 11
66567512515443 4
67651441267422 14
23477211512241 -2
55215516733657 -3
51617115657466 -9
12552753724125 -1
66114277274145 14
21164625544367 12
45417667341243 3
23142652745433 -14
47444741167661 9
23277227424116 14
71734531541412 5
22255423344563 14
13452443254162 14
53766546725373 14
52657651757774 -14
35545672634256 14
54473725521245 3
46766562432342 14
32765463447227 14
16317242622515 2
53753555621332 14
71725371336115 14
16615336646452 5
13511156621773 2
52543725717777 6
13271561124264 -6
21224116646367 14
52657773365232 14
55246341771426 14
25224143236762 10
64347412452665 -14
32377373474774 12
14356515317677 -11
45447311722516 3
21643224274356 -14
73425222455731 14
76644632561311 1
35115345661654 14
16275264253566 -2
63473251151556 12
66641732253726 13
24331523452335 14
52725651413637 14
14565371613753 14
31655646753514 -5
26517477113221 3
35653266471372 -2
74665343773363 3
35155743371616 14
36365375363754 -14
53377533716354 3
72452623567127 14
43657124317123 -13
61741656675445 1
51735734542112 14
14775762672451 -3
36331317672365 14
57233543151733 12
35266543337172 -14
46771414227561 14
25262346164764 14
75624516374531 -2
54277236456475 -4
71167556142412 14
16654471356373 14
55137715266466 -3
47432614124773 1
15465721221265 14
45141135631761 14
53477257766573 14
45354151552742 14
34634755353732 14
41313332721277 -2
57336676351515 14
25625217624316 -4
74542662265272 3
33625317172617 14
22733712775455 4
53476561427247 14
71432266736525 -2
77441124127773 -5
26143212463632 14
24652644671211 5
61637253725661 14
54237165513612 2
63724635136376 4
43325222164777 11
22323721351611 14
14347241726731 2
21135213242233 14
13633722622216 -4
73232245233275 -3
65442757747462 14
62331325333741 4
71124321256354 8
52366125765755 7
45733464573566 -14
74652137451652 11
74576713673377 11
21736522457572 14
77247262743377 -6
34372111572574 11
67762234723266 -6
67336714664352 -2
36755464246133 -6
72332775452375 -11
32131547311121 4
31572113253433 3
63746674533677 -14
75127214543171 14
16576445437123 11
46554133124211 14
67215535732572 14
24332216433163 2
11361612222726 -8
74253633173547 4
42372727311551 14
13255211236654 4
24572563226766 2
17276676335332 14
75267117617771 3
46474274526561 12
24667613767742 -4
27462151541162 14
53433372255446 14
12776476362427 -3
55466546423261 14
23316564615735 14
71312636236644 14
62271634536165 -4
37376651612723 14
21743247125222 -1
21556162424713 3
12551576133462 14
27367517755625 14
67465527722622 14
13462371273754 12
47142473672256 -5
75664345735127 3
23124167234366 0
57176413234412 14
51344164334536 0
12516757756617 9
16663352177734 2
54276361712732 10
41251553141526 14
73665161572514 0
76336721656443 14
65451211767147 3
11756622165433 -4
32243312657317 14
17521737527447 9
51651571667262 14
34335673161457 -3
54563137376575 14
53721763242414 7
31132472365341 2
15113347571763 14
61132412646421 14
65162413453632 9
37232442341477 -5
26675132636476 13
33724724376514 14
53626541425744 10
23771241623575 -5
33756527216257 6
56432573231126 14
66275751217752 14
13234735436137 3
62537537742474 -14
41423756357372 -11
16767665671757 2
73522572462535 -3
36453142122434 14
24415356436627 14
17762375275627 14
46266434344166 14
33377726351735 14
12163474753354 -10
52552227733245 14
23714432535445 14
47232774322541 8
77336223152756 2
12725313342545 14
72772153333723 12
67665524557462 -5
76227662152352 3
37127366172171 0
24132376173633 -10
41543146766143 14
65615473335755 14
23727153357765 14
23136351674132 -2
17762663671744 -2
15425221633332 13
66471714465313 14
77443112424235 4
35312237765653 4
17352161713315 14
13236427616577 14
75723437557153 2
42476226254734 3
26712712435315 -1
12141534535251 14
11254771644415 14
46726437121264 -4
62246754531226 -2
63525356657376 14
54512452222276 14
31733633714255 -1
57512532745571 4
31171754136672 14
27471317322252 4
61221424615476 -5
12465263523664 0
56577142776321 14
66157233577662 -2
41173765251366 -2
64756772351124 12
55143212117615 -6
15311451526615 3
15765767512474 -4
73372117157673 1
42315472155147 14
75261147162352 1
42126156654141 14
43271661236641 7
65474731611171 12
42622375616747 14
56157243615174 12
73552534621267 -4
12124256316575 -12
63115435137315 -5
67434435541254 14
64611725256143 14
35731417236111 -2
27466246571647 14
72721523667312 14
47235431722454 -14
22742645441665 4
37655445147236 14
17711432123726 -1
67234464621325 14
24672665451363 4
61141176752463 3
25112751271547 14
45463315556173 14
52331721644213 -11
22533114454715 14
62333661476635 11
13422572736436 -1
46537245324221 14
23462377516243 -5
12622333174666 4
51134441451574 14
36316165725455 14
26246624331365 14
61345217533265 11
17447335333624 -11
31467274367525 14
27121646176764 14
24715625664412 12
16675515714433 14
37423533237665 4
54177144555756 14
47252553312432 14
11317571537413 14
12734113671516 14
43245142323264 14
25645675551377 2
74116672347516 14
54326576656212 -13
43314124452575 -1
55461717727334 -3
76166234763427 8
23442457127252 -9
27713524276566 14
27135172361651 3
31441523342116 -2
27464644637772 5
24545552744764 -6
56543375512554 -2
61466426355676 5
46226667636117 2
65472335213436 14
63545414316243 13
21416752733142 -13
76671565623243 14
65711267342663 2
23162476243153 14
74336227613775 3
32626431511137 14
62745154213515 -2
62322264747664 -11
52564344476143 14
21366446137642 10
16775635663453 -1
31417253254714 14
13162244225346 2
36417453641242 -12
32576333176444 4
61741131152725 3
15637756142726 10
77155124142572 -7
21241576334537 12
64755631411564 0
62555233135667 14
33241227412564 2
16346151422732 14
71152166457127 -2
54735227551775 10
74632731447732 0
14227477422751 -3
14127631615143 -2
65523244324423 14
25646341721134 14
36613516221244 -2
53224672531712 -3
11261656727566 0
33722735267235 3
47675377372712 4
41451275536333 5
77365465346163 14
57657143774552 3
73217662313575 14
33721252472224 14
55274216154112 14
54664466316245 1
62755326272673 14
21613611523622 14
56136531154522 -3
71347417462732 9
47447261262437 14
62122317222553 4
53334523444211 -4
43476637671377 1
56431741524264 14
52216475455635 2
21225214465273 14
65314363311113 4
12423731777713 4
55375541714143 14
74435533461412 14
61747163265347 14
13721644254142 8
27657737713371 -3
46742345264465 -14
53761516375125 -3
75522464673237 11
63464323143137 -2
41532171527742 14
67317265735364 14
63235716427632 -2
65366222227176 4
47546773272222 -2
44574367714634 6
37767723546664 -4
54155557615646 2
56677122751367 2
75331211463462 -1
62476245331276 14
61634112337412 14
16241665552144 -14
26143166525241 14
63571227423533 13
63756616333422 13
35176345665145 14
23236333453225 0
27221742132624 -5
12365727754574 -11
42246631113412 14
74562455174536 -3
74455557662635 13
65561256455632 -4
31771431223144 14
64127575361143 0
47472215122663 10
15443657576436 14
63575214723133 11
31711656232177 14
66763562526311 -4
71131315313366 2
12124421714571 -4
67522325641446 3
77554643422614 11
14462653623347 5
33321273155356 4
17435217414427 14
27551765665536 14
26151733337227 14
55533444277224 0
17452464667443 -6
41273766477646 14
31664446466174 14
75446221246273 -2
66264313236715 -12
17623371322451 11
52344116766266 4
26277345632112 11
35417776453136 14
47356735661764 14
14357321223375 -6
67246753246734 14
71154231242414 14
24564456643113 13
15447323272147 14
22714672653733 -6
45535574642221 -1
56614577757235 -9
35736465673711 14
41363566175616 14
71711436471564 14
42363427521612 -3
34455453232642 5
75763171575755 4
73276731365576 14
36113571551654 4
22251154411147 0
13132252265732 4
47121265455722 8
56374361625331 12
46427461121723 13
24147757532215 -3
17355146364555 14
42546766562673 -14
53732632473157 9
32621415477324 1
54253642665646 11
67113552737733 -2
24566451123352 14
64141431231511 -13
67511662363431 14
66657472253663 -4
27546434217644 -2
65112715652231 14
32145445356673 -7
77363463475722 14
25324467714122 -14
73712727236133 14
14373534242333 14
61623336756644 0
77732117742344 -1
44453141435432 9
41256752436563 14
67764247225711 14
72142152564214 12
77342463627554 -3
44761562244613 3
17723447551126 14
36663332714265 13
67454332167353 14
16135532271563 14
36237317243527 14
72515654624621 14
34536715455331 -3
12167512553565 14
47726222476764 14
45465724472746 -13
13261637521163 1
32736675241325 -5
13534525573675 -2
51462276546542 14
51365415237211 -2
51561342223573 14
42233513423735 14
65415425266435 -4
24122467521115 -10
23666711435627 -2
64124364175623 -4
57747472515265 14
13722616754331 4
76422465764661 4
56333176621735 -3
56565735732332 14
74443575712615 14
45621164162115 -2
67525127223621 14
56252344432744 14
24122622675371 4
54261671517747 3
44541125621771 14
14136253456627 11
62737255376412 -3
17524642475116 14
14717321437457 0
57342455126462 -13
75323152141356 3
31136345213371 4
43726447777573 2
24564217173743 0
45374344552667 14
15712354556252 -2
11154222457113 2
31734256257753 -2
55752316451617 14
31152152643172 10
16423755476655 14
14653645117654 14
37172534221713 14
55615534524377 11
42457713146562 -1
11716212436164 14
53337661364351 14
14713767737421 -13
44211723673556 10
64422764155424 14
31556231251425 -4
54471645167351 11
37731132616166 -3
63161173262277 -10
77765561624442 14
56661471214312 13
75527317153115 4
52113433211772 -3
35522523711735 2
51174674657376 14
75243324541212 -14
35141655147472 14
74536257154652 4
23621742463543 14
22362712373276 14
61346242257466 13
37154147731342 14
46277134157341 1
67267474437441 14
35555713531474 -10
52427526647463 -12
56534521642261 0
11716776225577 14
33214145476235 14
24637713421656 -2
72524411412622 -3
31253175567363 3
14424222266666 6
24473672712162 6
67711524153362 -2
21166546653141 14
36146646732721 3
53125636616313 6
41121211457164 -1
65171651456333 6
31233567324177 4
52143173421454 -8
63572164571753 14
61131333721633 14
64315727742117 -1
54151564471323 14
36212225411324 0
43271436326123 13
41772573127573 14
15245272656151 1
67337745212314 -4
45173233333442 6
17422627773224 2
35433761643311 12
62532112373175 2
76137665271531 2
26762753163232 -4
44573254766577 -5
35543436624643 5
14432465674715 13
35425443271563 14
47133377165166 10
41315616523744 14
43764126731421 -3
43164252433267 14
61733121421535 14
46116516142556 14
63451236455376 3
47465711536474 14
11156335221643 14
24571144164677 2
62257655367714 -2
24344735422375 -14
45656454173231 12
63215262511463 14
43257641146154 14
57665337234625 14
62637252262162 14
34254557771461 0
51451225164625 -6
71366734275542 3
41654625234473 2
15774244477611 12
65511335241543 14
43262464731431 -5
25745155147666 -2
44266256551224 14
75653271163115 0
65764637512661 -2
42656235125464 14
57134376453412 -2
41754452452543 14
17336461654542 14
42351675552116 -2
35126734263571 14
76664144573367 14
76757155422261 14
27144513317253 1
76433674175267 0
27546531516457 12
14163135464464 10
44216456656665 14
27627116742477 -3
27655333342255 14
61625155462126 14
63312152672117 14
71621641216775 5
47413634156734 14
67776476633573 -2
22561216721346 14
64267654215216 -9
45537751554477 0
17225265112344 -11
17462576211555 14
16251356455266 0
45673642357277 12
31523122775126 4
41166777362675 9
23212751534234 13
15123474313146 14
14614123672733 0
37133456252353 4
74726746241374 -8
44275743226771 4
72314344437327 -5
57142775234641 5
25114221745223 -14
63661762463513 13
11536564251777 -2
67751364573322 14
43721251251356 0
52431115652456 14
33177574255757 -13
33557436656735 -7
56533421644245 14
15774623214142 14
31275267266357 14
21333661176466 -10
12155117663765 -2
73114227714243 14
54366272751651 4
34236111351516 -3
51763715673511 10
56233254553633 3
44336541765116 -3
35533736666263 3
44116576277112 14
62756552145416 -14
52356552144662 4
77225515741675 -10
47171723124256 14
22542743554473 12
66226746223632 14
53271363645275 14
61245615673416 -14
11721225744424 -4
52273176255575 5
51253475337561 -7
27741312747654 14
25155415267761 2
24722246673464 2
47661255727642 14
26253377235255 0
76766447314215 9
12641514712641 -13
42167574754124 14
14747125415256 -14
36231125144661 -14
14712321523353 14
35716711367564 1
73145614447252 4
67452471315355 -6
57242512525554 5
57553474211252 -3
66312133712572 -3
76155212462343 12
46262572474225 14
15335651731677 9
66667361173467 -12
55633656733572 14
42531217771472 14
74474226752533 12
26137676541341 -7
56521212455466 -5
44531136215232 4
51641543136356 -14
47213747244377 14
35471736165111 14
12247537315326 14
73655763556327 14
77525167672215 14
31455152767627 12
27616242674573 14
12116252713776 14
22456422344121 -14
61433314146667 -4
67171266646444 3
74662134722177 -9
56435314363365 -12
62331772632456 -3
43146274323764 14
63535245415731 13
76152433666767 -2
23653472774632 11
64667111442136 8
44654253722613 12
12664653453446 14
32167171771626 -3
36344612416444 11
16421713512241 14
33315246273146 12
16433263644323 -1
55531236377623 10
16561351624761 9
24272233264112 0
73375166363372 14
67636141574142 14
61267247357717 0
74226712255362 10
27225477361516 10
52261576416136 0
33761323676514 -5
15273441326337 13
22123453742252 -12
14542631614656 2
12625422514551 0
54557327577733 13
37537723777532 14
13657562572517 2
55217442234345 14
41335356433446 14
64655541736776 14
27131432664321 2
52171321515227 14
42442146316235 14
22647617342763 -4
31473111355477 14
57736722574127 3
24751667255175 1
27572451541163 14
66245743372374 14
73543355262324 14
76136152441545 1
73464324711367 -2
45436257171766 14
41775756563444 14
11616337773742 8
36716671733467 -3
23577446473474 13
26466441243363 14
57243753343133 11
12165121234553 12
12125677462511 -3
45324621162473 -1
55171763451177 -5
26543451551313 -2
42275266245447 14
34715341156133 4
