742535614541637752615532 9
624731226426467134732563 -5
276167144765162276613775 9
657776224113515657351142 9
252266514431651176361274 -8
177433164631525657712513 9
457341722742637215761126 9
466453153723412624345231 9
167711253363152536647243 -9
225164344552623523561731 -7
456462572724527612375637 9
142276162425371746513766 9
737653311677345671112453 9
234254313173565264751537 9
744571677261451647653311 9
146176574463746235712257 -1
456617377265563232445711 9
664371352533732264556717 9
132155274425341443375277 9
364151777341455365523426 9
514171361243512245233676 9
322323654767175246416516 9
724515142456663674327512 9
214363143555142725114517 9
417537362766142165612543 9
267432375624147342577317 -4
345365473361725277116652 9
537317661232772462455442 -9
632321371271146727264543 9
777153724635444652126521 9
566712317132142733544325 1
246616147211771263273354 -9
473556775613553442247147 9
322311546327471561167441 -9
322331725471665776345237 9
177456644252236125423153 9
157245226655114313457472 9
112447616147723765461135 9
712764167123447371273544 9
463264743355563412132771 9
721456233274144261552452 9
661472443533157531127155 9
314643744224646557661533 -1
133133671157566275634662 9
436233233751721572611614 -7
262724127162675234311673 -7
444412731735146572617663 -4
252362755277316172541144 9
167153216716661734754643 8
254456511576733317615723 -2
717571563541134426464132 9
743267571421614524465354 9
776374524711365162131554 0
266152331462227573475214 9
662327222417411651457632 9
542214346257731727467343 -9
342312751765312656761345 9
356117727224713623146241 9
457761211451234674413637 9
571277254214746113325665 -8
155235211543736354414176 -8
467262344734327513451546 -9
256351763653154724754762 9
621612365657157424677563 9
332446543662411171155527 9
631153472724721157573612 9
623167461132457546376225 9
715557645126152743211237 9
576645125746233426617614 9
526143475114727273562126 9
447673175211133236644752 9
141157253644656174722674 9
265623443657425561356137 9
362477231672675447235316 9
433663171135464713142772 9
135277766166726124431335 8
525743137274151634312262 2
177745116272215275632173 9
475424134523156763475124 9
531673276374727635452323 9
257146663134653724121155 9
661226455331571564733452 0
761776421333453445457712 9
547541334457212344266636 9
763267663252633115214274 -9
572257244154617374731532 9
675664723276241533273124 9
624233462434255157271611 9
541437411554657735612477 8
741154347744721533521137 -2
667673272765433215427463 9
364215546657511523447733 9
672113227442476167712645 9
313266716775272433544623 9
532332453555114164163522 9
642625175773613256371434 9
743656115433166217464776 5
211163377312216572744336 9
674636752621373411157742 9
541272662421144743213363 9
621234117757562166662544 2
641276474631755134545136 9
671551543474162262775215 -9
672326747515254237523462 9
631455334231754364734567 9
537622142741131767147756 9
247431366555126615464532 9
312176153747335742364561 9
623164375633127136177546 -7
531442726526311712754671 9
747443155164362717435762 9
311445632465324143767716 9
557331732443625653273476 -1
713457712221725355663266 -9
312156226554177633336611 9
633541242537736652246161 -9
573656767241112443233741 9
241472671334614264213665 2
432365643451612275725377 9
252534175523441167371352 9
272741656533427256513674 8
753224113125331761776361 9
161272335156172671142363 -2
155357326766442774712155 9
547763652754657122117214 9
732762546731433725634642 9
272117667453433544325352 9
434516621331156645175725 9
517465416524161345323372 9
131364254224562554617266 2
256273461443571612655773 9
271413514466752253571751 9
165765723626416335341753 8
435321613713421674275265 9
126367215342244154717556 -9
675174472123372716355562 9
212757736112454263133477 -1
143651724276361145234552 9
277315652467721654251325 9
462114224253453667731726 0
123224423176735751241577 9
667321567124621773771462 -8
565623133146432772511537 9
365155576366177752473243 7
237136751161255226754462 9
437716111425347165644256 9
547373455566216734231161 -9
742133442762352616144257 -9
336515323777526575644171 9
365773623114151621341243 8
164765315275743551412667 1
146237473267625375132654 -9
226377341274515636654472 9
632137427617543766414215 9
111256352735452331174122 -2
422376616773125715425533 9
177575516423421363765527 -2
434177256522422456353741 9
522675136477556751224763 9
776315146577755461222154 9
633642476443126517751762 9
173552646334321164734726 9
361672475715476542621122 9
742546755121774575321213 8
677431613242752411146232 9
413425534674232171175356 9
716425127616245133746227 -9
776147662135716316315344 9
543221565734776211173741 9
462477352276543157261563 -1
257267553516637176341526 -9
311275571766734536241232 9
444173217533632116425746 9
122343313517167726256741 9
775613355643462417117234 1
136131246433566137671542 8
554624172144622752651656 9
714567516352752127531624 9
211562757447655465213741 9
423447212556157217516536 9
373416747254326626215612 9
513536147613222537446277 0
467722251553637144153234 3
645625717157161653443424 -9
361347741251676523576141 9
272145176344456341357723 9
145571674531546426457333 -7
155332466424522731117426 1
565446753677423763125635 9
656517435534761734122672 9
621754237661132374162417 9
133265734571644762132445 9
616572431231362451356751 9
562337761442132166254375 9
636741472261547542744615 -7
354232677724654374155756 -9
467311341437735271177622 9
315455677754261141762344 9
637775311157245736533614 9
153175455473777563713261 -9
516324327357247755365612 9
723474127735366354216727 5
141622675155273565464426 9
476415133571633435613252 9
524632643711137164421376 -9
611766452274745233615471 9
721266345677444115623334 9
616727251521455236141344 -1
341525317455664274517631 9
554674127175234337641415 9
546621673211733515731721 -2
444135127225725235524671 9
277533436145327615472261 9
731371735536636744517651 9
653343512647762723447167 9
214554361765754231456764 9
244121346247165273251346 -2
367533166745323646422737 9
641152157117354756423725 9
524445135172712636524265 9
441534115147736272763662 9
564461513113767472345322 9
541134266471567262372157 9
741171675634651422272536 -9
422354642723564112711433 -7
624531641536245574422766 -1
425476272651413324353177 9
645172743326365715561223 -9
271561451511726271424363 9
622253776354171236265714 9
743714224256213771545536 9
172655614331165737311572 9
151662454577332342144651 1
445523472416671267134351 -9
754176375413542125167137 9
162332166772454721273574 7
361134551167453717662225 9
347441365747632643616211 9
733174216366565633227127 9
671326652175244376741254 9
142345277133676471467476 9
765263147136467341354365 9
453153477711773655765321 9
514337644115372471537163 9
342512774466523337724111 -9
327356411452464275517531 9
134224761571516355213673 9
215671365277123661546417 9
176553175652733741212644 9
433213615441546765712253 9
762147237341751336515534 9
633615216463755575345232 -8
625567714443411527234526 9
234435725561774145622367 9
227661316566371652234132 9
172623576157716412534762 9
346412275531767211743221 9
436351441732457653131723 9
434734525236367625114577 9
145615762341765544232573 9
341654336773715222434662 -9
477511744264562622172431 -8
234156637431343726524276 9
133545712511425722367466 1
412617227263763461535357 9
365237427224721336575173 9
165271746361447744741562 9
727764661262133411372372 -9
761453723541546326147122 9
463521764524632612655476 9
125773451664522412356455 9
553261731771537162362456 -2
261424742115515736667552 -8
677344651711327573274334 -3
672445737655642246512763 9
246356464413217614746355 9
412541774446712372363275 9
757246114555134435473362 9
716372454226631445436577 9
123655121667347325454744 9
175416216337143763565276 9
527465173462213327372175 9
247677534461252141455332 9
566417752253113244145152 9
557176246773532536277612 8
477774472146453325546165 9
563422667672266533433572 9
345763776754214325251166 9
211251636254154337345312 9
363343457274366263262412 -2
125763267455633743237264 9
451375462761211352363665 6
563242711246573453153373 -9
163434635357425414423671 9
522774176275216347764466 2
326276632725533573613421 9
746657526134315663216327 9
121766462273533764675135 9
445162675314275326336147 9
615274362155647353321275 9
613617213463555416267244 9
632515345435276721157432 9
617547122214162163573164 9
424755562355472172641674 9
357553757265624742111723 -9
572143255622774446734672 9
124725574613245346112657 9
724526641631533324352772 9
141224316755657712633724 9
265732171353341671632756 9
346544732637343275764775 9
541415714133735477331554 -8
441147572774262465735535 9
123476427155446616571415 9
676437315321335174652673 9
655324746337772156431176 9
565476334621134761251274 -1
145624633755747541272671 9
235715346173626615516544 -9
646324347167214746551132 9
237137525615522367736526 9
564216257142724556326717 9
435721463253361467126317 9
431672243353116275174535 -8
323611227143463651621275 9
447622753774373255456325 9
617341372642253726113157 9
767147312345234517765314 -4
663761775714233244642156 9
773433554376524416742274 9
665415172435336174425366 9
342714376243617641655243 9
135162317166745432133225 -8
652322416726115673145771 -1
145274125333462643651364 9
433212235762631766142473 9
656627375472613433422331 0
651236273651417453367514 9
113562676424252713363655 9
637712541355765312662137 7
555677675323162132425133 9
375247166732734144751521 -1
366547755234121443616577 9
555754624732416612231646 9
145572623111264474572251 8
667172563312247143514123 9
243165572356631157251374 9
433722155432726161163775 9
331773721152555522226314 -4
521721325417257613474253 8
613574217675631744563144 -1
163667221662316124274753 -9
112575236434567247136715 -5
722516321743611555324772 -9
263447372121647436537761 9
642225174373257645325136 9
552337114311612644663325 9
444736676651473277273165 9
674235115716137244624517 9
463152656673425171642427 9
653447463272342677511426 9
537576471531466453362745 9
761223474356441263753541 1
432161124436344161736237 9
277666451562524471146247 9
456772141652753146552332 9
266525737151554714647726 9
452617737417331645465165 2
741741235627477365433564 8
545513154314227777416647 0
465713132246544752374316 9
113563765477362614571325 -2
152722326476414737634511 9
337214636345257567163714 9
773633745634521256134423 9
763451131152672616667422 7
641553243737715435225617 9
522673376445642516673111 9
154276326573273345163746 9
322636737436621457255571 -1
764311755224733746531635 9
362254712131537542464773 9
555715167276146376323432 9
423551222646437514234713 3
344563346766774114331712 9
165567666671212253234731 9
111472464135576247612766 9
142735345463463143727151 -9
721337741262476322162646 9
212666755733367264627154 1
134635471626314563146716 9
447541273212547161553756 9
456655432142256313711727 9
767155366724134165153742 0
466643616273573252711151 9
336172266634772471153155 9
427124273531145453617637 -9
523246121723771115566347 9
571431157245232343331715 9
223776247614377455631136 0
665664657723516172534271 9
544363412713766447362135 9
231644221512755561734734 9
441557131334666743233751 9
523726161127531347453325 9
171353574534731232646176 -9
131461777661312517345423 9
417314362574133647116665 7
167436321464126123224677 3
641152231657673725353413 9
235413715125622714314656 9
467327615733154151614226 9
317422762157457541646237 9
314332221437755741762542 9
672145572476763633514553 -9
355224176633711675223152 9
161536145373276531471342 -9
122752466372764365151253 9
344324175142432163355117 9
216651247124431453773146 9
254764245117213372513377 5
576411376651741736551746 -9
117237643226513477475125 9
337612611347147525364671 -2
131243737431614647146342 9
354325527661177251324434 0
333762737551432157652221 9
416626337567374655271123 9
331361217775355314571444 -9
176437325461252274617546 9
444773344261221276536151 9
513257661213744724317264 -9
416515372424612756635647 9
527467445711363144135316 9
522256313177661516413375 9
723213434565413126752756 9
643717317726632526423563 8
546317363157272671147351 9
321546416315172355712755 0
376332516427465713741212 9
155661455674177137163414 9
651762645134554745253611 9
152625526163364453115122 9
411161752317275465452226 -7
146521364363277522174543 9
754542275141336636151552 9
161317614751342637527226 0
716713472472434131367665 9
643266161651746741573414 -4
245312712432577665775221 9
633544716515561175126274 9
677135635414451146245623 9
326451116773712326271253 9
157566313174326155174425 9
753533755642235516376471 6
233433437115476226215566 9
467232616542532661177512 9
171363367627624424667557 0
156433452143377613245566 9
546522461473576452177323 -9
274551336522671431565434 -9
731742471565317662444413 9
652775375614611252271173 6
744656553322417667211516 9
332221532774513747246343 9
655172467146222377712324 -9
371254672572715234633535 8
721225157436434553627616 9
161337737544666225361132 -8
443672473711227111465336 9
712245176256413243715656 9
435256712477536327622434 9
467765146772233465214573 9
531362336425733775446112 9
576335733674223465116143 9
665466711155217475172425 9
333524662711165365374672 -8
571156437724556734356126 9
572614144741253371235175 9
315612347437722753117663 9
717265536377262531655547 9
237575426256466131347152 9
171277246644227361532751 -2
324655263673115443351161 -3
452761421356651444333561 -2
436331253415516146243762 9
346567421176622437213327 9
242717323311644145675476 9
454266274374255255167165 8
713271343265762255574411 9
127552232157471344714451 9
125736577235212411466645 9
137327572317542174155732 -5
415753574674247345163226 9
414625225546244673131271 -8
364342635424156721775656 9
755221311671573544452763 9
573473636445363134115255 -5
424675366251337264274626 9
367154575726753143411742 9
661437263171723277445371 9
723474533322252665276547 -2
137156246516532542147753 9
163364615325772314762772 -9
713546433536113747617276 9
246747223375114573252412 -9
763245421571755364673135 8
753624744672541242651664 9
356212453143457336326754 9
671621237651536142462624 9
253351761775246546616275 -9
366222367241416466372455 9
631515576123675455764211 9
761212311365457326444142 9
527363743217117613452652 9
115216545417232237734572 2
435417326417372631616422 9
233272771575651634621363 9
571526572161633234341465 9
531167652473444672134416 -9
516361245462223731377617 9
561153324477753657411435 9
565713475165242311526642 9
233767535731257541136474 9
436335277652312664527411 8
144567176434233512522476 9
621775152431425673461635 9
327775611646127732216561 7
765631441341735767341245 9
532622465264674637437311 9
531623312525144461723227 9
577643456542512275256323 9
777452323273561653271114 9
462735716213557424325162 9
114241765116633477623524 9
223727236623725114566557 2
645123114573743617337471 0
467427256156752233173471 1
517422771173544536632175 -8
617515756367363155772133 -3
134444172271663315775224 9
432737762554141312473321 0
176624523667415647123441 9
742736456511733371462455 9
345735464532661451464517 9
673331747112266742534416 9
627236725443221173455113 9
614566655532671113125325 9
444237132475657112632454 9
666137432736641176232741 9
156374371656276254125723 9
237172671334663121762745 9
641126724721663267574532 -5
755432614435767217717521 -1
713615121725733572614441 -1
575415213336661511476473 -2
564265145176374227312756 9
475527435562344277711563 0
115142771623276323543773 9
545356273623751711356762 9
156136762635715264632773 -2
352725613633151222475367 9
444666737532175723133626 -9
116236745536457252276111 9
422366353114527762624546 9
154531173223726663571526 -6
344346541532676725447137 8
763444657333172267131746 9
634123463552436274355711 5
236356137425447636277151 9
345457153145677553662321 -3
425365415725777661333467 -1
342421125713436456267722 9
336276513251555712312653 9
461761641636771435525357 9
367765421742731616534121 9
323761121743647234416571 9
353265634662451711165757 9
252236616742511116237765 9
544721332477535446177512 9
153344753213472611655662 9
542141773371721364225372 9
757244552713633173427216 9
275215654463276177743335 9
716513551573667521612342 9
645621767334536751476522 9
451433725147142466531265 9
446245362157427353276467 9
241754237317217613646244 -9
653337764121233477566462 -2
346436474213725352553526 1
262213764772157556512273 9
172355323473667175462135 9
355312667141327616452713 9
716237134566214736542152 9
274425315664562766177536 9
235167464432175551257633 9
171317667546625421653537 8
376517227652342266411461 8
715764632371122657254224 9
163511335275667772212634 9
627357775427634543645416 9
763674456345657121674233 9
436622231745547771317345 9
232571322217674673366531 9
215472252753364341447237 9
111267331724571526432224 9
167251351726726442373255 9
231567453357754435613726 9
116251345315754663726244 9
117215427121351376372235 -9
716634713615136542424172 9
164361227267767115324553 9
665421361246247567524373 -8
212721573575133657571452 8
232622364534727327661467 9
525352661572161426327371 9
546341352751327314157726 9
774336213542423667161316 9
137337642274113426237651 -9
135645754653257622334412 -9
116427517342264154362762 9
544246311451266311157733 -2
646545243225137333121737 9
234471316112157662143624 -5
373253445675166136321522 9
573642352451356761712253 9
116377254323455533147762 9
754472735346523741433452 9
243223463431375517654772 9
216341645713451524377165 9
615265431317133174225776 0
647126734723621642656731 2
154772736533175244576364 9
644212247637574534765671 -9
337621217564473531621224 8
362133326155661354617447 9
713375732132565156242342 9
147766371547622326155474 9
222145617735364762764533 9
662772745144215557262313 9
346331122717757253433275 9
646553231532771653712474 -9
424321612666354273261425 9
313472511663216536773157 5
144671361221665653332176 9
277645732365112662332555 2
377524631112424523366775 -9
754473175622233614316144 9
415313747622244412726147 -5
744542335215271475211163 9
752227455366522747211116 9
423434711565137142527771 9
325676623575726355411137 -8
726615423156371441176365 9
242267417563433213131732 9
265151257376256337477432 0
116725275533725462451717 3
447635256647315112232321 9
476167762265755317514313 -8
466251373526664165241451 -9
147367325453451151217263 -9
237236546651723123135167 9
117736427513621231237563 -9
621552624722735417153725 9
352467125141477523563645 9
611323344656344322724756 -8
443745514714114221553637 9
716551515572361324546642 9
675372555244574746142132 8
135673433521751377742322 -8
412533521477151266245134 -3
413717765773122273554163 -9
163632612337455224527631 8
251354444177371365122253 9
155663415251373114347742 9
624627257524775613333733 9
323657276355645432513721 -9
275263144123364343717654 9
454177653246152453265743 9
743616126533255154776517 8
172623716147121432731663 -9
745375462732344457511611 -9
447234775422521113263656 9
462124547521151377641252 9
627531153263436222157621 -8
144433567714663575327241 9
637121173415213775731533 0
172513126762213551444626 9
373124555412776241437224 9
265221245277743653353444 -9
322627625143573463211274 9
326745133647327617115445 0
177355544743711715724626 9
234747675611247467354673 -6
121165164367537546561173 9
631451571176512462347742 9
265625751254151371622751 8
555746717272265213151332 9
642214254144722327751541 -9
754374516414122626525247 9
461417377446122227765442 9
173577725144151457257663 9
357617413463127322445166 9
215261172657557413743263 9
745726576235346311171665 -8
577263354227463371741175 9
475467142253124431467731 0
574633327454623556411426 9
166316754253244211373367 9
644611367755211356252343 9
723323764576321531421542 9
562516526362356327745736 3
531754541274356136477372 0
327542417565275617673441 9
344561633131352354642776 -2
114714461455622624762637 9
376613723714441621555423 9
744623233752767543153157 9
225655632711756414716727 9
447222234116312741756373 8
741333254264755635762624 9
616741254514513234422536 9
156543761641522121533767 9
347442332173252656647115 9
425635445754226553262141 9
221163756257556517425637 9
574276632745452633517476 9
771762347363736141274212 9
667453365212327671171441 9
323256446726634227327631 9
553146146672445621723137 9
216744766761733344752266 9
412735316672465712235674 -9
175643522746721753323561 9
722341266412535647354763 9
364256135711355726713177 -9
714421655477317226353243 9
463563721117534742663366 9
755745146232573367746741 9
524132414676231257637731 9
175662457372541631326637 9
147336733257511274455436 0
247537663433415111254233 9
414326677453726534153254 9
271576725343234667165631 9
553753563731522161154427 9
216324557614566235163216 9
325523726513267631315677 9
431745625114536741641232 9
477232623364447514472673 -5
511443312741477264243517 9
277726623257647131115765 9
114762433463672423537714 9
175366255442621431257171 9
377531666221437414351462 -9
176263434776376474415222 4
542161173557662476323471 9
247627121425314756351567 -1
433762314561642744334215 9
262351637661757356574671 9
751772264262514713215411 9
762727625315723441543436 9
266326451754735743717165 -2
232322151437615661256617 2
171674635262344147715452 9
263664123647715554726411 0
131733445774163271345642 9
143425616443756577277614 9
312661544512214527466671 9
441355252661611457234767 9
456614615323451571277217 -2
212143136471656775374511 9
164561277326753413214734 9
223654735711633173421567 0
754731765333431227152577 9
711426317631463265276425 9
344265574113255263264152 9
336314263772132154666755 9
141153763577267466237226 -9
247753254177631234625335 9
614625613221757223674511 -2
621777221153327241513735 9
145762463142267557332451 9
576721721335664417512623 7
312436337425365724564541 9
112367613267234734514575 9
255411425224113676677736 8
435213153376231463722145 9
411765356273627526443241 -1
565152453356767477134112 -9
761774525334452326547621 9
542735345223772111734246 9
711377612116646473262142 -4
732461376472236747764355 9
177255172621476431423533 9
652531635645745124721173 9
135373225667663653172241 9
674322335273277517663451 8
171326273645716731565611 9
446315415571253625367711 9
316542321251647127645432 9
631237427723545473465134 9
116514753352421464311476 9
347176764661325513152343 9
526543116137762522273646 9
114643572526753677346117 9
655247332752164321131267 9
411763126122275756533556 9
126164423525434734727137 9
112743574256552344531166 -9
321555615236622377177612 9
667243471225711317225666 8
732242473345276335576414 9
134667767162157241354422 9
675165156511133227361247 9
352121364215767745745234 9
366477271542775343621456 -2
724126225754645171636442 9
525633444317553714277146 9
221356253624213157721475 9
656133347254662757163467 9
221474374224675561241766 -9
545232471433537517162176 -1
137554273542627145342673 -9
522732163563217177435164 9
424426362273612361457247 8
427543726554422417165137 -2
541733353725654232411666 9
377652153763423464322162 9
743764235676274353257116 9
664175531723755432445421 9
552327534476371537665141 9
567743141216315572346722 -8
462212547755733642241471 9
645321217742615245627613 -2
376566633277514317641551 3
342531715127645426337277 -9
165664635141277172342772 9
361442523163732716277262 9
454675235711623776522363 9
536435271565162161337764 -9
311451427571473355323746 9
636762114573221737575615 9
242531527624554233316446 -1
324216571365372173554716 9
556331213426467733126552 9
222456443546116777534673 9
536355173142276553627231 9
234654255523716364175717 9
734461256735711277123155 8
743134114765665122471567 9
