63437471617362 14
23326122345561 2
16552466173343 -5
43521621576632 14
33232234215556 4
27767451542436 0
52361256743624 -2
67325211242723 14
67653325226371 14
16541125663144 11
53735762741711 2
75612335747123 14
42171654332257 2
53641674455615 -14
46637637765121 8
23341471764217 2
34375335626113 0
57623121267474 2
11464712362115 11
55142371116753 -2
71715715543154 0
53564417235136 14
74422112525155 -13
11263472614342 2
42737253513526 13
42514564156217 14
67213365512244 4
55644212545143 6
43414634526165 10
66164427474613 -13
17134134522146 4
41165463253721 13
16546177321324 1
24525113235166 14
46645631724763 1
14237247676467 14
62176327664555 5
34741756625522 -3
65476563234611 2
21417663277427 14
64147634117213 -11
24374541753115 14
45377443267535 14
41737272265727 5
12653317274661 3
51271261325443 -13
71342245455773 12
42473511671166 7
75326413264454 -5
43423224776117 14
67532454137223 -14
45635173447376 14
37546144122412 14
23675165364117 2
65737327273236 2
74622114357366 2
66615527434676 11
37346461572635 14
77262163113617 13
13541657425626 14
27434545725125 14
36712437445367 14
66346674513443 -4
64162563776245 4
22425423574426 4
21422511431561 14
76734117163521 8
42541724342627 14
52713476134266 14
73227115234164 -13
56215623235412 14
26253537763241 14
46146277772715 2
22731344172611 -3
71162127521624 11
21743713642531 2
62215261155216 13
45726372345537 13
77212613541364 2
65764332122411 14
41253345241163 -4
54336727116467 14
16277452756534 -12
24156611653643 -1
27612327653417 14
13315546674573 2
16367144154674 14
53412444266567 5
55776374672557 0
14364277575364 -2
23714611452332 4
65247536631751 12
24621345211343 10
15133647574175 14
22155277524773 3
23271427654243 13
74165653461262 4
51147452564672 14
43511734577756 14
67351245271134 -9
42566743734711 14
34265347761142 4
64411235463343 14
21277751514725 14
15462426277353 14
73424227267553 11
14425232676333 14
17746377143525 3
62674566347511 -2
43565612432317 -12
72547512513446 2
55611427242714 14
63576723547347 0
17565327553644 1
32471527166354 7
41233757273563 -9
17775576112244 14
32552377441352 14
25671566244136 2
35677227437616 -10
55342633614222 -2
72315467575361 14
67537646355376 -2
33421553161632 14
27625127653415 -1
67624161437134 14
52212614757276 14
24265415737345 -6
53344621375641 14
12765442443131 11
43435515421717 14
54551334416561 -4
52145531656776 14
44322463761531 14
26161572336561 14
26413647441712 14
13526311366124 -2
15221217536767 14
41172567753625 -14
36235321172372 14
32456227316436 14
61513756375512 14
65225431757753 1
53277256571443 14
63313267437121 9
21643125322416 1
63365453271574 -13
13115277644251 9
64176772727654 14
14246174135236 -11
62416456576313 3
64256322366135 2
27665431722641 2
25734726677423 14
24271173525345 11
66763752532734 11
75624343731511 -6
15322216757764 1
53235345121231 2
43356237451252 3
56464332545272 14
13644576547317 -9
41457253247516 14
76315111443412 -2
16473663523455 -2
46231154412762 4
44363135276474 14
22444111125575 14
26645146371434 14
27152762525465 8
53533762415462 14
47644177225272 14
54675513115646 -6
12561414435431 3
21143554163633 -1
75634624517732 11
32662433323314 -3
16361776174335 14
63442113436622 0
13754712475136 14
35273466227677 -2
45524363114752 14
22513373551776 14
52671434224644 12
65416553653173 14
46173167546147 14
76454521376155 12
52765432521613 14
54137462324762 3
13564643353312 10
26132676417142 2
15134675543612 14
24714226131653 13
14524747335666 13
12563361234562 2
25354631271271 14
16135252237563 1
23727272556153 14
15346155754342 12
53462361161652 1
34122164554137 13
27573466563454 14
13432154656655 14
44541351721145 14
15662413513545 14
61231357544712 10
36723137734714 -3
67117456163252 -2
66666235435531 4
33126165244772 14
64714451156543 -12
32112241333556 14
73634176476143 14
27615111552642 14
64642727367552 -4
74452264613156 14
47525422746513 -13
42411564136126 14
77357151155423 -2
41265663522562 0
34725612351565 -4
37556365531234 -2
66763751127164 0
15726532676225 14
43717126243544 12
67211434425656 5
43322743723656 14
31761274214217 14
16676144523667 1
17717163142766 -3
45227776673642 14
25651443677346 9
35255424615161 4
46756243171235 4
13325742324111 14
52512234336776 14
54773225452714 12
45221644455576 14
34235674731441 -13
55161436251756 14
46316312151224 14
36454535716733 -14
36736213316412 -13
21533416724161 14
65231745615462 14
62334445544574 2
43434365666514 -4
24776376275421 14
53265611744125 14
76314272127415 14
32172726511761 2
52564455276614 -4
34462241455623 14
66227513253616 -10
35454264647152 -9
56335324664461 14
17365676671211 0
77526475642253 -4
21763455563147 12
66266521441677 -4
77245462635673 10
33326461244216 2
73172215317434 -11
76217574353345 14
12463521463223 14
12351343127473 14
52764265174547 14
67453243562761 12
11335641753375 14
12474335262172 14
36646772315454 2
15431261437357 -6
55164227242461 14
64275376614155 0
52255426137244 12
34127574223555 2
43577536514624 2
72456233471266 0
72444522761333 2
24365155642361 -1
74523156475327 14
46514252756431 14
36625727423714 -2
35634335621612 -13
55532122733366 14
56537131365713 14
22761537726634 -2
47737165167522 14
76525444412676 -14
66344212675763 4
32113442576366 14
33466117234663 14
76172261652445 2
77573554637346 -2
35427767136524 0
47565134711473 14
31566152146163 14
71564232357217 -10
46246561311174 3
57425763143342 14
47634717465651 14
57116671256256 2
61215274325434 -13
15323571476263 1
64612722516641 2
42326512516322 -2
53761177757242 -4
52647137522766 12
41534717676271 13
16223464277744 -13
62721617743442 -5
44227553264321 -13
25433763267265 -1
74412711274421 14
11754512275436 3
23246743635456 14
73224376614415 14
42531355352622 2
32771641424355 14
24657147623767 14
73543667223243 14
17435276455414 -4
76436671221134 2
41151356374657 12
13117655235351 -4
66672471637432 2
21255121531457 14
71426665353642 12
72554422357253 14
43274612527634 -5
24277736645553 2
76244361277654 13
21333677464243 14
34467454517625 -4
22112334656665 6
14372631553441 14
45771276623362 -13
45516534642742 -1
65614567154112 14
46547175254626 14
41324317525616 11
17627175552432 13
65265417157412 14
42224314477715 14
76365637631114 4
53167652142752 14
65312154613427 -12
22567177323715 14
36375226417223 13
33235474274124 14
35247351157672 14
24655751132433 13
46247735213176 -2
27157757442172 14
34712231657154 -12
57317346323627 3
26433714456251 12
62714633757123 14
67712571531675 14
45771226333214 2
14412632342262 -2
52413671337627 0
54113561367254 -3
43227417475636 1
71752364557362 14
72551247464352 14
54214267635662 14
17723126414146 14
55767131562274 14
64172562641737 14
36664635147221 11
27564354772376 14
47537637112756 10
67655127243741 14
62755366422567 5
47615147147521 14
42444313356226 3
67346154324751 12
21551325375763 13
34565652312476 14
43216673271462 14
37765576345711 3
51114353675672 14
65461376567227 -13
13667527633772 2
34653372467326 14
34153674632415 -14
62465415562711 14
73711176362257 2
66712546511323 1
35313462216277 14
17256126645415 2
71375627541457 14
77116215767311 -2
75657441324364 12
14731151673246 14
14574534514622 -2
52356636325254 14
22643147263445 3
47427312471363 14
75263451153336 2
35671332234254 2
14236473651712 14
75622715332155 2
43476112115732 12
27215427113643 14
64615574373423 -5
72636674123417 -12
73313622146255 11
67745234473565 9
23313424277534 14
13325342442665 0
54331166726315 -3
55415657377216 0
61574563266757 2
72277326135131 4
67725176265344 1
56464673556235 14
32762173316225 4
55142147274671 8
43371552174631 14
14251267373467 -2
34175265673114 10
16432765763512 1
45324664351135 14
35414737155377 12
45146124435743 -12
76735324563721 3
43367671344354 4
66155646251122 14
43126132653436 14
15666223767171 14
25334141342174 -8
21657511762552 -3
33121314355246 14
66252774344271 2
27234611451567 11
57664753555216 2
16675144463231 3
42126512774753 4
41434627253374 14
47326174337725 -2
11215745465331 -3
53321152223756 14
26767551561523 -14
11316472317365 2
21365236156374 -10
55717331462176 14
41123272363574 14
24715153275461 14
42465113176714 14
16635214722535 2
47467334175331 3
32322267674546 14
47374221567644 13
56776627522624 7
44661465126255 -9
23467622451111 3
54476577117375 -1
66747113751554 14
64155736517155 6
77526214261661 2
46744543352662 12
77313361612776 -2
43351422374654 13
57246264331774 -14
57361523331427 2
76522541237763 11
25762521726235 -1
27736457533232 13
33476125427651 4
15134633673415 14
54727244176472 2
76724221427442 14
76521161254647 4
34266757553434 14
13746274635431 -14
46377615745677 14
64341756211522 -14
23752531465436 6
76112515754166 14
51543254664422 14
64465767731176 7
43665237467154 14
35355374355431 -2
62753225453476 -11
63274475376654 -3
52613176257623 14
77126314516565 14
53226727173477 2
62226563757147 14
52373664354454 14
71541436261242 -2
25673514145355 -14
37435436424417 14
61476621344771 14
63215132357677 14
15717311642556 2
16765432346571 10
25744271513633 14
34276731756611 13
57243126247351 14
52247574431331 14
56157276622343 -2
32413555763471 14
72147435173276 2
14415756322336 12
22765412553777 -4
74533755232376 14
52117372136336 14
65371524523142 11
27225645131674 -11
74216421455731 3
71474222631377 14
65757342571544 -3
14124734615325 -6
54613721237355 2
23164352657651 -2
33712443452767 2
66175253162217 14
11144234543275 -4
46643752457224 -3
22341672774236 -5
53667211545175 3
62335257516637 14
61416654225762 14
45645253331146 14
26753577147544 -9
75772551632314 2
52627421171554 -14
77411617325333 2
66311522772315 -3
41474434634115 5
31236546136355 -10
42567175442376 14
55226311143736 2
16564467535113 14
73314412355265 13
75342263717551 14
61714447372245 4
15767121377251 14
74773761251674 -3
11423165275453 11
52732333112145 14
37565377335146 14
71213375323561 -3
62611756331234 10
17131152124535 -2
61331531722651 3
16344324516352 12
57152467245214 -14
14237727615441 8
42563653117174 -7
47672252164372 -2
44731653555271 -11
46772342762415 -2
24224326374176 14
31716552373162 14
63731234467155 11
73236445427415 -4
46176175134243 14
41147226144223 4
75645411366222 4
52346434576517 -13
43247374664724 14
26257763521126 0
13376374241236 0
45363324542351 -5
14224732652415 -3
62342413511122 13
45342117544675 -4
36621477515151 14
55343176731617 -3
41342615235763 -2
36751552431771 1
13763654772415 -3
64725776322167 2
43621436732745 -2
52421666357742 2
71152434226123 -13
16456527262764 14
64575117472453 14
31166672413376 -2
21144272254577 4
76341773326454 -13
55571312644534 14
23637251617763 14
65236333376526 9
46254351437527 14
24535262334135 14
62223427527344 14
13475222155615 14
35443652221162 5
67277342152235 0
27117561635751 9
33327274752764 -5
61237531634521 -2
31115123356764 0
16525715311764 -1
34376215257473 -7
14216676333375 -4
55246752632673 -4
43372246472126 14
72763714121573 14
57713247364116 11
37633461141214 14
22725466433432 -4
67217243566654 12
76634564725262 14
64515764173776 0
55244653621236 12
75461624234141 12
37246645676721 5
13621653331147 -2
64222562775751 10
71134747422753 14
74663546563313 -12
41634325476617 14
34434352743765 -2
36156432457341 13
75452563373122 10
13263443714272 9
23153143661671 -2
51412376237437 2
54226644356317 0
41222654637737 10
75367311652217 14
23615445147175 0
13557514673277 0
62241117435632 14
66126765425153 9
35412254761644 4
54765346422713 13
43755531342447 7
51551627156732 14
72325671356742 -10
77443123761372 14
53647117143726 -12
76253474614726 9
52346743667237 14
44162317673471 1
41123772164366 11
12732621175476 4
42616527277645 4
23762153776544 1
12436322365254 14
43277156766213 13
61553426752312 -10
65127256616124 0
57513443134717 -5
26325276556134 1
25644271516235 14
75163343543743 14
31371226364376 14
75143676557745 -4
56474223277345 14
62243124473163 3
73575243321772 14
27424321774216 14
24665772671154 -4
32232351135657 14
26243436476331 0
62115113136774 3
26772543147565 -2
25711233231444 -4
74415555252616 11
67461352637175 -3
61767677234426 14
71645435147515 -14
27772347736652 -5
36526414775277 12
67263316271374 -6
24513767624654 14
35136157251215 14
46251335661572 -12
51633122357423 12
61645471451232 1
75264236643655 14
46216345312371 14
47363251274621 14
52127632431754 -5
66577551476416 14
52753575323261 14
13434572336143 14
24316614342741 0
66466456525244 14
56667223647247 14
44631167633552 14
24762461623113 1
34417365722656 3
43213356441251 14
34344767511525 14
64512623731133 -2
14124363741153 -9
65454723432114 12
24653737264415 14
65266154517332 6
57644344216175 11
71436146626531 10
27527436336533 0
25263216171672 14
15723715455624 -4
43716647723714 14
37543143125165 14
14343751226321 -1
36124527556224 0
35374573317117 3
63177254642615 -2
51665233122251 14
52763361126145 -12
61321275642544 2
12634143676245 14
15263175245274 2
51424756725527 14
14551337215666 11
74743316276362 -12
15643236721625 -2
63332571677127 7
72126237531371 14
43773245213742 14
77454176635474 14
34427173765112 14
36445217525167 14
32621657377351 14
15576342653313 14
22727735724533 14
37214516743245 12
46171256754244 3
42324354752457 14
57117711532465 10
56137663433256 3
25452746133273 14
54711426662625 14
12524216674535 -12
65344225371563 14
52222674325374 2
41351664322611 2
24376526644631 12
72413551765143 14
56731226151276 14
46271653775446 1
52715173332322 13
21374635134347 14
44712754257312 14
13547345247312 -13
63475231167212 2
75666756215573 4
46643531256744 13
61344423612553 0
27275175632141 14
44163753774755 14
55216374767333 14
23324317265571 0
12557534134312 14
15323655676365 14
71721622471345 14
56231567341441 11
13632456551434 -4
33511253275762 14
65447225553276 -4
27254642134377 14
14431327662157 4
52112243714236 14
76347122477642 3
43426417156525 14
54361157311762 14
11635352275325 -3
66345572742164 -14
32436736255334 4
17256254673441 10
11567671173625 14
75575433721146 12
73724112642132 14
25336532237524 -14
35476517625264 14
33326726332644 14
24722756367542 -2
75634625651127 -14
74462354641141 13
23127255521133 -9
41425432371313 14
62453431322772 14
65634671451421 0
47664532175633 14
11167321665412 2
57166214623771 4
17163332332646 9
24122355364736 14
11527452663345 0
73131224553422 13
53211437237215 14
11242415665334 -2
26621212154337 14
74555126755642 11
67123414432265 11
72253246472733 14
27342115734441 -13
63355341751442 14
34715777413423 -1
74646721515523 -4
26316545345121 11
22611564345261 14
56535217421445 6
44366411425625 3
56315416262417 -6
23773341465731 13
45466441423335 10
43334436557676 -14
25243461161177 -11
15673466716521 3
14111727665252 2
64541376645341 -11
47246533665234 14
13574412765327 4
52354556377715 1
14442345651645 2
34542367231361 -12
71376644262466 14
46454773766372 14
77413662152177 4
31421532572766 9
35141622234271 2
17423537641475 -9
21236644174125 14
67566212474774 14
77272761665123 14
23661537466153 12
62713617142523 2
15332465516637 2
25655272771654 1
71531626563424 -2
37655412543467 8
45126552112732 3
53541124327754 14
54755376461642 2
14525334313275 14
43216415327672 -2
54423135736465 -1
14327513763365 -4
25276251374326 1
56151143461666 12
32732636355624 6
15163334733275 -11
33642111514165 -2
43637217746115 -2
62235547213174 9
32765735437166 -2
44122755471162 14
25443163747727 -10
34612647137411 -5
14415475321515 -14
36437515645235 -14
32443567116156 3
66271451653674 -3
35731133152427 12
51712334631515 2
11746732353245 14
23465647371227 3
73544126133752 12
55763466347742 0
34513236516355 14
53564467725166 14
43546215176662 -3
56567317734142 12
56643757742756 14
17673421542421 14
32243657644364 2
77615324711662 0
42631564425155 10
51327461631564 14
45421116252353 13
43544312276317 0
63454645517214 12
64671523255126 14
42175226725533 -2
74556373531631 -4
55743642341512 -5
45537544331112 14
63724514631731 3
64327435277711 1
43657235732226 1
25317673246623 14
35762117134466 -2
67752276773331 -3
66512645672316 4
27367243456265 14
33243476477551 9
46414665513175 14
23554721176366 1
27441275426361 -13
43442746175436 13
54527476121564 -10
74712763434145 14
73416516642246 -13
32357346667571 14
45757322637547 -11
41124664315727 14
11667337214226 14
27642733511144 -2
72773614534212 -2
71561541456374 -10
63325162565665 13
57231522534665 0
42153472124436 0
25173112743517 -3
56172452737552 4
64332753744254 14
13337136527432 1
11377417466631 -2
56214367375316 14
17145743216174 1
24775611245267 2
32575421612317 12
77733413316122 0
61753754145165 12
62336747752363 14
71345243276315 -2
23577352461111 10
51535674412636 14
37721626471727 4
64423425713265 14
77111154733321 4
22553425633144 14
67716522344241 14
53247313563163 9
35632737516243 0
32466611751262 0
61522276332674 -4
21423176177561 9
21213735424172 14
64117372312756 9
33517561546542 12
44711675316737 3
42434556671324 14
51373666362214 14
63762311213243 14
14624576213544 4
53412116663142 14
45174325171251 4
32745213442142 -2
33315662654177 12
32541532113463 -3
77457374531441 9
21574321174276 5
75671316565546 -7
62142734136154 -5
16556224435541 13
23576276651452 2
66734575562761 3
47255335646437 -2
24534467266774 3
64141321757645 2
72546161463674 14
52762334436572 0
15447562464251 -3
63217214375156 3
31557275364732 14
54167657224547 4
16457517544341 14
12363367222745 13
53124417147725 14
35637166241157 4
13555462723143 -2
55671526452216 14
41717431255333 -14
37644752223514 14
16476512472735 14
76537617422247 13
32645662365175 -1
35447213152761 -3
21417534326152 -13
41223635145764 0
31623614361277 14
17362451354214 -2
34153272144166 1
77434554717465 13
32765765427415 -12
63674622546316 -14
36123541277427 12
14572336261655 14
34566262737134 -14
21573524742332 4
13761331225752 3
66124377616543 6
15653222125763 2
77646517261134 -11
71363624325654 14
65555361525733 -4
63633536357512 14
25144165323344 4
51464243136731 14
63447372124622 14
67211523525463 11
26241614337415 14
16325241457733 -3
56642726176732 -2
27616531732647 10
12356766245423 12
24331745572253 -11
36145333531475 -4
71634415646755 14
17222553376374 11
77112325733146 4
66161727315563 14
72256655347145 14
47635252311125 14
54647634711562 -14
33747635216245 12
43754466674221 13
37231265532614 0
16757743251432 0
24671365542567 14
53446127345631 0
73456342624617 14
55734474313171 14
72645761256472 14
27375312311752 14
25143436461512 14
21246311375712 14
77541531426374 -3
22546325127151 1
77422372411271 14
34531121372475 12
43522211123215 -3
57232512114662 0
43172445777273 -14
16414257155366 3
31234545132421 14
13772243774727 9
63331564734644 14
12365722443763 -2
63564526143527 -14
65261213253334 2
47736125541723 6
45512475173325 0
62327673643546 2
13156674273357 2
34411347212167 3
43343136517216 14
43715214737667 -3
72722166346423 -5
24353542127335 -14
54547316556173 12
55352716133267 14
16657535517134 2
11127361264246 14
52451617752646 -13
12463663527452 -14
44437772656623 4
47115526524667 14
15741634527343 2
62126775554761 14
66173232544736 14
47651472134256 4
17235173724271 14
36543446437563 0
51142324522717 4
57642511716435 -6
11734736134725 13
64332242715147 10
65153163126722 14
54445546356143 -4
56745235322276 0
41475373573231 13
26545611477357 14
24153364274614 -14
41541655437672 3
15535633461162 9
34165141631367 12
67723452216175 2
53242775117336 11
77622165324427 3
46767172175553 2
22772646653235 14
16736267372421 1
41256357423775 14
46713271675314 -2
21367413521145 -2
17164551123121 13
53753162317263 14
34275376134544 -4
23255666764332 2
13467254215673 2
57327323672453 -3
45371263214211 4
23762555717346 14
44642354425767 -6
31255242153445 -1
26611267241444 -10
62742741775451 -3
75661736736443 0
62557754464422 9
22627531437334 -14
56566643754354 0
36513142523463 12
42334235351261 3
26736363575621 -3
73442671654256 12
35537242474636 14
37365627542134 14
56173675673211 9
76573417352511 -3
16747276656714 -8
23556711435576 -1
35763631542513 11
61677537642316 2
77335732616427 2
24236523424431 13
54627324177644 0
62712236626547 5
54261577642353 12
41671266342676 14
33323155267247 9
45162213247141 1
21727436473514 0
32527411214645 8
12663157272367 14
22734675355676 14
75234356172237 4
16541652563422 14
64241574733745 3
53411747516453 14
32326112614427 14
67612113165457 9
45563175762611 -2
46734611521632 1
54176673536214 12
75127263332145 0
57612135644773 1
26537216125471 0
16755275423443 -2
55117763247172 -8
42446163573115 4
62177134513522 2
47177346756224 13
56617357175342 14
54674743615145 14
47112763511142 10
36123316336677 -3
22733623761622 -2
54642576164271 -5
44775621467214 14
17617341537261 -7
34611672626415 -2
22326326344262 14
73223554412763 14
21537523445177 14
41267427657455 -2
67743747214315 11
67617417123773 4
21367165323516 14
21346217437753 -2
15245534772352 1
33157374771214 14
66754623316273 -3
64371621722237 2
61143174367675 14
42575271161162 14
37454351511364 6
61634517136521 14
54637754764352 14
73563525633125 -3
31427143265577 0
37617416722116 3
16751761536212 3
24115256556677 9
17443275627651 -2
32365665724657 -2
17231125276541 14
37341767564135 14
36174265737424 -4
41151572357312 14
63743243435223 -14
53151274444757 13
14334722245123 0
24516677711354 -2
53452111274266 14
12757114371361 -2
64261422732552 8
35733674413166 14
75656112316757 14
65612342561734 1
42736623453632 13
13112253773465 0
45261337735477 4
45775712373671 13
75223467541677 -2
15324135633162 0
44774153163657 12
75466234176127 3
23661441173237 11
22175663777564 4
67137241356647 14
63763145613343 9
26132122574654 5
72643451633557 12
61474267665155 14
42114435465174 13
32713674761345 14
46752141612216 3
36347375713127 3
74326154265734 0
26255321137166 14
74176155314762 -1
76446667537256 4
57772253314241 10
44231166651353 -14
76534271273536 11
14772411612674 -12
67521467322342 0
42556324232153 14
17226765712655 10
73612667246244 3
47752661444312 14
66212537473212 14
32453754541725 13
26754541574266 14
76322264275674 -1
36727264345751 11
74332734673315 -2
72463376455557 12
73375176133265 -2
47467154353631 14
41524362573322 14
13112667535565 -2
35577472316423 -2
42436513154511 14
35716326573135 2
76665244432677 4
73345166736443 -6
41371473632745 -4
26363271442116 14
62456734741613 -11
43457531166524 14
74312134226362 -13
21532217546543 3
14235134322415 -8
34676751541122 2
52237752164334 2
56631617137235 14
31616374723555 14
46451272337414 -4
25121516323765 14
65655376232562 -2
67711732213557 8
31653667765143 6
37644223324571 13
42413517376366 14
21461667451255 0
24356534562627 14
35735534341277 10
17467754743256 14
37446516622124 -11
62354443226176 2
41151277323723 14
62547373357772 -14
31736774626125 14
64532572437576 14
32123362167676 -14
71564767147441 13
53166335227712 -6
17141323547631 -2
74534341353723 12
51466334172427 -1
72736551413524 3
73645321721177 -3
12475725365314 -2
56774253457613 0
14256354723114 -3
42256216151251 4
13131241364765 11
63123155473212 1
27543743715124 0
64316565365534 14
73364312214714 1
67144542671575 -14
42317276354255 14
75247721175352 8
17674435563143 14
67243621352115 14
27251535566623 14
21243474414632 -4
21257263112447 14
65554441116521 -2
14274723517531 10
23464373425656 14
42221475313557 -3
11746116313553 5
77474551153672 13
23376714175251 3
76465751712651 14
65614573314235 4
27663465347325 -2
15252477662346 14
46721554272654 8
22457635637541 -11
74554161776216 -14
74445253116577 14
24477721543346 7
72756737252542 -11
71542165723714 -3
34254773537462 14
32511664316675 9
31713611142426 12
45722351411625 14
35675145556471 5
46464233375761 14
46417711522463 14
32156675532172 -8
62354667424213 14
12537257522636 14
57746272456135 0
66733127536416 -1
32155666123514 14
65132415555624 -5
21513264654442 4
56232175376523 14
52533646343675 14
34467677425146 14
46335263443451 -13
52465776367454 14
63742241165447 2
63241656754152 2
62252342637132 4
13612512244742 12
61327343464176 14
34516751115746 14
43121724525177 3
16233455561664 2
54332141674776 6
54763311613524 -13
44743146331542 3
12466255465757 10
47364564763415 14
34432757537616 12
54447164671365 14
33472662216323 14
25352474431175 -7
17426347173152 10
47547622275335 5
24271511676233 -2
61261722765362 -2
13212432177275 -8
43526612236557 2
52673427642237 -3
57156643544661 -14
76312332124462 14
14577225474375 12
72745443652345 -14
61355653522521 6
17244644515633 12
74472412616755 0
64255273712636 2
21571223436141 11
34657713352376 -2
74666657424171 5
47366734433217 0
44314713627347 14
34717642525177 14
67131515612475 -11
57672226241543 4
74657535122131 -4
65524356716112 7
53416776367326 -5
61232417656213 14
24773532627231 14
73266355321133 -4
73761666457741 11
77463472266317 -3
77544635276146 9
46677513261365 -1
21643622125344 -10
76724151714326 14
46367365431416 14
32166727425521 2
42552316373176 10
42362417653611 3
31575224425362 14
36525734723366 14
61451571632257 11
74434373212445 -14
42162153237777 11
67745251522667 14
33453417446537 14
66634571131171 3
14526567415532 4
36421545374137 14
74541653537243 14
23164546432751 14
64125573621467 14
72566326131342 -2
21251676445173 3
16172741562343 4
67213415442547 14
15774626231121 14
14522466472153 12
12632255425534 14
14345326264454 12
63114227361316 14
26216372121761 -3
71145724265443 13
12355174514313 3
55641166723622 -5
21117651272454 14
17537552714123 2
24333352447411 -9
63315641541361 14
32756153372712 3
47133514254652 14
54432524376175 14
13715717354225 14
44237257374651 11
45545243557643 14
74763426423326 -8
45714411641576 -2
16135732136642 14
63525721557247 13
44454327245127 14
77266161171574 2
53166122415356 14
37336445564627 14
72274161217566 4
15651751426335 11
76627231613654 11
43262263254117 4
54727171421156 14
51322324154431 14
41225116552767 14
72751171343766 2
65621375714636 -2
62741742675331 14
67634431254635 11
73732121537244 14
57673434772175 -14
37657767567333 3
52373677163344 0
24572436222635 -11
76261741241546 14
35716717652716 -14
14676217533162 14
52761714525376 14
33652724636516 -4
23157323615755 2
41657441736216 4
15471226767324 4
55364115743534 14
21547117273637 -3
64371241771253 -2
76255734534667 14
32335234636125 0
34351536444121 14
24754232736237 1
13137457635764 -12
15476367762316 -4
22743534165411 -13
35247511772363 -4
46635274551741 -2
37713776126543 13
72466427537155 -2
65773325551614 -1
24217332757547 14
12517245271637 11
54643164427332 -14
77715214212542 0
35717424266621 14
57634734727213 -2
41432615537711 4
71277123671422 -1
26373653277444 14
45267221736613 11
43123266234774 0
51764224544235 -1
17166363741253 14
72315315337574 14
15736117354333 2
73227264347515 14
53534264136541 14
42367242365514 -13
65351431712247 10
21226433371273 -5
31131246752624 -2
46736173745463 14
24554455626241 14
74515225262142 13
45637236431731 13
23564766225334 1
24413665734152 14
36665321147754 2
45361265672574 3
35515264546534 12
41151717636547 14
56235234332426 13
32415326435265 0
45661543673652 13
17276144132547 4
47523154214224 14
33532475157571 14
54543415664363 -6
24235222476513 14
75657741675417 -3
61356575434716 -13
34547611735155 -11
57362121237711 14
46341754717366 14
41525762227744 14
71165126137675 14
42267613425745 14
32363121414444 14
61472532736143 14
24545111662455 -5
77212474146265 -4
77254736334461 14
62154133775277 -4
63646537243352 14
21747111436557 14
35245165256211 -2
63545625172174 -8
73173614566352 3
61436375674113 14
72556162563767 14
15662533377675 14
44735234266712 -5
32365325526742 2
17425531162541 2
63123454513151 14
12254617644361 8
26234257164757 14
35765261221371 3
56177315424337 11
32541636324522 14
46425337346761 14
52431721772545 4
51317242754134 14
47217145327533 -4
66514157576361 14
15556765714677 14
34625745336662 14
55115464567223 -14
25762347745726 14
33456242326145 14
23652546165434 -5
65246235335413 12
26772447615347 4
77435663635655 3
53443725117413 -9
22617547356756 9
33574111367512 -3
47167624115755 14
74372536176667 -14
13164741727653 11
23144555512714 14
76234213677766 -4
32462437617244 3
65566315324623 14
57666565327372 14
52627364245767 14
27532121137562 -3
13276727712342 8
11115366324772 1
63542577265371 -2
43754617766111 12
67261711176344 -3
15415162627322 13
44657376467565 14
37411136675367 14
74643235561547 4
62341626113536 14
77333113524216 2
47274323163656 6
52731275345653 2
26566237116155 14
24443631272141 14
67756127455637 7
64724352351244 -3
76175256753336 -2
57123312246136 2
62734465267775 -1
51225343571773 14
16724363151777 14
32754743357312 5
27662442547323 14
22753427214715 -2
41325712237145 14
11445653136652 14
61633153551277 14
57137732247266 13
32231233736746 14
51415477371535 14
51172464263762 -4
65673146274167 3
13532132164653 -1
31462417254362 3
65644367142313 14
41262534711434 -4
67523154157217 0
55126372546141 9
56117316447241 1
24775446471755 2
15112235641121 1
42554642366573 14
22175741656541 14
65124567417122 6
23463734722616 0
54635531544163 14
12576321221742 11
43277674256125 14
47124561137754 14
71652322466165 -3
76532716415664 0
63626657225534 14
66224243151614 14
31512122155353 14
37116465336713 14
41416267763573 14
51131776624257 14
62517637531442 11
75546221446714 -4
32122674645736 3
77723323511374 -6
62262133261175 14
34131527556236 2
11531646226634 -3
21466373734434 -2
57254414171373 14
12315437515375 10
47776344324164 6
34261441756724 2
66553762523573 14
74564363461552 14
76417476232145 14
26255275463117 -1
25446325315574 -3
57261427372533 14
25516352414736 13
71776524475226 4
22457424246213 -13
62157245115716 -1
17422476775512 -2
45127454265143 14
37416212347163 14
77436536575461 14
71125551627363 14
24662254614136 4
36672155772756 14
56622564173413 11
34611422767133 -6
36773412433714 14
63764613451633 -2
15224747432661 14
17433542611252 14
71156246336344 -2
57376751213446 14
21235773126417 2
77314666364125 14
17231166622552 3
37167547523372 13
45134116475757 14
61373514252156 14
12175521333635 1
45571323676235 3
53556342645167 14
55244535347127 14
56124136511745 13
76335262215154 14
25741521635462 11
76615447416152 -14
32632645777577 -5
27133625416154 13
26612437463153 14
74225471151734 -14
53535631477736 14
32774217414555 14
56532231614133 14
42421173676342 14
43272511321534 4
27634736345177 0
62122271611755 14
41156111126735 7
31176231352465 14
35721236436655 14
12232437514276 14
54571321365612 14
54176761637541 14
64133166535561 14
32753114772444 2
64561211114334 14
14663273765772 -11
56657463543572 12
55211315474362 0
57346332171416 14
56277332221257 4
24641257735231 -2
12443265532477 -11
57531735712453 13
14324234766115 14
67551111276124 2
61455631224353 0
65542644221673 14
63412314614472 14
73513426147356 -2
71257353142441 2
45511262267437 4
17542656446222 2
61535761342417 11
74312611546342 -11
62121551367477 1
53712772563533 7
24714441723553 4
17663571625435 0
21545465237175 -4
72351722655416 11
67265346163734 -14
17631544437622 -1
72134716612572 4
74513114473415 4
41766534725413 -2
16736761531226 3
13171245347743 14
21365453113634 2
52457427353224 14
75723654344571 14
64735511341416 -14
74175662575665 13
74712512651514 14
62223177675164 14
32255217463672 14
11254653644336 12
41164562273527 14
53524726625767 14
35716263354455 -14
71547417223566 -12
23174456574743 6
75336257764241 12
61312625177123 14
46145317223256 -1
41653572722344 -2
27361155155372 14
51162376457426 -14
63227515255211 -3
16456717277355 14
52667525371735 14
21215223736155 14
13513733647576 3
53231632761655 -2
11737534372424 14
61341672245237 -12
74673464375521 -1
71466564472145 14
21654743557521 14
35264127734147 14
14156666774134 -2
24746225413566 -13
21541365613127 14
35447523672452 14
64472624612175 14
45226577543137 10
35216171473526 -14
74147375634525 14
54537426334745 14
71542247731566 1
54613457737713 3
23731413271776 14
61412417765544 14
66521667733432 3
27636154671245 14
43767617752112 0
17155262672674 2
52114677365424 -4
62235445641623 13
43352617221151 14
16774147436323 14
27343352756371 -3
17272245274463 0
22536247747732 -5
77627565437355 2
53422334764547 14
63137114253446 -14
71672717313515 -1
33666656137457 2
65217662415771 14
56762431427372 14
74413317145616 14
45144112555636 6
76151312211633 -3
76774311432457 -2
24465456654571 2
26425472435334 2
12324636265743 4
57717663462422 -2
13271161562463 0
51226446627621 4
55712714455437 -1
23245362114562 -2
24636661337577 11
57331267145432 12
32173356336577 0
45215613445763 14
73745652235776 14
25774362612322 -2
46336371673245 4
51621431477464 14
53273446147553 0
57141164332671 -9
73235261666315 14
25647472453436 12
63433645111272 13
53527637467445 2
35147616633727 3
44667552231156 4
75512774535263 14
23746436545531 -3
13544652561567 5
55471651734267 4
55136736121475 14
73525624244753 14
11377552464415 14
74541526144613 14
57227576437242 14
14277337135616 14
67524443765662 11
46456233735252 14
61743223134263 -13
34276321173672 -4
71231266565537 14
56256361623213 14
72451526466453 6
14576273666364 -11
26771373473655 2
16322145422434 14
73215334255132 3
15533173442161 -12
24234247613571 14
56477562617611 2
73413267652235 11
21447354527635 -3
47555136422273 11
35757116645223 11
14576753121373 14
46225373233744 3
31425316177627 -4
56367663244131 8
75341127755225 0
74573422364613 -3
63275765134563 14
35171564352116 2
42736463761525 -3
12456227161256 14
62163477653424 -14
23721246155436 -2
72736527624527 4
57651441216765 14
72431572766451 14
65676711147322 14
22464466252755 14
65176271734116 4
66553151737114 0
47557412523714 14
13165763165621 -2
76432172645271 14
17517651127451 14
53277711444314 -5
45776362731127 3
21367114451155 13
62117573526312 -14
51741563461773 -10
42542611633357 -1
74165526317543 -6
22262711137745 9
35776473632741 2
67471166744362 2
67457214123414 14
76517563355344 -1
43257643654273 14
41624116732561 11
26524612415441 14
42742672464564 4
27661356645732 2
41421372475664 11
12767347756431 10
13451362351557 14
66721346132747 14
34617323571211 -5
34473711713763 4
67572264541461 14
52575263416215 10
74143245137626 -2
45116373442272 -4
47722436347113 -3
35423412477517 12
62173533424622 4
74567225533364 1
61542172174356 3
43523431427512 14
65562315127215 14
33557513524346 -14
75743172414613 14
13523476352545 14
54435374134645 -5
45576216465332 12
71746326312771 -2
23725235665171 14
66243231777437 14
26237555363735 14
34257154427543 -1
62411166431247 14
61413215625461 14
16127764414255 13
16173346414353 14
26475443366732 13
35552112662537 5
13517413452556 0
62272453425367 -2
64647315577322 -11
55137231347564 -3
61561574772536 -13
71771662343241 10
12763617334136 -3
24533465471417 -1
62336423714553 14
43244126265117 14
41357456645736 14
75372654215122 12
54455122134215 10
21164353467344 -14
31251114341326 -13
56671426172331 14
55747251763644 14
64732324451741 14
22226367516756 10
65625762311725 14
11364532673314 6
65672214263157 11
64231526345413 -13
31726627176312 2
43211353364665 2
16637347225511 -5
11515766657421 -5
41764526572573 14
64377223661512 -4
31432563663522 -1
56317155647413 -11
56522167633565 14
75442753416636 6
75263476223577 4
61276564222147 14
74553125236562 -8
27131435173553 14
51366431257152 3
41776315651532 2
11473221731473 -3
14435724657224 -4
24436563467367 12
76551223664746 10
21642643162314 14
63152451542637 13
27645426647321 14
14372753414575 11
64734675352263 12
41365241745253 14
56574176562275 14
56347664356371 11
71373411652325 14
13261567737153 -14
72473555461322 -2
13344517676117 14
37763142415347 14
63362215652733 -3
26452643762753 14
12722546357257 4
23532617742461 14
63412134637332 14
31447366417771 14
53177163214416 -14
77426275712536 -2
24142737635236 10
25463752735442 14
57214366552234 -3
25124153165317 4
76416365477225 13
23324772371646 9
12456624155422 -12
73162222134264 -4
27321327132326 14
41213427477663 14
62163625114557 13
71474434415611 14
11551363726372 14
24724425536556 1
42266233241621 -2
45664441734212 4
14363242577376 2
72132457656136 -2
41553642676132 13
36146572371443 3
44725521123172 14
55325732136354 1
36455373611717 -4
74512273345571 14
74717744532565 -4
46316262761523 5
76234143145717 -2
12313241554672 -2
16412362342762 5
54213232544224 -6
36555237476634 14
64316712226315 14
36275431346265 14
31256217367616 -2
45352451725112 -9
36437121337122 14
53474327412121 14
12144173512567 14
11365147413345 14
35476632375272 14
43122315562527 14
51755514547276 14
14421734275352 13
35641116545161 12
15774121672162 14
75371424512263 3
33232747612774 14
66145537412241 4
25315641731311 -2
53437635643142 5
15262554365436 14
75446461713132 -12
34535256643326 14
32471316562567 -10
31675466271517 -3
15213433744562 3
16511121562335 11
53773125415336 3
63634225217133 9
64152774245722 -5
51243644471714 0
35321123417246 14
41773216325675 -11
54175112771123 11
22664736466531 10
27541153376725 14
63173132144622 13
34315726656136 14
25313642324647 14
51323174511565 13
37754254376635 14
75337656435516 14
47212573216145 14
35561473717317 2
75264115412312 14
41763327776713 14
31616562723377 14
16561252122326 14
13734215742222 -3
37232627456464 14
16545242542746 14
43467437132166 2
36535736657511 -2
26265615474314 14
53164475471523 -14
76137332562754 8
71622557732613 2
13224136667543 14
43757235365427 12
51667513246567 2
52734116544632 12
52562551354336 4
64221564741752 -5
52427177144225 14
54372534677542 14
13663416521135 12
35271663222126 14
62651125314251 1
15476775163272 -2
27524331137417 13
34116635641544 13
32217642615377 10
43232516264165 14
61612637457675 -2
36716727374466 14
54427334641512 -4
54257671125213 -2
34413317542342 -4
17541146731766 14
56137621123252 -2
12574276127516 14
45216131652622 -1
42777413471153 14
41752374573315 -1
27165211435562 13
24132453517261 -13
62245566145163 3
65577726335442 12
57761317354362 1
76113435535747 14
64332467161775 -5
66155276124254 -4
71261356624352 4
45246156233757 13
33165163237462 -14
22167646747154 14
31247521112465 14
71353352521676 3
24257757664443 14
44766254343315 -14
17361536537272 -9
33575461143477 -4
31735657156265 -2
32475657314132 14
43226713277565 -2
71553624361432 14
14263561726121 0
17652416273665 13
12356763135377 -3
53661143577725 -4
37161467265357 -4
55775143413521 14
34247755421137 12
66556426232351 14
11522467473135 11
67334147116557 3
54112122764562 -3
36354356733722 14
62115766757545 14
13262147757471 14
41422263714337 14
45534171215637 14
36212613243774 14
35564633452335 14
12377664324227 13
25256653426541 12
31317457413764 14
12445611562263 9
63126333615514 14
11465326317346 -5
71647177563111 2
57741561632125 -4
11675212123554 -4
56336171134632 -1
75253616623527 14
61357717225456 3
25621463515461 14
53536612434414 14
42771733664362 14
66753537431637 14
77767614154136 2
74175771543726 0
77251126167233 14
73447722212721 14
45453416673474 14
23366127541511 14
63472747651334 3
16624163217642 5
76446132571235 0
43551762232127 14
21246154355767 3
56574573251311 -5
43331365457251 5
67754675263725 14
25472412241167 14
53264376542652 14
25765141427136 0
16232746236555 14
26671543571613 14
24543333556435 -6
54164657753164 0
71564122765367 14
57352731545642 14
51144771372465 0
56611514525462 -14
27367235465431 14
13656227624337 14
55656477617625 -11
71772314561671 -1
56327644511361 11
55443152527122 14
32527425442642 11
67652575344713 -13
76214531462156 14
46215273153675 2
21746614575127 5
72126562772515 -11
65436736124313 14
45753175215211 2
31554662631475 -13
54424775331625 13
72631556663572 -14
71372536743712 14
76144661253274 2
12265464214375 9
16221362455273 -13
55771143367335 -3
46621231311534 14
22167662571653 4
13557347413254 14
44461632757151 4
36553714274523 14
64521727137564 0
35655441472767 2
37117624544553 -14
66137637236245 -2
27765663172375 -3
23522275363541 4
43725131164251 14
27754146525321 14
54613345142671 -4
57537741442647 14
23663135627114 4
24664372433322 4
16534164116577 3
36525461376525 14
45341316725436 -2
26765331634777 2
51146712352627 12
65256242155117 14
13346232573454 14
37721671645417 -2
63156256236273 -14
43175623347155 1
45324617365552 0
75652142621442 -13
32563365735572 2
41314542171122 14
27257577515144 10
72433136537547 11
21754523532434 14
11675634771153 -4
16714572223333 1
64467255721333 -2
55234364672654 0
43754342572656 14
55476217261151 14
21757467673452 8
45235321466741 14
73731346266557 14
53213631431651 12
27135651321725 11
61746754541326 -13
73422664673541 9
14516324532225 -2
43775621636541 12
76343773251717 10
37764643754763 14
67173542263115 -11
77246274414313 -3
12673251223516 14
22424527452353 14
12534623637254 -13
41722626746513 4
31362456637652 -1
34176452461721 6
45644221352551 10
74251323774732 2
22543123331645 14
15427172321373 14
21512254414616 11
57437736771613 0
12422724762263 0
24642637751147 10
12772376533761 3
31617335262576 -4
51343171134736 9
27226351247437 1
72677565352161 14
33122375717414 14
47412525732672 11
35547713677661 3
52317375742155 14
77746235634415 0
65357611471222 -2
11621647722752 14
15234217737426 -13
64647133315653 -4
32374312315517 14
51211236146775 -2
17637654744616 -13
44243767256157 -6
42737315676247 14
17274115734254 4
75177321236734 11
65125547763167 14
77436333651766 11
13143636533216 14
47126543665116 14
52163566767515 -10
23261647377264 -3
57525445147332 0
31473433667555 0
41374263243632 14
16351661235163 14
35155465747641 8
45212463724455 -2
61124142675424 14
64631364425257 14
22677157623364 14
33327147264565 12
47235421411331 14
62241756323574 -2
75651272363435 14
22722564335147 3
36617157576427 1
75653347674522 14
16117476556613 -2
51312651542716 14
41727737552441 14
43312462177725 3
72125533623711 14
45542566414327 12
46561722233776 -9
43667736211465 -3
53252237167376 0
75266731545154 14
52736617217462 8
52555214165732 -6
77264321163354 -2
37716364735374 14
25521321465741 13
22353365337432 -4
32214426233155 14
25155436431124 -13
51767737762514 -3
31653253754141 14
62747625371175 -2
32672474721615 -2
24551433132174 -14
72722641542436 -10
42722475351121 -2
17224664615753 3
34465747731175 12
15675234144743 13
61472533574513 13
71226254121753 -1
46331435117654 14
16645551257426 3
11616462553341 14
42713265145714 -2
21344752232724 14
33547344317212 -13
44111126534254 2
55313574467267 2
73411631542277 3
27563711221371 14
23241132245765 0
51734326541762 11
76143277521632 -3
27771247415215 14
67414225137374 12
15241146523523 -1
17544275531457 4
57225115141633 14
74137264127254 14
63465656154562 14
23671334752163 11
23246423463743 14
71233124673676 4
62211357566331 -2
12172645512577 5
17422275616736 -2
26136657457244 -4
53423657731261 14
32155166335476 13
23574355446577 14
22663174333754 -12
32655413356262 14
42334577162132 5
64311451324326 -2
31654553523243 13
71423657731511 -7
73314564713277 8
43575715664242 14
71315771147226 2
32742126452232 14
75317542466455 14
16521274645452 14
62155132517316 -3
16332471267271 14
35227535643767 14
41165373124325 -2
14512625343547 14
35674442231423 -2
44536766351211 2
35637172521742 2
15327534425761 10
45766175736152 14
57164462763431 -4
43357711257647 10
34527744663152 0
36413315776754 -3
21646774536276 -6
11536145433746 14
73216741151245 12
12234365217457 12
36522517647723 11
23625761235644 -12
67225513356262 14
71442223547343 14
31735232264433 -14
13122476741254 14
