5536476253336 14
3147777633242 2
7456114416377 6
3251231162121 1
2713663542616 -2
1567767663633 13
6151331536537 -3
1246176254734 0
7176645341243 2
2673144426574 -12
3672142124534 0
3541316332773 2
5132734526651 4
7642244766412 -5
7122217761173 0
7453534234536 15
5334765653333 1
5253712253417 -14
7334262417672 15
6117551311665 4
2435526617464 2
2763272744643 15
2627146332744 15
1421164754746 4
1367476665236 6
3444511262647 4
4234573677515 -4
1753254457133 15
4375336341622 -14
4246272633541 11
5344742636337 15
3146627211467 -5
3274433562742 2
6271422637361 -4
4374673214255 5
3156626477365 -12
6531225631262 -2
7462313265745 2
5176113327126 2
4616473174167 15
3365334724363 15
1341146772674 0
2341652767132 -2
2113561746257 11
7466416411563 4
5142171174453 -1
3414632316767 13
7421277326761 15
5623327225572 3
4232647476666 5
5562721445441 4
6321667217562 -4
5341211661742 -2
5141633522635 -2
7113414763737 15
7411364775616 2
2665351154144 15
7514175557123 -3
4335357647473 -14
4527526636225 -11
6535477421156 15
4115172434517 8
5422512327734 0
7622563455626 4
7414447524634 6
4474112141622 15
5273714554723 -14
1743732357441 15
6261165352623 15
2257631454615 15
7755721131125 10
1474456647411 15
5133656561725 -14
1175444672653 0
3247375217544 15
1312213322625 -13
3565373353546 -5
3572534711413 2
7765477355141 5
2211265444551 5
7355711154246 14
6643266734753 -1
7354734347644 15
7411154276111 15
4362427327336 -4
6172631565531 15
6217554341373 -5
4331566565225 12
2716316457744 -1
2663747127735 0
2714622126555 5
1112717416766 2
3213437577124 11
1526243276524 -2
7653443345337 2
2146342313337 3
4776632725136 0
6561244673117 -8
3422633111727 15
5324137451541 15
1671543546167 15
1744234313364 5
1617755725331 15
3476175361755 3
2525542137433 15
4625313225367 -4
3764262646354 15
6565761226252 15
4773654273573 -13
4112231427216 -4
2223452344474 -3
5661211653432 2
6352147647235 12
6747655673636 -2
1727773415152 15
7746725152642 1
3763716452232 2
6374526473774 15
5651131425435 5
1267351761144 -4
1212377467127 15
2644625356316 2
7661166145645 2
3133271713625 4
2175563571175 0
1374671762165 5
2561216366566 3
5626456664717 14
2654274376457 14
2276676723543 -3
5377645323761 15
7637517473745 -2
3566775664544 -3
7127536464354 -12
6537366721574 15
5417472244751 9
5611433323512 -13
4566713354517 4
4327765662646 2
1344254265422 15
3426335716123 3
3572371411246 13
5471122576654 15
5712212751343 -12
1151722416352 3
1761141351172 5
5321227223711 2
7235451152431 0
4721363336651 2
7165344272655 -10
2417516566565 5
5366652355363 12
6342136135346 15
5763414337534 -10
3752763747236 2
6456767521674 15
7777251346554 -1
3644327611456 2
6722651512257 15
6157156137256 -14
1147321541573 -12
5631425424117 4
6542754464326 5
5151521226622 3
