5361336222523 15
7762137411766 15
2224372221356 0
7171427262143 15
4761537577271 5
5435611642114 -4
4774663135227 5
3336411732423 -12
2641431111427 -4
3717163172445 5
2542344231357 3
7251131255451 -14
7347111224213 2
3422524454551 12
2277751156676 0
6454614663761 15
1132716645667 4
6471622135417 15
7641554142156 -2
7147164566271 -4
1676755654475 15
4711635617425 -3
4752133274465 2
7332425376723 15
4532175244346 5
7331771177556 1
1444161176143 7
7552232166475 -7
5445614447133 15
7517776462642 15
5633776752276 15
4552617157257 -4
7637126364225 3
2641251435254 15
2423533763225 -2
1672415151625 15
3665132312741 13
1176457424272 -14
7543425715411 -12
7632654337371 -2
3164177665633 2
6615215341271 -10
4547722267216 -4
7672331153513 3
5325212532172 -3
4265314754121 2
4543335745231 -14
5274657742426 15
2257152671552 -1
5624475121476 -4
4142113327637 -12
6663553146452 -4
1736333165352 15
2633342522237 3
6146272764172 15
2164555554362 15
2537455667757 -3
3457753532767 -14
5247556446712 15
7756332431772 0
6177231752771 -2
4467653432513 -3
7135422136454 -12
6523556121177 0
3613733515175 -3
1726574424742 15
1563222315547 15
3134315314447 -2
6745257662447 14
1174445671545 -14
3317715466244 15
1763151334542 -12
5157541324742 15
7442333147552 -6
7545665317621 15
5436536714531 4
4447172645151 15
5322247575173 7
5615231137123 0
6726243741335 -14
4437272133371 15
1341331643374 -5
2237756434263 -2
1216541273513 0
7562524761272 -2
2347527543743 4
1374346365146 15
1546461643312 15
2334254171346 -4
4167331633647 2
3535534274365 2
3262215444773 -1
1213365556237 4
3241744766127 0
3575471646575 -11
7324452215416 0
4125341721727 5
7243121441552 15
2642574541736 -4
1724776742561 13
7524441516467 15
3764262476114 4
3765522211235 -4
1217615767246 15
7113411322113 -2
1622557253357 4
2354332226431 -14
4214621751236 4
5532644244337 15
1564777647445 0
5314234651324 -13
4241675711167 -13
2472554366156 5
1156416555232 -2
7722547222625 3
6673141734261 11
6672573654243 13
2734435127554 -3
4446541726226 13
7566466274631 12
1616752343522 7
6321361555531 -2
4445267246227 10
3474244646343 4
6575614231432 1
1166542667372 12
1674453521175 -4
6531464562551 -12
7354332263411 5
1422254655124 15
7435212266763 4
3671614455767 -14
6362256617127 15
5552632745173 1
5464515264321 15
6547322512372 11
2441214616746 -3
3564663164742 15
6522547272355 15
7645221341145 2
1163256671237 11
4311532512266 15
4756476335334 -11
4463213717424 -3
3755123126751 4
4656657326151 15
1554322245522 2
7755533317257 3
6235711774153 11
2727317353361 -1
3374656343554 15
7421453755631 5
2326614612571 2
4425775413175 6
3446145434174 4
1324313754447 -3
7323215774373 -4
2142346715533 0
4652715447637 -2
3675553471726 -14
2732544227154 -5
2572122126265 11
4226733625166 -9
5342231211522 5
3732622125174 -4
2326631631275 -8
2436174654512 -3
6557256611446 -1
1571352726636 -11
3367746554654 3
1436736326351 9
4714346431156 15
7233544134573 2
3675674216615 0
7144271235462 14
5112434656531 -10
3127537173146 11
7551731576326 15
5421515736154 -11
4621277342117 -3
5372432424353 3
3444541223712 6
5575774333137 2
2473734336543 5
1424371626614 15
5266633241425 15
7313515666212 2
7777241224147 15
5374446713724 6
4355767114341 10
4776477412175 3
3471331246364 -5
1446531242634 -10
1646755675721 15
3242632273623 2
2655523536653 -14
2662662415772 15
4475477633763 15
3755455177122 -2
7665541211354 -14
1327251265741 -4
6521354425266 15
7245324462234 12
6375251245323 15
7551214652475 -10
3357563611154 2
5655425532322 13
2246742123534 15
2234224511725 1
1716726426235 -2
3454757246556 -13
7524241345426 14
2646653271631 10
4727413414763 -14
4335515651376 -14
6321427124116 15
4526642427347 15
2536456763614 -14
6112546722114 15
2567657665631 15
5436511715233 2
7536354167541 -2
3245575242442 -11
4734746532443 0
4513717544151 15
7461457255344 -1
4272312713543 15
1631515324324 14
4415164653641 -11
5271541665251 15
6176745574343 15
3613337324251 4
2227126546266 1
4776764266545 2
3575736256651 14
7551577146134 -5
5343566752377 -11
2454633252523 15
7146675262437 -12
4314624674351 4
3153346224156 2
6476736426517 4
2775471743153 -6
2275746156653 4
7466426762672 -4
1623435374221 15
1322515253222 4
2443466224561 -3
6345674122314 -14
6337762125256 3
4562175555546 3
2433742516447 6
3431241612232 8
6431142245644 14
5475621475223 13
7167576276522 3
6676527252537 15
1361371562133 15
7737214121766 15
1653533526446 15
4765225177525 -12
2317775146432 0
3131627357232 1
4324414317517 3
2353451425527 13
2457125126641 11
6732657742536 -14
1436373351276 -4
6763142245423 -12
2725611167147 -1
5524133245273 -3
1653214222747 15
6413464251233 -13
5413756775533 13
7663562531414 11
2435612743756 2
2155666442514 -4
1474221477267 15
5513216513555 6
5637235476546 -13
3544711764777 5
1513451542515 1
1466225221743 15
5422371745146 6
3177372424747 15
6551554713616 -13
5347412177551 -7
1212227124241 13
2116121651444 -13
3223473222264 -5
7547422631465 -14
6274542252511 15
6123637533173 2
3437222113626 6
1345534263641 15
6643667716274 -9
3546123564611 3
7737445335443 -14
1325177532542 15
1671661746277 -2
3315421654572 -2
1344611472223 3
5167436746625 -8
6636757545611 15
2464747312664 12
7131252134566 15
5442341266773 6
1541644515124 15
6136117761255 2
7623561733417 12
5725133653675 -4
2537612621735 -2
4754711644544 4
2134667123676 4
5436765373574 2
2775715673231 15
3446517617516 0
5772414215665 -5
5257223711227 -4
3235245753623 -14
4533631777151 -14
7512155476174 15
6325772247163 7
4774427111763 -3
1347271112452 -4
1275521666274 0
1446441525225 15
3166225514434 9
6631133527374 11
5153333162227 15
4677765546554 15
3235275711515 -11
4161251543461 -6
3737122466762 3
5417733721163 -3
1527215142511 -12
2661454661143 -4
4531646745555 -2
1635567147576 -14
7456625332742 15
3512127732746 15
4143145675312 2
3453364114135 2
1131433632271 -3
1451342126615 15
7236114555443 -14
7576363332153 2
7415665324456 15
2141422116767 -5
6222657274271 15
4716245127661 -11
2137717627122 8
6353231655775 15
3721516267747 5
1273274252545 -14
2726474152515 -14
5125171246556 -1
6376444231266 -9
1767474474765 -1
5234142523442 -2
3314627121355 14
4555177776463 -14
4624714556331 3
2467521346627 3
3111561323616 2
2764215334375 -8
6751771624435 1
3345543114431 2
6115341524467 15
4335247336452 2
4174774217353 2
1245654677725 0
3235361557517 15
6441653522763 11
7654624731142 -2
1135171755165 15
7137127545222 3
6735675661146 -4
6316423357375 -4
3136143155133 -1
7352152713376 -9
6656752463633 15
5245753777153 15
2747627244761 -2
7416313241376 -10
6422577255442 5
6526137513126 3
4344746362617 -14
7171534675113 -2
1545117234275 9
4435713562272 15
4176672331544 -4
5343561677763 15
7225662434443 1
5635415221236 -1
3572226357372 -2
5152271741213 -12
5613744446714 10
1472446675557 15
6511573344551 14
5612415441467 -1
3336446566716 0
6147724124754 -2
7776726716652 0
3453357345561 15
2217551576271 2
6522333715673 -1
4346526776123 -10
6314317457447 11
2341576514244 14
4452614366673 -4
7316725622415 0
2455276472152 12
6355665267267 4
5345551455424 -3
6255141264376 15
6662453516426 8
1562343254177 12
3214752745437 0
3246533442547 4
5714742741525 3
2614577352726 2
4332677377555 0
6533377514561 15
2542666273152 14
5572747627422 6
5763245712342 11
5255734453171 -3
5635722375342 13
1564664561227 12
3125462463156 11
5474271632576 5
1653454161674 -3
7176733222151 15
6564661135216 10
7726377347623 -14
3466452641154 -12
6462712656361 15
6266236315364 -2
7354157421615 14
2726333266363 -13
2516625643624 -3
5656155643427 15
7743711246144 -4
3222531111564 2
3344463622442 -14
5457615226366 -14
2272615772216 -4
2263513136761 -2
5477453316417 0
2767357215731 5
4672715122521 2
1416213776371 15
2276541736435 3
4762616325273 -13
4656111111366 -3
3345153776443 -9
7373555716234 15
5357627251331 15
5432126535124 15
6523752626577 3
3442332217563 -14
6465362766223 2
7316327357345 -1
4334544476353 2
6317313167164 -5
3261767612267 15
1735471251625 -3
6276342142562 -12
4226222531742 11
1552517326165 15
4662352352451 14
7755346415546 15
4763771513541 -4
1624742446541 12
2672632312161 5
2234755635114 0
7147743561535 -2
2615565113532 15
4766156132625 10
4745363622574 -14
1212732623156 15
7255271236547 3
5712711627441 3
2255622726616 3
3532222273261 1
1654574171254 1
7513735667473 -3
1255423617364 11
2777754753551 -4
3234612661751 -2
1743162173655 -1
5146265373253 2
7111167444641 14
2616243525651 15
2732737441252 15
2277736146236 -1
1732433115562 -3
3161137777461 2
4127427112224 -9
5614155255142 3
2265613574533 15
7166762116674 -1
6234547526327 6
6327215563245 -2
6425277341714 -6
2164313751647 15
6265125357324 15
6575126237642 -4
1327411444541 5
5433537631246 12
4635475212353 -14
4563412725416 -5
5666774554125 1
2552541436123 15
6142367721751 2
5216751473545 14
2651376464627 2
4264623537664 -5
7544631316644 15
1571674136513 15
6132147112571 5
6525121154633 -2
5114517767343 2
5457332224761 15
1162615452573 -13
4373331474171 3
4354674645244 15
4577753361613 3
3541423332552 0
7731143457271 15
3337347362351 5
5236114541566 -9
1712155276312 15
7725435167551 -1
7753232144411 -13
2345547452353 4
4223722712463 -13
4712451373122 -13
5255157277743 10
7342742345111 5
2271537633756 -2
4672251464624 -4
4542451321623 -2
4343471623312 -3
6125113731224 0
2433172274647 15
5735572252633 -3
1354716642232 2
3545127623455 8
4332664112154 -3
1625576315354 2
1371655414356 15
5246441117476 2
2561575241123 13
4435472126471 -3
4367425411444 0
7612552137525 4
5354271324144 13
6576751551374 -2
1165555311714 3
3264157775267 15
4534543523444 13
4721373736766 -14
6727736614175 15
7624336224131 14
4332446141341 -11
7615125346415 -5
2453263622525 -14
7712262451516 -3
4423146117727 15
6351356312114 -1
5557137116745 2
1375243117326 -2
7124321375561 0
1224276221163 6
1221221265316 -3
5333477216742 2
7311652355241 12
2345274472165 -14
6515732264711 11
2257436431731 6
1721631341163 0
2266254263513 0
5516133761357 4
6636666374524 -2
4743475313263 -2
2152216566162 5
7511576247371 15
4745763544475 -5
5464436376351 5
6314426277567 0
3124546466352 15
4266245156462 15
2537677711245 -5
3243666672366 -4
2662261155715 -2
5664127657616 -1
7377267377256 15
2466741642714 5
5542413512374 -14
6353341131717 15
1251265665743 2
5573222645714 2
3662347721141 0
1117236411243 4
5176447766524 2
4216762157765 15
5547123473365 15
7372761336226 3
5673532142717 15
4112743216143 -14
3121121352565 -14
4376764734366 13
6416577422757 4
1366635412742 15
7565457772147 15
6164365337311 -4
3765337437254 5
4331132254767 12
3213554356526 15
4741353574274 4
7571377232751 9
6546765745351 9
7512776553465 -2
1764441462461 5
3244766616365 15
3374767461545 15
6132735217725 15
2274165132422 4
1341571755264 -4
7723611531662 2
1766625646444 -12
4551656633226 13
6455245365156 -2
4764777647444 1
7745471542513 -6
4521337366135 15
4467541332734 5
1367254745342 0
5574522337752 15
1517313421741 15
6527225312234 14
1573566567614 -5
4342711172636 -14
5752551666651 -4
1473475475656 12
4512556241654 -5
5773471145571 2
2332643645725 0
7666124461226 2
1363661135512 2
4165265523756 2
7732255374127 3
7314163361316 15
2111163174416 -4
1262631722562 2
2511523423657 15
7216316774442 4
2427464433663 15
3362147356424 4
3277517463275 0
4435365344134 2
1222172265266 10
4235644471242 0
7565463672377 12
2241421657224 -14
4567527355175 -3
4542227641251 -10
4725447356553 -14
3226633231471 -4
1773634255341 15
3463663664257 10
6744767235622 2
7333234142151 12
5757216576715 2
7426735651331 2
2577311624214 -14
5645755522756 -2
4225242351417 -11
4552222757711 -4
4721213115337 -1
1622253523735 13
5623135657264 15
3422221616525 2
2352361642234 5
5337712416535 -13
1552566747567 -4
5447336127442 -2
5417323132261 -13
5226747333344 15
3257115167312 15
4523167536152 15
2421311123143 -14
2663571647555 13
7236337215764 0
4337246646446 2
2215455545511 -3
5324157361234 15
3616643217717 15
3564537152362 -3
1343552153362 0
7754461234421 2
5475264163656 1
3642225332613 0
5655677144425 0
1363317452761 14
7736473413422 4
3466251427172 15
7466532622647 12
7327123465434 -4
1255435464262 15
2332237145165 0
3512512451244 -3
6536413314114 6
4732527351132 2
6632447774732 4
7714215773171 0
3115764114763 -1
2572341747622 5
7453332662776 2
5612436376173 0
4132613777676 -14
7156557361166 3
7437754665536 -14
2472355215413 10
2617475751147 -4
1666535732265 -4
6362266233743 15
6753676437443 15
2443263762633 15
1622276675573 15
7532676546171 5
4673353665461 0
7776717236511 2
6363147111116 0
2545616273562 2
4312117317155 2
6454776254673 15
2377324144316 -4
6745755411112 0
4473213253567 12
4161347766473 -6
3534537257631 2
2416532213416 15
1212652677374 4
5332253762212 15
4655215711774 -12
3277113355417 2
1534134722124 15
6271722372172 15
6742412264715 -14
1625113626726 -2
1377512251162 3
7566512422527 2
1665514755755 -2
2162533531775 -10
7747614376416 -14
3614611354325 15
3256536117154 4
7465473516353 15
5155421124354 0
6213711655213 -2
5627227451263 0
7365472441266 15
6533735614256 9
2366636357726 15
1111476352135 11
3722171331776 2
2347221266334 -2
3563472424345 15
7712625624547 9
1766434744543 13
6157533344225 0
1674462272754 15
7424344121553 12
7366632157611 0
7711512667562 0
1651134376321 14
3654136235527 15
7366221636273 15
4551746426226 4
7672232627153 15
1142637264417 15
3145317276246 4
3156755267465 -2
5134272277244 0
1375456345263 15
5166125455677 15
1455534451461 2
2177764746713 -9
4726612363515 -4
3775172172167 15
2657631655727 3
3374324426474 -4
1322421167423 15
4124422364373 -13
1555425215676 1
2716424244257 -4
6636373561255 -4
5516516332626 -4
3366766515353 15
7537147765475 -1
3141772124727 15
2137212644422 -4
4423752744123 7
2442223314666 4
5465325721662 -3
1235211511234 3
4217625312262 7
4124364663641 3
3126724315766 10
4235317113576 -4
3477117616611 6
4744162514515 -13
1441666432672 -2
2643357764427 -4
3143154542176 -3
3641254673426 -4
5164441252615 15
5275761637263 15
3764144666617 6
7227713664353 -13
6673165615375 15
7541363155222 -6
4434442637352 -14
5213161571122 3
3355755712516 5
2571513354547 15
7473535767727 15
6674171365762 14
6575751222125 11
2612615256537 2
2275474261777 -1
7255744726564 14
6657137661431 12
2373652172137 15
3626227156152 15
4754612374452 12
1533643756273 -2
5226371426555 6
6641677237357 -4
3422434773542 15
5255732612437 2
4631774413276 0
7726447666267 3
7311432132352 15
3554154213624 2
6724374356446 -2
1437111317576 15
6474367233524 4
3437517777113 -3
3462163257613 -2
2447716251642 -3
7532422574766 15
5466612115223 14
7566315414214 0
2613522455323 -2
7512316737646 -11
2542272254127 -6
1726566111366 0
3124337175344 3
1364133526671 -2
3213272517774 -2
7433511617552 5
5533567631721 13
7654667324615 2
2334315443627 -2
1647731623415 7
7677515245366 -2
4426426344556 15
6646156141227 -3
2462356173354 0
2317266664567 -2
1173553765257 15
4456433457443 -2
7731427124617 15
3733162726273 15
6413137251566 2
4642265314646 8
7743314473744 -3
1734743272633 6
3451755345176 8
7626177243467 15
5313215217514 15
5527761513436 12
1764672122445 5
1175726225243 2
7721635261573 -14
7766522255132 -13
1536247657423 2
7277747257653 6
7313315773222 3
4161656616531 -4
2157355412212 4
5773665174456 15
6263714733767 -2
3417372153444 2
2251611267134 3
3724123443546 5
5121647723774 0
7617644737653 15
5771537532432 -4
3671517531267 15
4571637636732 3
3621377146457 -10
3331663532524 -4
2422147776351 4
6251434765444 -3
4577715551624 -3
2441374241157 15
2153465125342 -12
4712153754666 2
2417427562443 -2
7346753376355 -5
4134163144774 2
7372446445347 0
5531652554144 14
1244314557247 3
1465311616327 5
7562217331653 15
2453472535662 -10
3326347615511 1
1473516233376 -2
1315322131631 15
5421777233625 12
6361531543122 15
1775331342567 -2
6664177371446 5
3623677654714 -3
3332523622432 5
3622111273621 15
2455646162237 15
5572211524713 4
2656335534354 12
2457632712153 12
3217471161272 15
6757251243763 15
1462416336374 15
6456441313362 5
6764663744615 4
1131747242715 15
6737777331336 -3
4231154162447 0
7532656212267 11
6631147146324 -6
5173567131646 15
5477143643336 3
7715447226166 15
1363567666136 15
2657136342457 4
2353177125545 5
6272263277211 2
2272372523321 2
3665454623477 -14
2453772544451 -1
6557122445312 -12
1547322652763 -4
3424757671275 1
1441674261667 -2
3317536462233 4
2163127661241 4
2563715511254 4
2425556542524 5
6477156663533 15
3335626717426 -1
2133517236661 -11
6276262425427 15
7374452555677 0
7474752244312 13
7756432514332 15
3772565242146 15
4347227213276 2
4261342762243 2
7255616571572 4
1665667537135 -2
5337563372654 1
7113776243411 -10
7216761516617 1
5211357665216 4
5577742141547 2
3125664554663 6
6321727314734 15
5422433527717 0
2232261444151 15
4577675464614 -14
1653743131541 2
4436761565355 15
2562567264144 12
5512757473436 6
2654644121726 -3
3542212445276 -4
4366446212531 7
6524226536473 -3
7777645346312 -1
6616445444556 -14
2273666121537 0
7477256244761 4
1755327673574 14
3564515122741 15
2767771262741 5
7271312731535 15
7637544364163 13
5615267537371 -10
1725614722546 -4
7371273516553 15
6466514533466 -2
2764526434375 15
5356432217475 -12
4247731777272 -6
1612366252432 10
3546776473171 -1
6161426217117 -10
2644226657241 5
2331546217455 0
1562352474517 10
5127642543763 -3
5347621565334 2
1454461361214 2
3164617127762 15
4467453463267 3
2574627323617 -11
5423557335615 3
1671714442313 15
3151566661443 15
2437215513665 15
5353123625637 2
2177675512544 2
1333564341162 13
2517442755517 -11
3267466266147 3
7654226412124 15
2772342566527 5
2614265372527 4
6652157134641 15
7454172775221 11
5566267444515 2
1437361164747 15
5452421426462 5
6357342317716 1
3715333325256 15
4271232641354 -14
5624334634713 -3
6217437724354 2
3167115217126 -2
5351651471257 4
7312646467227 15
6773121363723 11
3217632143727 9
3773326247612 -12
1615445124455 3
3145551363562 12
5347475557766 -14
2675315621756 2
6621371717166 15
1136547711517 1
4766673616356 -9
3226255444633 15
2273143661124 15
2272566667417 2
6247673612444 -11
1673637253127 15
5677173171617 15
1552265543433 15
4211152317747 -1
6464222247364 6
5725763352551 9
4763744536715 -5
3613732237256 -1
6257231262725 15
6722137655243 0
6354531711732 15
7772522767527 0
6665573124426 0
7217676332651 15
3723513233347 14
3551364524246 14
7755415517161 -8
3212367514676 -3
7472212174141 15
3354627156317 4
3514736162174 -1
6253113572371 -2
3342265731474 -10
1626241614436 15
6742712127652 -12
7744426374137 -2
7561324742172 -2
3331417715652 14
7366117144457 -3
3452466344221 -3
5473764652773 15
5741734647766 -14
7166442217766 2
6612643633135 5
1262547737611 13
1244764417761 3
6361444357534 15
1314431467642 4
7476562442574 -2
4447364535533 -4
2332234366663 5
3212413536435 -12
3555536254171 0
4223117773124 9
7261663475754 15
5214251635771 5
2347717237265 0
3455646734153 15
6522675576131 3
3457716766161 9
7672341134631 8
4561126723262 -10
6737334143746 -14
2637736261644 15
3645572325547 -3
7773427112523 15
3347642551224 3
4146632317741 3
4537417246217 -13
5557437543721 15
2143753363133 4
3416722631465 15
7247711535334 5
6714411347561 -2
1434773477663 15
3111547445353 2
3712446745661 2
2235334322773 15
7245626622572 4
4754762517256 2
2266734723211 -2
1157775546626 -14
2251146211655 5
5361717211636 15
3474274546151 15
1223355547372 -12
3525157426632 15
6642766126157 3
1337772641774 1
7553335165532 3
2272545274211 5
4771321743724 -10
4763571765762 2
1327741755537 11
2234144336546 15
3567122344363 15
4221265526654 -5
4415153245673 15
3562175536122 3
2456226615433 2
3634614314436 14
7111114276712 -5
5512537317367 11
5151534546751 -11
5564343657521 15
1426335471567 15
7431347115165 0
2322652151157 2
7774475325146 5
5443554352771 -3
7751713661666 15
5174126712417 15
7141115673217 -3
3621371675374 -11
3515743112543 -2
3324651572512 15
5672211223516 15
1422447764751 5
5314534645176 -4
5713521224446 1
6232673742463 15
2424371711351 15
4773351172133 -3
1431745276442 2
6215321317753 6
3461747537425 -3
4747712763717 0
1774247651372 5
7541757715462 15
6572741615344 15
2732654557776 -3
5451423637133 -14
1764232167421 2
5623141357715 -2
1523165133316 15
3353351462571 14
5321717454121 15
2751255117532 -4
3313122426431 15
3112675115645 -3
4175375566625 -3
1713523123755 -2
6142245425133 4
5434147352277 15
3373342134325 15
7746765644241 15
7351523746473 -14
7543556577747 8
7527736671372 3
3252432674345 5
5632612412764 -12
6215647176675 15
5653531341666 15
1761527746566 -4
6531376111454 0
3723737525752 15
1464365376372 15
3235726171531 -2
1376463465614 -10
2713253762616 -4
1423275243417 -2
4662237637454 -14
3377157251715 8
1416526767134 -13
5354423543666 15
4226744667534 15
2155321514316 6
7327452333472 -6
6254772316672 0
7463536625474 4
5222153652364 5
1732157616676 15
7126776743236 0
1522121355737 12
4567672331754 0
4551126117343 -4
1346616316455 0
6752731473311 2
3466315357537 2
1232235262376 2
7415663353761 7
2476643134264 8
5551173654752 4
1757315642143 -4
1632215413437 12
2344461521631 2
1153733151453 15
4642372512263 -14
2542221443633 15
7333222751441 10
1523325512146 -7
3212722246676 4
6545246755737 2
6135772553756 3
4563622431445 -9
2411142114165 15
6223661117421 2
5633375655421 -1
5144611567627 -14
6415142573271 15
4576347151736 -1
3322665726177 8
4266743116373 -14
2146636734312 -7
5242557627172 4
2752462526177 15
2575475452347 15
6117354154754 4
5247462757612 15
1413617465344 15
4257742472541 15
1127652436771 4
2632513447132 1
4327625562325 15
7555646211265 15
6744633632275 -1
2531251253422 12
5544421712526 15
5424614411761 10
2647754361144 0
6767177525157 15
4163571511323 -2
5544333444147 -14
2623441262221 5
3621364176136 -3
4527742423163 11
6141731521453 2
1377365314727 3
4457733577627 2
1322571433137 2
5264461414765 6
6331566156377 3
4221657456311 4
3766711435454 14
4751634313627 15
6162664533227 4
4772441622163 -11
7715323226614 -7
1322453531241 -14
6713673212526 15
5742541115267 9
3276336777616 -3
2632755336161 15
5343552524321 3
7727416226251 8
1122327614632 15
6374147431427 15
1744517213144 9
6421376554477 -3
2453165257237 -12
5434663652212 2
6747627572315 -10
7241366137164 -10
1756741221574 -10
6556522363174 -4
2332734427772 8
5451745375466 15
2733246564432 15
5111236553637 15
6373641546645 15
3246531767245 6
1223516225377 3
4427111153156 14
3764472147111 15
1723154165344 -3
1624156551113 15
6445265336131 -2
5434262235214 -3
6713577635343 15
1232142423233 -8
5676172644117 15
3156162334236 14
5322476715644 15
6325561652573 -6
1261435222515 -14
3435545132435 -4
3626216366224 -4
7124344237124 3
7151722111544 15
6625553121243 -14
7132766335134 0
5337272566163 4
1432655654536 -13
7373213635355 15
6571431132566 -4
3662625541532 15
3145722326462 -4
3661531623132 15
7717351114652 13
6632575444321 13
7532715345165 2
6255344437251 -13
5173256527735 2
1136143762325 -12
4623616752177 -2
1625372365721 15
2712416226734 -2
4544173412673 4
2124756553526 -10
6253735115132 15
7746736276256 -3
6176254111712 2
4613511375774 7
3557453363326 4
4252224653576 -14
4173223327617 -3
1243531474773 10
6662747376244 15
4677252441535 -12
1264272173575 -11
6134412536336 0
7323363354325 0
5613636115365 -3
6633313337216 3
1466644632731 5
4577616577234 0
6253716373553 15
3225464674267 15
6427311411517 10
3145765526337 4
1174324747276 15
4442571545457 15
1466222217733 3
5134565436356 -14
3267762665362 1
5776664427755 0
5615114534631 13
