3575 -3
2341 2
7545 -2
3656 0
4226 4
6375 0
4147 10
3625 2
6511 2
3377 -1
2753 2
5361 2
2121 3
6717 1
6634 0
1662 2
2635 2
5655 -1
1763 -1
6614 -2
2216 -2
1455 -2
4316 0
7113 2
3577 2
2747 18
6351 2
5226 2
2115 0
3532 4
1424 -5
1156 1
6374 -4
3271 2
2615 2
5752 4
1677 -1
1147 4
4334 3
3124 2
6422 0
3566 0
3271 2
3672 -2
6154 0
6531 2
4114 1
5615 -2
1672 -2
2275 -2
2221 0
3123 0
7734 -1
2562 -1
3565 -2
4721 4
6354 0
6172 3
7463 -4
2542 2
7323 -2
6732 3
7342 3
7337 4
6565 2
3223 2
4445 3
5733 18
4674 -2
3556 3
4551 4
6332 2
6275 -2
7337 4
4525 2
3273 -2
6313 -2
1367 -1
2534 0
1326 -2
1465 0
7266 -2
4664 2
5617 2
3166 0
3627 18
2513 0
7566 -1
6531 2
5327 2
7761 3
5214 0
1155 -1
7715 0
4536 4
6612 0
7432 -2
4157 18
3616 -1
7763 3
7313 -4
1434 -5
2153 3
3443 5
3335 2
2455 0
3472 -2
4146 6
4363 2
4431 18
1613 0
6365 4
6515 -2
1131 3
2476 2
5441 5
3714 -1
3651 4
5277 2
7441 3
7233 -2
1543 1
3447 5
7511 2
6536 0
1623 -2
6313 -2
6123 1
3467 2
7415 -4
6753 0
5612 -2
1513 -3
2715 4
1632 -2
1566 -2
6363 2
2455 0
3746 18
5763 0
2656 2
5176 0
7515 -4
2423 2
7244 -2
3175 2
4162 18
4553 4
5257 4
7466 -3
3614 0
7255 -2
3714 -1
1532 -1
6271 3
7746 3
4342 5
3433 0
7673 -1
6741 4
3265 4
4434 18
4467 -2
6125 -2
2234 -2
3667 3
3712 0
6514 0
2173 1
6275 -2
7421 2
5262 18
1426 -3
2371 1
3257 4
6211 2
7147 4
1422 -3
6656 18
4751 18
3365 -1
5764 2
7171 2
3374 -2
3711 4
5724 2
2622 2
2111 0
5541 18
5373 0
2633 18
6366 -2
5625 2
6565 2
1655 -2
3143 18
3362 2
2753 2
5755 0
3556 3
