57137265412763362253661252471 7
41765623112336312747427566251 -6
44431327243647216336516575367 6
67447743111652652233517531744 7
17327556536642175131276461253 7
74633626634757156231154532744 7
63236113462541542246372773735 6
41265457741125274265511332744 7
13157455234231432727626146677 -6
56637761127235571162314633471 7
63172124273376447677156133454 7
74435312713765721246655457346 7
51461371445717224335142352765 7
77453312533646521265162163611 7
73523633674126141457522573672 1
43264355721751366426365431747 7
32615411367533541264763565612 7
46124123231414512775625376363 7
64414517267731232315364222751 7
77113234442155773761152224576 7
11242651453366452375775613775 7
23437716133564145111756435426 7
15172441526717743716535366653 7
34227234174425741751735215343 7
45317133461261251422757454376 7
62117514275537633667667325321 -2
31732725734567524712371446231 1
51646317213257512474367267366 7
27777673465764361212355125133 7
67115134425275231716327715456 7
75712153611414215246567764434 -1
76153353141474655725516632634 7
55244631252663163773475761471 7
51531267233147433615514625627 7
46331224745664471156713567712 7
36624315133441772264167353664 7
71641734422657445147355366132 7
43452346532233263651775417746 -6
67143236125326513322751351574 7
32137642162567541763215115632 7
56161266212356377225537156313 7
37355216471671265572644317571 7
56152146751327533212424323771 7
65764175641331246216735113435 7
35623212254164117675434256437 -6
65263142372711513215447166434 7
76667562541562355447123126437 -5
56123621757747344563157217552 5
66174572554672513726335317374 7
73253752153541277254152263744 -2
36476674335175114362751263324 7
66542147247341732652471361556 7
44531155267431772237236237644 7
23157612475611417725453323644 7
73465564767164642212375746215 7
24735345176775262431323457652 -1
44374555476715324265735676611 7
32166631254235776164133251455 7
65152225211343726757421675476 -6
52742727135645135664153432567 7
46326522153655333426611741715 7
23251765115724331635577663125 7
35277725645163713263514432237 7
57357471343553761612431622224 7
66642557317337771143324215151 7
41515612643375532616354216723 7
22544733617621134357412427615 7
24721451353146216573764665436 7
27423135341663475272453316411 7
14567621237451322543637411623 7
34677341464117636321345532271 0
22314716153623775743672461433 7
45412437625327521763451114327 7
76266536542566177115377447124 -4
32332426716751216316154747541 7
44772643235413127522673316574 0
23476636664577112377442265713 7
21663466427151175525767327457 7
12572125433342376276623677444 7
54164537423217232746637153157 7
61457723627454631442211257541 7
46726272241157323573611645773 0
36772575112721133753326734556 -2
43377421476252163635716471461 7
62474263441577232625355271576 -3
22253445741431165773462267151 7
16521735476715311672564613326 7
15245465267617723742644235317 7
31675616215351367425642465474 7
24753234726556337127216364552 7
33653116444152727573276452152 7
47542375776256166471311456336 7
66123251757754233144445243237 0
42175614713536532342445413662 7
12543661662772672534152754612 7
73577437151231623114427361642 -6
26147323516617373436427427651 7
14335767546627355622712521446 7
15417664471357152324323735721 -6
13547214711732454265662124634 7
11344633521345116512767564427 7
74133466536122771452537541734 7
22257154755147576233561263166 2
63224357123645621614573351236 1
35334442556722641714631174171 7
23137472176126454526347617352 7
23771313653227542773426516366 7
25314266635125432377116264457 7
47565217431355275261714774564 2
52166551774427262112337634313 7
24313614552411533675725763263 7
66351454335714216152762321772 7
37265311175463354142612464573 7
13222435617452215457337766637 7
35477651721515542144636466112 -6
46265322726243755471572143171 7
27721655647145377533223154652 1
15756462265227333775374641246 7
13277355564722627157136754414 7
21172367726631533122336575514 7
45617226513243332674531672552 7
67547311572532263463611476734 5
56423714615561762432546157126 7
37437747363742157265253616511 -6
16161765337242773144212253764 7
14716321264512724465671335432 7
62151176663141453333725534647 7
63211224526675147734634624134 7
53276166532275211742676443116 7
67367635437414522243772752631 7
31362754242467161744716516413 7
47427315453673146151122654725 7
54437125215635411213353766177 -1
46242542377555513167166371747 7
35413417223317526362231641167 2
12274372437261371117554215236 7
64135732366252641644677174272 7
61253132744213424166637673271 7
74452461165312454727723313733 7
71237153635424452566615414627 7
75436676315413647261125544371 7
21361351172462443146646567755 7
74227617143323274517514375546 7
17774522461223165752547551463 7
23746625661567535337414675731 7
12517577571654126227447124234 7
16677145626757561413372254652 7
34721642335411562745677314351 4
41551227547732132675435233666 0
74263527424315111251563373547 -6
14764627313323631755524621466 7
52751461445633771131431472236 7
74355454267631736522211617254 1
13162444545611177212765532632 7
53136432546222111236112677643 7
44151761745226214642645621777 7
76526154242137656575317312362 7
53156765372712457667332311426 7
42573436261475125127356761544 7
41651571633174547463351741235 7
33377321442466163537412751614 7
17221527615615533335173462166 7
64246572353265761377212655111 7
64177616223773464557456534731 -6
13272757712215445663247155266 5
15341355775321617223276731464 7
36177512166172423753215327143 -4
51237354321167445645264365376 -2
13773414331272615652757615146 7
12577126315213646672752253346 7
22561725623466734714534176312 7
27451326273231742657643611567 -6
67427565621312342453571671416 -6
57361553114225113135344764427 -6
14251147273525731353753244126 7
45257411231716215332346445775 -5
57555431614671422367224417764 0
71545562641624361237115645747 7
23575146246172543446336665113 7
42717646555134754262365713241 7
35416373561474614114452351773 6
16723265741124364471135127637 0
16367441312537466253222766154 -6
43725531353376744134171764267 7
23153342664475743661172146314 7
51127261367722645155431747531 7
41565612112374236575674346342 -6
11677256543673731757466245255 7
12263251476377437527763355514 -6
14565513317637472462625172644 7
54321646335762712753214416362 7
12742133133641472761726775416 -6
73226531566265477417341562217 -4
64734631675421252571143752415 6
76557145113653433221756417245 7
53257647552617711175256233261 7
14742276367323152667523754436 -6
56252567661621531142447344431 7
37342642557467415452522416737 7
26314527646477136236531241246 4
62164616621345744431452712273 7
63132572416775664421672352346 7
25664613366747145213617343514 7
73721711236457666653241735752 7
64663737221447735457221321466 7
62742135565612346272477131141 7
35767146114127556233532717235 7
23527515766125344763524114362 7
61741344266642257267433156251 -6
65153341453262764167375442757 7
72735231754724251146774466324 7
72146126455537627377764442432 6
36734235635724571116725327246 -6
27431171764673251226136544332 7
32276473433736371511662211414 -6
35546726623522743447511161644 -6
25364727533151734251621233142 7
24456562271417526571314664453 5
14522315677137665624531372542 7
16114717435464231252367563763 7
57466471743225121326663472253 7
22167336236724421712713741564 1
27146632762752175137136463433 7
64247616167322654555612751143 7
32153136131425751656672631524 7
11317246551727474523632655115 7
33711433655523476542412766121 5
32664721752614723271543543356 -6
12563723175334411763627751257 7
44324115265112367655657215367 -6
35426337767223437742112164651 7
53221312671151372346365445437 7
57751651242653617675326314212 7
71473721261532471635624663767 -6
16163142771343372566553157265 7
23536755224662441151371165776 7
12567753341674633774415361216 7
77261637625375652324454317313 7
74564754333316132645521377665 -6
24362274641751675526311736615 7
17346577562236217564264273755 7
65571664523117437667345124712 0
74561163214464755322153652517 7
15232642124716657156546757426 7
43627542611243263354375472172 7
16574467464335661173476752232 -6
13625744217756127611643322323 7
74742274615256235535426716323 1
63277166556244212757451454325 7
45653254575441432712231163767 7
64522314177114255632266613431 3
74214657214217161655673354614 7
75225314315263347353111666167 7
52112647316353753757167472531 7
65535376513722242315241765713 -6
15633526631146165127744241356 7
47726413611266326751377421127 6
43677655443151462543173171272 -4
65417352121641123676513754734 7
53477176211764275231356324642 7
24673112547612253745432216616 7
55432651734456342112676651746 7
63455764172411262272236611543 7
77613361242456154457613336555 7
54654234236175243734717271171 7
77156251564345123374264736275 7
76523424316475432164753321453 7
63275473617154341671211622534 -6
57471243623325746775726131365 0
43672672271176675662323332175 -2
23676614175477174123241256212 7
27325137275315111572146434274 5
51346562343354232275663111776 7
25162543643314775556373225744 7
32147535671342714367356642361 7
65215316777445122725766532633 7
56276121146563373675714257722 -6
56443261466355172274736214556 6
16737264113462135763434727127 7
36713666121676415454155327243 7
21361553114674523574451227765 7
42121623517137746613354653265 7
22716433552515725672654463174 7
51624167542523737452157512433 7
57663441776636252671311421457 -6
21774631464514226532461716522 -6
12265543713471166554576712253 7
57751254274312754144665311226 -6
65243116555521764316417544224 7
52726612753533612177247313454 7
11557154745352431771233334246 7
47566312247677657356513231125 -3
33277446111473662631571713222 7
42511772267534111635466355773 7
32516164477315724322117547365 -6
31161456571426277757644223634 -6
14211415623447373225733551675 7
