761673355 17
675371447 5
465133361 2
532111637 2
444457443 -16
517513513 -2
675536542 16
421376133 -2
735666152 5
376477662 5
147371366 17
665124341 6
374537615 -6
475713652 6
166714147 17
715413653 17
454211655 -3
523156454 2
652575554 4
377665563 17
671453122 -2
447316315 4
732663567 5
517745333 -16
572767134 17
522574446 6
611563276 -3
621552636 17
227427734 0
342116763 2
177372251 17
372553757 4
655271125 -2
136761716 -4
461147463 -16
766343247 11
532155444 2
324516133 0
541563745 16
546364552 13
573247515 -16
675452653 2
435734337 2
662225146 5
343441371 -4
361417333 17
355447153 17
721651562 0
171137515 0
671253144 0
112421637 4
326162276 -4
664617221 1
524212133 17
626174471 17
324175613 -2
254664763 3
743154122 5
156321561 1
346476213 6
345661136 0
157537175 3
734347515 -10
441611743 3
712256674 -5
217251242 4
536633347 5
352176136 3
645774135 5
653566253 17
327127127 3
352132476 2
145537676 4
135635413 -2
232457143 5
572535253 17
731562136 17
435162473 -10
563544326 5
271161637 3
767241617 -10
343756742 5
577446477 -5
452265157 17
754766437 1
441755125 4
441572454 -3
612253122 1
456735735 2
422747655 -4
262132652 2
476143732 2
754621776 -2
153365265 0
245643533 -7
353667733 17
313225161 -2
267466454 17
376625517 2
335336241 13
467311727 -4
111126615 2
334564435 3
722143122 -1
352544357 17
255711232 -4
224462437 5
757773155 16
177264424 -4
756412357 11
337733571 0
164443235 16
341112755 2
767216211 2
261755673 -1
143465611 9
546771377 2
354777657 2
675562131 3
377161122 -3
724153375 -15
621253433 2
644623515 0
714734555 -16
167517421 -4
477222364 -7
345342224 -5
633545447 5
112223414 -2
155276741 17
175232164 3
615124341 5
362612615 -2
363415431 17
246453141 17
226227274 -1
455431124 -2
443615353 -16
542261663 6
641746141 2
531761474 0
655377117 -2
142265336 16
631561552 3
533471266 -3
643321172 4
732715642 -3
254136712 0
561573322 2
253334311 2
362446616 -3
332552524 0
537551327 17
342655266 5
526472463 2
734711532 0
321337347 5
151552136 17
465476355 17
442424616 17
241476521 5
224344562 2
644267112 -3
416266141 2
234527654 -3
262551712 -4
761671467 17
373547245 -6
144355762 2
736763644 0
242134255 -2
423776566 -2
414762766 -4
671241252 -3
773353376 -2
313367152 3
415331775 -12
217171662 17
141457646 17
112623176 -2
765632121 4
117642676 -3
266575272 -4
534323573 -2
771712522 2
722237722 3
727356661 3
777211626 0
443212444 2
352527423 -4
