7743543713732432265211 10
6742775571674313511317 -8
6463751174231675662254 10
4216233443762635214175 10
1722725441735152613674 10
7725541434447526154631 10
6445655242727734456436 10
4753726246215511167351 7
4142676135174227756617 10
3617324455225341146577 -2
6673542661643724471633 -10
3514752276225565411337 10
4572627543465655763721 10
1455332637653475132322 8
2154765716321167755723 7
4642467354512753231762 10
5351657764233621671374 -1
3672331165775227521124 10
3171265235761523341652 -9
2217554253646254473634 0
3756275314746211456272 -10
1174361373451746664651 10
3272543736542721761471 10
7472343716525236114521 10
1344371562651127556731 10
6525432262637472564764 10
7622613274473265361334 10
1766512442233641677422 10
6372341355137457242132 -10
6423611727525763752123 10
3627755141232342471717 10
4315671356326155264267 10
1564562565262744333715 10
5554716171423722431451 8
7336416611222575754232 10
2227615473624426363471 10
6354247557376643612532 10
1436335514167263437522 10
6262356115763712435736 -2
5517352634775267641133 10
1743711224224537577661 10
4111456142562452267351 10
1543376716312735765212 10
1116117666523674574724 10
7734645447772563313422 10
5341677412213272663553 -2
2764541764125126331255 -10
1247152654324723156724 10
5347554713743342561251 8
1176174631724347627373 10
7777222155177462454634 -9
4571745125743743217635 10
2437535652137775671224 -6
2177115361125447563526 9
6335662351177266552634 10
4562437671712317435712 10
2236457334776154115515 10
7415325112261761462777 10
6321241337454567372341 10
3417667672432552211325 -10
7773741435635522615737 10
2321726644327577361447 1
6551773326134515357243 10
1476773456221362361243 10
7161421665275371145327 10
3457312412176352457747 10
7731737552244466221237 -3
4246113322314625537514 10
6267527677726141631434 -9
4725767245167257235461 9
2433432517316412673724 -10
4546776514212626136152 10
6262174475743234713551 10
3236316452531723747147 10
7143241172652617716542 10
6773257525121163224456 -9
3351265437721143752442 10
7127323554726623511645 10
2312331646552662664717 10
6322346417717567251657 10
6745321761653724231115 10
7357257445467753225632 10
1513314637657546443627 10
1554431437247747513221 10
3476652337227147152457 10
3763235112745655227356 -5
2745616572363127435132 10
1577334513766174726165 10
2775576214652216755445 2
6732261633735162147456 -7
4715726216532713255435 10
1752716333454326452215 10
2463274724524366547716 10
3214421144276571653657 10
7647231724461622542351 -2
6476134325271351171565 0
7622714326123175642555 10
4543753261211435741316 10
4644134577225551167366 10
7736161665522524754721 10
4556257621136337427543 10
6235717137652373342216 -9
1326431243371147776164 5
6511461335317534735736 -10
7271572645336377542634 10
2724362172541644167533 -10
4572542313116516644773 10
3443562121156374363244 10
5261573514257326271346 10
3562224573646143165737 10
2567675125151615314631 10
1745534341516775231152 10
3662137736542237141256 10
2263315417143274651767 10
1271554724773634555742 10
5537153315611464434224 -7
3246745155266351467167 10
1754374663621551442724 10
1433574415615233716637 10
7145146274353612456617 10
6356573121742215716262 10
2427645567711633625231 -10
5767767327136135523441 10
3466116745172133567267 9
2636735734713125441572 10
5722561674621576135265 10
6644142624733527176716 10
5123746743235725624216 10
7523637725564241331252 -10
6335756134511557162731 10
4672475432137131375372 10
6465774165347177537612 10
5676674141426634231532 10
1533725451472571422776 8
4543162717645467511552 10
7467114363516434224515 10
5465613222272747531374 -10
6342562643371712335221 10
4735753552746632725513 10
5435266336273452273416 10
7623415412724453173165 1
5617424113276564142472 10
2721442354527635153217 10
1273523656754177435174 -10
6471523522664251711617 -2
1771766345766512534137 7
5337774346247746434216 -10
7537471432715166572214 10
5156435421463273661232 10
1471354575732734626744 -10
4315211662655474717436 10
2462411432732572411671 10
1442167671764742343553 8
4253335367632456746764 10
1367545147257334217462 10
4141756727321562754674 -7
1543542332165643177246 10
1523272352327354126315 10
3423465754267211557372 10
6173256735756447235273 10
2644276356116116343552 10
5767321436544676216417 -10
2737673224531226561645 -10
1311527544213257417343 10
6331213673644114457535 0
5376522145137127132764 10
3361664177352327243257 -8
6436157344762631155712 -10
6511352442266617517364 1
7572155547444253463131 10
6411543776746526363621 10
2167313467134626765144 10
4622756127712644734337 8
7461312435576616257217 -9
2254111431456733212436 -10
4176432377756317324117 10
6724554535162247732321 -10
1667111263715264362553 6
1236562362767443731545 10
3756413233127225146372 -2
1173764322624475456557 10
4741266673417417745121 10
6437151465233723467272 10
6224547524136241473765 10
7654476726472113137344 -10
7244612674764235345364 10
5472666213427111147455 10
6515423632762641431772 10
1651653252417677345362 -10
5134337227263417445116 10
3174214224323667654125 10
4245657142121733371675 10
4275643175335326157732 -9
4735143612774764144326 10
3613413673154157561242 10
2325176566731352763624 -10
6474126522126177415572 10
3332156272746166513626 10
3514726641635321332471 -9
1233467571145535332621 10
5613237764252433751261 -10
6664713752317311235444 10
6374352251742376536761 10
5356242664273217142175 -10
5326745122663327571421 10
6623241271144447632356 -10
4762461244427337757513 -10
7741232251763562157154 10
2512134417322664517436 -9
1354674213645157312771 10
2213657671274476744435 -2
2243555756122461175734 10
2453453177611677431167 10
3371312554627255411337 10
3232357513312475376622 -7
4612136146421573347562 2
1633275332557427455611 -2
7447624465673474255716 9
1615356177625215321433 9
5726245752611432471473 10
7631136226524736573714 -9
3572255154661322534371 10
1362723413514416734516 -10
7763724246154726112665 10
2322412374575432171735 10
4521367634435731676735 10
6755177353255643457232 9
1357476214655144376213 10
6765471162314341262517 10
7715313243257516525364 -10
7121533574124521476376 10
6321167313643431246521 10
1246711317762352542735 5
1361374713723255246174 0
6477335237564563647744 10
1333515175362671261474 10
7235114741435514673545 10
5545161722476264615475 10
3165421347221274252667 -8
1425324675426574642117 -8
2166711264621671732233 10
4326437156352345771456 -10
7263171712542167346656 -10
4463272557135667424326 10
7632457154124161565763 10
2313466447647524362577 10
1217456771472224165253 10
1113536774525245512637 10
4723372336615164574263 10
4711524632351415533666 10
5574674325113166323347 10
1775434166255417214653 10
4145556354324173521113 10
1754212214462376714235 10
7211342365451634362727 10
6726441473573612377273 -4
2213764575465341661721 10
5767654652652341236723 10
2414175212365277366565 10
7767337215225462434542 10
4144545322762717654517 10
7175346561326375232354 10
6561217733645217731751 10
4115441417767564354267 10
4136651453251377627334 10
3411337321267765166177 9
1451174434646212751523 10
1564613477215217363422 10
6764362475273155417566 8
4544376673153137526376 3
2414723366465647531717 10
1246277357753346312453 3
6173753175242564443363 10
1116423166555432272356 1
2352735647613514471634 10
1713526157442444136625 10
2725641734567372163453 10
2223643735425611757312 10
5634177554177633312342 10
6625365527133351371114 8
7527153324464467132643 10
7433555142266463225135 10
6142134275567122367331 10
5412327477154731633462 -10
3557772143361261246226 10
3152622333342573661115 10
7533622654221713561111 -7
3145663573742127462617 10
4277471317646475745151 10
5732715434254673224574 10
4644523635675312551776 -10
5226544347126166235612 10
6412757766341224312343 2
1337674751254665363351 10
7557233117673344221241 -10
7551164523165133354467 10
6713257115453254166354 10
5655324576243163172431 10
2125737464177661372457 10
6742712566452754421427 9
3456234467565637712311 10
4135236114116374175673 -10
7425372521455377346565 10
7417436322275311714537 5
6674445234117617271632 10
2243161626577571333752 10
4453215745367762274232 10
7474671152271656324546 -10
2113647216332324765517 10
4143773144532441573616 10
1315576342547676241652 10
5737672651236364736747 10
2622433152463165677126 5
6763275411321352547221 10
2235454123137774463567 10
5773611522416433356743 10
3533526426143175172357 10
5354146243576643271572 10
3333675217255611262714 10
4514212117446577476166 10
1256264753652417273562 10
3216652523741736554725 10
3652712775276234637356 9
7264513247342376455366 0
2537546366167415372152 -10
5416463422613773417422 6
5463642624477223712357 -10
4176117356412156723252 10
5313511127776752144734 10
7776154641311237216267 10
1175753772636353464725 10
7252333571711634614123 10
7432674377245724411353 -4
7567642334765234673275 10
3472133446661162172652 7
3615617312466327134457 10
5274522376657264473315 5
2463264564722371425537 9
6315225446735214357777 -3
5576734727365225164162 10
4633374751537172146641 9
5636517675416273216411 10
4754756217732412733266 10
5442514251471764361571 10
7452476532225171362561 10
6765674652157342633754 2
6145342337356314455756 10
1574752642352744241133 10
4715116547453364143153 10
6627372423357416535751 10
6561316642237515625477 0
6347613415524424152325 10
5711755223221323173464 -10
7477251234136627143743 10
4376145772142245711561 4
5654242217362273171747 10
2317131663347424524533 10
7554512565324622741161 10
2515456324736276471123 -10
3275144155215314757165 10
5342341645115165425623 10
7532247234126675145133 10
3444751125714732765225 10
7347672116151343562226 10
6563321641643572712435 10
2457356522113676221357 -8
5214646172374431125556 -2
3227127272645137566657 10
4115554233676231113752 10
5322543714236726715176 10
4146356625147654236731 -9
7716547323573123122762 10
1317617572515223677233 9
6213122733521451467357 10
1337364113142743725652 9
3521574624325677634515 10
4236637531672651714454 10
2613373222711637535727 2
1432563463275667767235 0
7346733554674664225633 10
4723234425114462577337 0
5327727456123566146512 10
3712667753752316241253 10
1145435716575242737476 10
6757432723744751457113 10
6657232252417677661574 -2
6234643573154144377123 10
7751315656777624314412 10
3412555371114423717467 -10
4263177633674275755611 7
5612417336167557351743 -10
6462231754344762224314 10
5125723226357315676174 -9
6165776645342523375451 10
7414343115425632115757 10
5377435722364114626656 10
6546145162273355653767 10
6525325442516174611473 10
3563622146431726367314 10
1556654766622437371126 10
2554353162167556677624 -2
4726546327567257131134 10
5726316443712567354352 10
6472724526361471414162 10
7523247211156245577643 -6
1141536412272773441267 4
2754252111337473176512 -10
3614714652516356227344 10
1721625611756732632312 10
1415766164547221624772 10
5364134723312416565675 -3
5726514334166155452443 9
2645557117336214647326 10
7564443212533577537536 1
6577242731432224673653 -10
5667435566177633133655 10
6517425764123451333567 10
4124257177337642461651 -8
3636325763624757354441 10
5334567123156514337251 -8
4314112435424767652563 10
4442665162114354523567 10
5651241715424121437676 10
4345676564363452536731 9
7354326411523631744265 10
2753344744731471652512 10
4325354266741766136355 -1
7364263462157262643757 10
1442332631512217747624 -8
6641122215742276463462 -2
5641646247352445363524 10
4317462217157772411536 10
6315125637436124542767 10
3662257371177546535327 -9
2667437717641316523173 -10
1347462273455127535716 10
4226411722341746525763 10
6676134145412552536732 10
1413714153457276262264 10
1715276441573652313623 10
4135432521112473666437 10
4552174722613654725241 10
3643644642752671557232 10
6673741261573611337542 9
5124177754334327517662 10
6447326547112534322163 10
4752237457651315215127 10
6344361713227311361537 -7
1257514137361454466627 10
6451275271433617432246 10
1666243134254252555471 -10
3266417673142557635777 8
6447525665236247565711 10
1667631244373121753515 10
5126214227651346314351 10
2567571413551231327657 3
7567523765227274164332 -10
1466356645275176215243 10
4236543773236113172427 10
1346662277774351554156 10
7332734655744643216362 10
5765177425223244647461 10
1154541365476256371312 10
5616232547432472664551 10
5677165353744637223715 2
4646757455657267412563 10
4737217341613763246553 10
3353647745447462173511 -7
4327511763567236724141 10
3247646573534172445216 10
5314516774212376537425 10
6147715426131657725535 10
5161531754731445775324 10
3735432754465136772426 10
4376164522161255443321 10
7563233377612417124612 10
7736412563311731522243 10
2154265573316277635163 10
2254757613475634625624 10
4414732315365651271537 10
1255246652624171533517 9
6612462241241753463372 10
1362622766717124735755 10
5765742225354173427163 10
7425573355462214161653 10
3411172723767656553373 10
7342374371263132647546 10
6437422521564276775543 10
2517234157717321471567 10
5431663133377724174251 10
2475623663444155256241 3
3216735416433677145352 10
4261254251362366274552 10
2445634567461151342511 10
5667537454266221143312 10
6513474217565552371542 10
6326775441623243575177 10
4272771364373465441225 10
7465413673235227554644 10
1331426122377471677563 10
3264462653317546535347 10
2736523375316451361164 9
3467726136351213127474 10
4453167361331145126573 -10
2352352141532642366716 10
3764774355771324715112 -7
1136771621573322317652 10
6221243153265773656566 10
1112575674331625566232 -2
3715136671134164535644 10
5136732477146155274123 10
6116573422554774333525 -10
7341363516615471267366 10
3771226417727566423553 10
2436676777123755267533 -10
4773555217647641656425 -3
6127755146342725435157 10
2435143354265631523545 10
2436353145161141537277 10
5442322661151612577521 10
7562327427121416343763 10
1661145344327276634534 10
6551627215174534625673 10
4772153534521241545631 10
7651242344154157775321 10
1333243754676233667627 9
7345124717232617634116 10
3526737355142152262214 -10
1137561756223216543774 10
5554443112126337216273 -10
3221514641261663671655 9
1316314353742322524567 10
7341373713267424251146 10
5446513631275313621124 10
6712244324725625436713 2
6317532267272655613124 10
6326455336273421637657 10
6435454147666662247212 10
6235631545213137236251 10
2764161263567735162751 2
7566255715531364374224 1
7746233425117466321372 10
7327113573734263141247 -10
7654522556335377412453 -10
3276131651311672625345 0
5731466235236752264165 9
2667417743253333244275 10
5757756461435671224657 10
2154137771222632613756 10
3652555372345626371724 -10
2121432515755337527731 9
6117277432414263761625 8
4665122355322424337712 10
6756646127177144653231 10
4333172154271174256475 10
7724113174356164325652 10
1237451772426465217125 -1
2336523477325164576771 10
1271447325157156333642 10
4346257423713776551215 10
7545635422711565311345 10
1456727414475527657321 -10
5143463723266546227775 10
3241463424275177156461 7
5714726376315547155221 9
6257466326721244231531 10
7373457267422166646211 10
1153624336221741166414 10
4557357271231442665765 -6
5677735241451512133342 10
5655331164751353247646 -10
4563614325647233743536 -3
6274562436164133527515 10
6527223737765322656454 10
2513377317635464756312 10
4617511452335741257532 10
5441331756767747362542 10
4135765345431176137621 10
7554154473756335231217 10
5771752534411232546425 10
7457327445611562541132 -10
4237415376565145275313 10
4544636236155446725773 0
4217546477131233611675 -7
6243542111543717616277 10
3477111632716475623345 10
6253144417467573143762 10
4612721555653751613216 10
1145736714155366125327 10
6511164756134126354777 10
5775711333423666117771 0
4476545333671224517763 10
6527577572234411543524 -10
6576124751244277347323 10
5622656743451212237375 -10
5255572431673446314331 10
7553444115277336633221 0
5157427374243663566172 10
3517746116626124652435 10
4742662576551521346576 10
2233646271376772163574 -10
5677426365223457765641 10
4245213314726636327647 -9
7266341664322761312557 10
4322134176326576173766 10
4742666312311753436726 10
5346564345751232261133 10
3222525774241333156657 -4
4114663335377251751623 10
4241567427357261711663 10
7345757213435547166612 10
1376561652652732125434 10
7365424334221316556356 10
2713657654447711467632 -9
1652657176635133761125 10
1415454361561575472671 10
2124675137155375343212 -8
5425716153326133637244 10
3736311647121545717352 10
1474356653314314772615 -10
7356765121441262465611 10
1547163142765577753662 -2
6536776134576511613572 10
2764131316434461317432 7
3713562425777214435233 -9
7515444372463236233142 10
2334635342117154757423 10
5422336547154265327741 10
3771563256434254324127 10
3567662475433262717443 10
1441357652276674136136 10
6435124176762127434526 10
3565255472224313376715 -2
3362162773567574414556 10
3743655233431155612646 10
3326324365674451176414 10
2145236322762516454774 -9
5676174242231756114235 10
4146327642312754523541 10
3246144562155433657723 10
7646677715425466545262 10
2626532771651633444374 10
6611273735256153152447 10
2411774223717712123364 -1
6615736315251772525732 10
4564714713142317574275 10
4516231134627532675475 10
7546523665131234772653 10
6661532217737237436642 2
1312752117526723634436 10
7476245635411727123163 -1
6115631743177251376452 10
1224371376565357672462 10
5252113576647637137717 10
7457354621562563331375 10
6225276533136135561764 3
3724566177114463452642 -10
3477161744531567636431 10
3614613215315673317722 10
1425354777614723642132 10
4226526571445411717763 10
1232657726162136715323 10
2116471371537663455725 10
4631145224216542447337 10
7464772526617547366232 -10
3655124167215513237654 -8
4125611323446764261533 10
3624536421175732774465 -2
2163645227322723634673 10
4743125213177545256626 10
7233452367152372175161 -10
2373375524476141171362 10
5741234762344224721671 10
3247666524244671713571 10
2371635413326516457753 -10
4212451456163735656371 -10
2541753467236243114571 -10
3432521411422537117653 3
5324773421121676213353 0
7512122415225771467633 9
2671415523136641777533 9
2367135134261245153371 10
4643516511727464722232 10
1266543451471775313572 10
7375411622731721447662 -1
4163632571774346746734 10
5223352666225517446314 3
7277362727632316144634 10
5461641622633546651112 10
3117661552122256367354 10
4572721162463176471326 10
4224135723734755664567 10
5264627141476446353761 -10
4525121321737527666123 10
1342623525376471142534 10
5714471317245223317666 10
7542672676412431215356 10
7143124267355637651467 1
5257621673462734232354 10
6733366276434124251712 -3
2433211244453277564526 -2
7252431676517114573273 10
3455521174272276375231 10
4641223277152246265735 10
3364356266771546272314 10
2213462517561171574653 10
2132731564675664275463 10
5224311521167636772355 10
3436157775117661214343 10
6125515546277223766342 4
7567613313147226236455 -10
3644471564777311333266 10
6231545247163165654357 10
6421747735153727235554 10
2724745631623515112642 10
1227315436755364716651 10
7625176273524424343756 0
2355277211557236664657 -4
1447114773226136236767 7
5163625722441757757431 10
2415522126754736764213 10
3476136435541613715731 10
3452245561344114623675 10
1737112264367275575334 10
4512546325116742516437 10
2346173422565477522631 10
6164365415755674453631 10
4251341622177723617351 10
1762141575613426364743 -9
5556673423324212715461 10
3431116374513231257645 -2
4265244241771371623642 10
3766655647516353632715 10
6423325276761415414531 10
5317741733667667226441 0
5211154546646715372726 10
2444747366163132532457 10
5144166215242143621233 8
3245555327153473163416 10
7113566356745417662324 10
7612613216514651643345 10
3724641735651257466677 10
7257545734266173412461 10
5122136732435325734242 10
2557671574335624172314 10
6547635114115772466476 2
4346266211471434733561 2
3751226677712313757336 10
1372312314473164675541 10
1326556232552332477541 -2
3113543165476472421233 10
6545773254351225277417 -9
1265341226234153564756 10
7543364657147327625675 -1
5725421222241466136477 10
3674226255231246634677 10
5255617617342614213442 -10
6516225627635365375442 10
6273723245314636176461 10
7624456557377514244611 10
3656446765125462745772 10
4116234617373226652563 10
5613712635741214263565 10
1435622561642357447542 10
4375657136222311642123 10
5461573714147242415237 10
7453475616771336476424 0
6164275162334443755721 10
4674622315166275257257 6
6742377566424315575213 10
1653675764232112562267 10
2345376335654752612751 10
6773352642452433135251 3
7127647553722631156313 0
4137667645371614613253 10
6527276442663123751361 -10
2434367646137527112515 10
4345655211614477272132 10
7221425536213556656614 -9
7425615376156733612457 10
1335425255152717362473 10
2123165146437273452514 -10
1351567714656222335276 10
2514715277366455616642 10
2442344567757363346551 10
1254361246315217336764 10
7213672177412231457446 10
3427524516731654677722 10
7645171465433273167531 -10
7436271344717562133262 -10
7457656256126517432313 10
2431177256542733146132 -10
6575466321324456753732 10
6636637737644512237544 10
7531227145614615172774 10
2431724226456475511634 10
6454151344635254712356 10
2262623754453616375524 10
1361614521345372254467 10
7746162176624335243156 10
6723337113726314241151 -10
7764246534513172273345 0
6665723341772227545352 10
4445547161762615274354 10
7314644636712244334175 10
7674213647472564132274 4
1643734545717231565725 10
7136471513526324542416 10
6242717617454126637621 10
4236773113122756462724 10
7137445645124761322132 10
4257735346771253751665 10
7375165133367225444643 10
7623246234664143715157 10
2143536237117246456177 10
7275741231672735361261 10
4276611755362457117632 -2
6373424577713552672616 10
4746446773377711562311 10
4442567324316553741766 -1
5527412647621355615334 10
1532716447655232257456 10
3773454715336212726513 10
6335555247166134277543 10
1275355134416671241552 9
4666256721354271133227 10
2563424573716426363274 10
4235227567676125542475 10
2111346765553764714271 10
6324137124571776763322 10
4634375677514742562343 10
1125476214267763275733 10
1265412734134427636443 10
4563453651713365537724 1
7175362354522735143421 9
7245763652414151377236 10
7345436512343726622751 10
7752616656665514523713 -7
7752423134744672346646 10
6571753366376257137517 -9
1552147715623473553543 10
2145741666172451523512 10
4476715276131773714246 -10
3434561356376731747243 4
3454152217671165376673 -9
1245654745215262533476 1
7612135234716445235674 10
5231154673637522211514 -10
4513757771624632416362 10
4711432226371456752141 10
6755317416537571531756 -7
1172473613657457451361 -6
4113432472376642257237 9
1241316767642426337744 10
7425145737665326576114 10
3624246156124346336231 2
4327354363346615746152 -8
5446362321124564711327 9
7612437322256664657555 10
1153676747426556366151 -10
4146376442111376652526 10
1533241345254276462613 10
4525531215143357276364 10
4534375242544715111617 10
2623542736533413147617 10
4742632571655521673443 10
7421214717246435631557 10
2435656112517576566712 -8
3417232334761627513457 10
6522667775275611424657 10
6552242634657377476241 8
5646733311425142146574 10
1231235256436477711546 -1
2567422165437473545271 10
2211651347457155336456 1
1774423733523111152254 0
5617631447532525662475 10
1344365256552157242317 10
1477113125756355612764 10
4236775342572615266755 10
5457211723511337414662 10
2214712645747724673525 10
3176156742564423112277 -5
4257222167733126117543 7
1642135617562335257124 10
3142247753145276363175 10
6745152641465573125272 10
7221613474314546564263 10
7562231552712155414757 4
3474452475726532271232 10
6414274433555173512223 -10
2624716231171124757473 10
5474161763253676314621 10
7213276156755432446565 9
3172255133264765175535 10
4342341243466371762165 10
3532216472242134156211 10
3214652616426727216745 10
2112537323334174263647 -10
1756243157666327117454 10
2231631546371611554272 -9
1275713523141427377613 10
1325153763474432455564 -10
7451643172261126436255 10
3311665657226756113413 10
5772334223465734177521 10
3226456171772564374721 10
1376114732575637464315 10
2764313463741537752511 -10
6276743573351144154663 10
3412542716514122361632 10
6544365156265713622541 10
3771136175253664445435 10
5527125374364355137735 10
1753655371734427226734 -7
4115746577236465211133 10
2326763741126763357446 10
1574276351371611732224 9
3314537361424233776545 10
4233756255533643547747 -10
6241143734437265611337 10
2337554472111153614436 10
3167723574221446331514 10
4765712717722156237243 7
5624346631537727241643 10
3311662764332352771672 -8
6477424261312315511356 10
4215663543227567461412 10
7252241726643775141136 -10
2562731652272334464517 10
1331651343724616664577 10
7267451464512536552142 -4
4746316412475153277652 10
2745424317627563263564 2
3651142613164352624737 10
7356214435637217561176 9
6521347461211337362363 10
6136355154747223167667 9
4174734552624613311275 10
1415355162761621747256 10
7172377651446345273156 10
5752153223243654562576 10
3451612276652344436242 10
3443511521676465375231 10
1263511555221761334424 9
5377553621142331666757 10
7615373551667257434223 10
1154621267532274363612 10
6143373274662754327576 10
6472541653273521654371 10
5377525542324676473633 10
7424314725177251342762 4
7361642315473516677424 0
5343516714714116453253 9
1632525261347515572416 -6
2351647467742735431322 10
6366534147546225473116 -10
4134767451513264324317 10
3623571114525263432533 10
5654255112734176663322 10
3461412634771622665341 10
7672362327624515714344 0
7374552514151267215764 -10
7614571266143266572432 10
3752336666222735122511 10
4475275666156327733163 8
3132376245276166431445 10
1276635764312431123543 10
7444574533171371546452 10
4317352651244772527735 10
1136627152736546473116 9
6333623317572122472645 -7
1763456727537134215714 10
3635227554162624736441 4
2616533272513443427563 10
2123323721317346124545 10
4213127664437774311264 -4
4635267457327176642123 -10
4145135771561631364254 10
2476513741742746136341 4
2322641251364245751674 10
3732633664556732275171 10
6134664356332517354244 9
4262351236416657246364 -10
2366746472176145524237 -10
4773513227142753542364 10
4677431542757214723155 10
1455633564114673173215 -10
3121352175534675446725 10
6467756646142315541232 10
6734727712763225342545 10
7625145732662616445364 -4
6663346347774721742144 9
2132225674576443277675 0
6457744637224413121455 10
1345756172363665647434 10
5471675674571423214647 10
7215462453747752612661 10
5771523447122123114336 10
6313562236737714214465 10
2317661275353167761441 9
1616434162527514455674 8
5173342717324716253565 10
3332271564557236554122 10
3621741763327241565465 10
3743766135743741472621 7
3542523572144776245214 2
7434162657225241722557 10
6235634171171126465652 -4
1133525557465315173646 -10
4733134746543257256521 2
7625347335354624265571 10
3135416622416537572225 10
5165112132241534725441 -2
4443576766362351612743 -10
3657665535715532172246 10
3333647742712355451717 10
5747666723234644513311 10
4526345157423222746517 9
1431457714674537533653 -10
7361446374174773226665 -10
1564257472355671362326 10
1643735567634212573562 10
7561214466434747321362 10
2126557372154317531524 10
3414621457662616236153 -10
4237166166357252713651 10
3354357111256312425741 10
4512776543363374627512 -10
1364136226371772763467 10
3476453242172236527565 10
7735744673163726116542 10
5422255145626413317771 10
1357164254441125776232 -4
7325176416332255352177 10
2743641521655131464326 10
7776724715674453161462 10
6744674226561273145761 -10
1576572431142771257544 10
7761637125143654153257 10
5223411343741776757554 10
6675724724241613153663 10
3722417477253126155324 10
7311547215344167164265 -2
1224514437555217277217 10
7554241412562517776776 10
5346231764211377312454 10
1134322654617617436553 10
3514775367625342142134 10
5176512462317512352423 -10
1713246546527145221673 0
5632236774217125514314 10
1742411336536611253652 2
6535117336414672155125 0
7564133553773411314465 -9
6144574113516276655337 10
4121662345143536377452 10
1375476224246415316621 10
6637671556131124177547 0
3112466325735411726154 10
6335762712531762544641 10
4764347147772635326667 10
1245744127173611432457 10
3676567241337411252765 10
2216653511143452254674 -4
4215325313547426175734 10
2154234563376166442263 10
4472456614321177337731 10
4334174322574417645336 -3
2324137534245363551217 10
3273534643366655512722 7
1171744326275132731626 10
4566313122743347726473 10
5755737464115223172327 10
6753312227443451743552 10
3357435742524115163211 10
2715544752544175342266 0
4325251747165773251371 10
2143467237316124273547 10
3465565716131265247244 10
3631125751246512746241 2
1513164745427254334563 10
5123363434451361145412 10
7154663734445345631662 10
2113361137561713434655 10
4274537114262677231252 -4
1576263717542531625373 10
3255541142556432367364 10
2435615336354636544171 10
3237145511424667657134 10
6347761572323264351154 10
3457753541316765622474 10
5566362774724645437732 10
1544257263675245377416 -9
6315713767343326176232 -10
7324775751642174351661 -10
3176526546242321434577 10
2754617324725733311446 5
6223754227336613155567 10
1562262553227173466315 -10
7772645555233523341341 9
5551152362144335367143 10
6314376213114477546575 10
2766535517523521676374 9
1227557566434131634715 10
3144656532254116517524 10
5132164241533576765323 10
6141351254317545624527 10
6512326547512347642337 10
7564446763131623152124 10
6543462123456263551176 10
7276321254473623466657 10
6363521471675547145221 10
3514521344167537466472 10
3517434645667677622442 -2
1375417522413532673267 10
7623142447544233151113 -10
2614635555727712735622 -8
7775515736766232242153 10
4475233651712253256623 -2
6541723671334232535755 10
7655322113521163456627 2
5336162134651661774135 10
5635563537766174136274 10
2231631567277166755736 -3
6534257137465375613152 10
5243266362161164547437 -10
1516531545577223266542 10
1445332563214652322655 10
2313576626263537347552 10
3674415771572322656421 10
1523677416771134754523 10
7132424573262425637761 10
5547661212254726561547 10
7575544627763546324372 10
2267512463513576766112 10
5376241763644574772535 -10
3561467233546351232137 10
3651525345321374354377 10
7645461513632763327321 9
3551475626411443645117 10
6725175356442171376114 -2
5745634243166276311174 10
7642264453652165247457 10
2256637743777262564525 -9
5714436341357623616275 7
4157134622616337145766 10
1557443244262217765131 10
7442773651566154314554 10
5225532113371745475213 10
7557347424517611215145 10
5367775227116352354723 10
6434177232553611231747 10
2564266542733763122427 10
1256734547174317647267 10
3575416211154373772272 -10
5223445416576625363777 10
7754167316244773245216 10
4616313741116577457334 10
7115322437631445577245 10
7736721671141252351336 10
6413256576375537413524 10
7611577654141324662763 -10
1766457174632521553234 10
7115671356334437747652 4
1323455215677416523257 10
5222122653661777743317 10
7527375117617444633561 10
4566457426325113743526 -10
1736664216457231431374 10
1515716226734527644427 10
5447652414375632162572 10
6465143136137471442265 10
4752467231732462341125 -2
2542773353647135544763 -10
6744321566271615463725 10
1371437215774226614712 10
6354455145267773542226 10
6742733161254213461232 10
6723663314174531124765 7
1775616731173552567642 10
1476663524372412574127 10
7524217567611263573443 10
2155436766411116772235 9
4373142526165261746534 6
3176561662714637311557 10
