166552337142752 14
725357447473252 14
722563477352144 -4
313135774744615 14
525713436421257 12
456471657414326 14
116142524367751 0
324521746152656 1
146726442722111 4
372614126366741 14
132535724332473 13
342753262617467 14
732656747113164 14
661351575246213 -13
311663632325563 5
112564763177764 4
177662376631354 -12
337127541256424 3
532522666343472 14
323572556116152 -2
663562434337162 9
614346373435435 0
116631711274466 4
755216777447351 -7
272475635347135 14
451633427475322 14
261452237212665 -7
747216213757653 14
177516234662645 0
713723464275466 -4
762642413335463 14
733573574516615 -10
123623445421111 11
514663777546263 3
733753773426127 10
442216645316754 14
463263737532376 11
432112365776232 2
412146151675232 -13
412273711132357 -4
224474376661214 14
546263742552766 14
151615564524277 -13
251572347144476 6
212152175367176 14
743622131746113 14
566325644134373 -9
557757232642751 2
677345474113532 14
214723571451165 -12
177631221252673 14
333356156657721 6
327436716423527 2
157415421532623 14
721474442551673 4
672275423637223 -13
614763426252552 -13
514436377362676 1
525721763344175 -2
154615766177527 -2
144664241377321 14
711124744125376 8
531645164746722 14
236521542241157 -12
647347673533254 13
216374574747236 14
357324677336421 2
475763455371472 -11
512311724674567 0
277435111562664 12
742543454371621 -11
655522731532364 7
223241457366624 14
176211633546645 -1
661736655464213 8
662676241512255 14
155746221374264 -4
645171352642137 9
332341713312714 0
425776747716741 5
354121312477764 14
726342451662343 14
752365745436222 1
771144676563534 -13
561312611513442 11
733336461166634 0
537215641165273 5
363762265144724 2
545326741114261 14
163356575122671 -13
272451133363776 4
143651732646416 6
426335347117612 -3
531266742411752 14
111253636434655 14
315623377211566 -11
411162174732651 -4
731354544577752 11
556736375672237 0
616374112731215 14
632475725213655 12
733617311721532 -2
413647352553756 2
227666453532447 -12
114232222166744 14
531112774446321 2
253123536244214 1
712521634431632 14
177263314563631 -9
611372552211376 14
367457313264175 -11
763414225524453 12
727336161521365 14
634545622561423 14
254174211227355 3
354676376545171 14
174325734354211 14
463154674737535 14
755435726426327 2
141627134354634 14
642537735662412 0
333213175275613 3
365344613516364 -8
314473252442531 14
645273111666474 -4
271175242537713 14
432267354516352 14
171233613677652 3
745232553727715 0
345216725476674 0
643364466545467 -13
762416617153436 0
711676224533154 11
714327472415557 -2
673761332123147 3
265453173152717 -2
722441612527643 -4
571475376272424 14
545222746166673 11
445114112367736 12
176556615772314 -12
742636121367751 2
773174116256465 2
437244166553571 14
467634334735724 14
763336257715513 -7
743661275455344 13
325352466245546 14
762541573135272 -13
733571152561442 14
126626352672137 14
132745631745347 4
674137754257245 -3
612145563412575 14
547657612175334 4
433764277716334 12
357652363116741 14
274461422552754 2
361352211663676 3
724576646533332 14
671624315657723 2
362467421477475 2
636557215652176 -10
716564515113456 14
223424713541155 -13
142147265531746 12
116166166247537 4
776714136334241 14
276245651544764 14
142562135262675 14
561432667762723 14
231646344625711 14
116143546125222 14
756467125612333 3
617576153633644 13
644755731263447 0
242154736241521 11
456323427761645 0
773457652244112 5
756662247634127 3
355574712443357 -2
436162154721534 -13
757544312531262 14
463766725332544 3
766655437664421 14
532456475211133 -12
137214335437415 -9
227654464366244 -4
711724337562241 14
734451566747613 -4
432371333425425 1
322362346415556 -12
643223565712456 13
455441357611231 3
212742146516337 14
646354772145637 14
614775647221563 4
632745713216321 1
124571141536536 14
676633215771361 2
117675266446511 14
552661431644715 4
267227775616663 1
161523474427134 -13
562431414165533 14
271611261272435 10
527465637357476 14
354512174716254 14
744515225755743 9
747166153753716 0
345553731741766 13
276117544532624 2
724454425376656 14
761542654372772 2
617271672256131 14
465226177613225 14
267673263467237 14
464551476715227 -4
555447613316247 2
162746733746435 14
572313473265511 14
222426176153637 14
726255177477462 -2
777136621132162 -2
571237451671632 2
713312764553671 3
452176274162341 3
157542464571323 14
113274151147654 -2
366141634615473 -12
676432571144154 2
231361742246345 -13
612462661377413 2
434221555374363 14
424257625167275 14
743375423515763 14
276553722443165 -4
137632545647725 -2
241211432167556 -1
142463657652474 2
153334414761431 -5
627343346261753 14
157426377175635 -1
115472647211567 3
477425511366314 -4
775755342114664 0
125762237433752 2
423672173375553 2
377641216415556 9
543273475755122 14
562374431555212 -12
145271714656342 3
634116273147355 -12
361572645172756 -13
461367265122753 4
341143245665276 12
724571413567262 2
652172643123712 14
734131355453174 -11
215743674336172 14
424172344512263 12
212164621333673 -4
725126317635574 -1
713245534662656 -13
742416527366574 4
531745656741413 -11
115762737735244 4
726415565171344 12
234321677112717 -1
541621323217635 2
252462177446351 14
472613477631371 -10
433415127752642 9
476116256523671 14
565424625165457 -2
663245434136121 -13
452267633312151 1
322731427661617 14
427117424334765 14
663416751622452 14
237656163541664 2
365232273651727 -9
161551741525755 14
152261247134645 14
452676416665243 11
432315477156713 -12
337667364752117 10
521163144721336 -1
744153667521774 14
767431472222614 -4
435176615724276 -1
672151246753546 -13
366377142535764 14
246431743773665 14
316564274173137 -1
333554334772524 14
356151654336146 3
363332757723145 2
763461544372571 -2
324717651636722 11
256136163721774 -12
143571246155435 14
363227535717511 14
312135212272455 14
135633524171722 2
743563415636612 -2
466355371627151 -11
775436426312143 11
516434254731222 2
551326352734473 -13
527214166546457 3
415657137654623 -12
576371765165343 14
571664254273317 2
743235756466331 12
464555226462713 -13
344736233155515 0
217232343621264 -13
473331317775664 -2
173676123671124 14
333411564474552 6
662547573133671 14
223335416343564 -12
511221466773342 -2
117454664337572 -9
316331124375752 6
611263532247367 1
657677523453457 14
265176657152472 -4
415236422737654 -12
674411532617564 13
253564755137641 12
264645253674776 14
356656767341324 14
662351651261147 13
176151267555623 -2
541231671416774 13
572557461366547 2
642771671545515 -4
256324177643115 12
715346226552411 -3
432765234126317 -12
632276421732471 14
472427726332441 12
444531626174665 13
111741416563437 -13
633653744262531 11
725323563673454 12
452126433167722 -10
411577667413236 14
723561745711166 -1
333552617527365 -2
513636521541231 -13
141631724442551 5
447146716322165 14
615342661365454 -13
573272562624364 14
567561576144426 -13
542721456551151 3
476625165213332 12
426136324575442 14
572225643621371 14
352254374271654 -13
572117567446614 -4
427441734321266 11
712411435326461 -3
325474237652135 5
726451422541275 14
213673153574614 11
253251411634725 13
523746367272645 14
354542165431716 5
626776132153351 2
267545314512541 11
421477731711566 -1
172513715223127 12
456315437332465 -2
147434223556456 13
316316244337576 2
773636254354774 -12
546624476665214 14
737473256734217 13
772672163454556 6
643652332555446 1
475321777646151 12
265635117612323 14
222421465773565 -3
312165434751672 14
163274553236562 14
372541173724214 14
451443422417611 -11
565346211347521 -11
411643647273114 -11
561275342414562 14
633556234423111 11
334241627371452 14
533675314632774 -10
653422136456143 14
434746165166313 -9
253446327777527 -10
617245134257712 -11
647615213441336 4
211356444125437 14
542174274525733 -13
756555244567674 -13
357511466215232 14
371427445265166 5
127345663355755 4
427227141764255 7
466152162574733 12
336441755624661 5
156244371532256 14
732557343563424 -13
375135615413272 1
623365371211435 -3
641554266724425 3
276151556541644 14
512712117132565 -13
376424456121237 -2
445773763645261 14
347613511667547 11
712115763213512 3
152164716773446 -2
644431547135317 14
324447525515331 1
773667637523125 3
441715343266657 13
365122146534146 14
311454751641477 14
726543437465232 14
767236465247171 14
557313752143124 14
324635315773215 -4
756714571233166 0
263665214231273 -11
567345465761224 -13
217531626134756 14
256373256354113 3
711456175326313 -3
133365456147534 -11
752727766516445 -10
742317671632742 11
411366152364127 14
624321457653715 11
416531312352675 14
753754634247655 -2
235577325134216 -10
464177544733615 -13
224121634715155 -12
542653726771146 0
152242246717617 -1
671744265742233 14
166765365215462 -4
452433637422664 14
451271157352222 13
522441266134776 -10
474161636556114 -13
331472242621675 -3
735644617514125 12
735416164173315 2
145145365141535 14
565274413271463 -6
574561665423641 12
261363714212612 14
764677335152642 0
662536623441742 5
362537447563755 -13
713157366336464 -13
536514231215357 14
365313575537162 0
114761264541227 14
154677316273474 -3
241146365673223 14
317134652367517 14
626467437337145 -13
753261471751572 14
546246516471272 14
746532742337151 14
764365652145677 14
235232745127576 -12
436711431247726 -9
252532266715731 14
631733364767752 -1
463164737427312 -4
361767542423471 14
631622142353657 14
642437233114776 14
562415331467364 14
553317266514526 14
134112126766177 -5
165722133476577 0
113715467274365 -2
253521246365522 4
251546212673151 14
472256736215166 11
476615534726257 -3
746177367525527 4
454333361261162 -3
376477214133656 -13
736224567647362 14
366472663216154 -10
265743462651174 14
255772113457244 14
371134212452245 14
441334621527766 5
236753547345761 14
532315273727347 -11
676671253124717 14
341277274723162 14
371277537412216 8
235533566463145 14
537672412143543 2
541742236635777 -10
474377636761135 14
223374475163465 14
445476123532763 14
454171457352726 -13
771515446574333 14
774321431471346 2
571344313712756 14
441237436553657 4
241735651436751 14
312335532176564 -4
265334751536325 -3
655733771246436 -12
635625356264427 10
526277137414341 14
716771416565433 14
257474157616172 14
151573274432523 4
637314762322275 14
317616125167534 0
145562127766153 9
345742124736212 -11
135237772146242 -11
723625354347415 -13
311513442115542 6
647544721124517 14
227544674311317 -3
376523475423434 14
656527165373412 2
243754217117354 0
756451655441746 -13
772263213777453 -6
434245745617757 -2
341257471277142 0
341752332413732 14
127546352351773 -2
266136715334324 -9
345274251276463 4
243146222535752 14
743264677726512 14
412463136127521 13
516123377625312 14
272753362141133 -13
716734251617311 12
764535311212623 14
564467572322371 14
673635331615721 -2
662722372437125 14
646435522757213 -9
217577341655246 13
521372434661156 11
365214376461724 -4
176617713512523 2
214127165573777 -1
146752651235337 5
461641657627515 -12
671413365147267 2
576643175224147 13
777562157551646 14
465623455772763 14
657622533416772 12
656232445111577 -1
253612647245367 12
157455362377271 3
547327227645653 13
357661367724127 -8
441657615777222 0
753525345644754 6
375375311765637 3
332154454226161 -4
164676617544435 0
215172673234346 -2
342624336275771 14
324416336631624 0
343542134555673 -3
145355614234765 2
752355436211112 14
426121661477647 -4
522176432674357 -7
643515374647245 -12
227577316322671 3
672136732534464 -3
426552457274373 14
537235631421756 5
731154513263527 -11
221337461561545 -4
432411727712264 14
244465424711531 -3
541272653626663 11
647431441352656 14
526375157324112 12
566543632657417 2
245377776244564 1
264641214513537 -12
561143472562762 2
376466277327742 3
331377172672343 5
222164577517144 11
725243453661131 13
435526525241213 -13
155644466352571 -12
521567547566423 4
672474612124151 14
533661554124471 -1
356251437356253 -4
675554741763113 0
147452353614722 14
756364244227157 14
467522623774476 1
773161351647243 14
141216543357557 14
613721145727144 14
551377747131524 0
575345751267524 10
463162455317652 -4
433654623161275 -9
461327736412447 4
721632564645174 14
767625337454456 -2
115563742223616 14
653447614123361 -9
764645316351173 -3
366554244622527 -12
227225615412377 2
125576747342132 -11
726662125315343 14
146241423622566 -4
662551236147665 -8
316632352527736 -4
553752366731476 14
552114116775416 4
267767345341736 9
744736524627451 -12
423656433617632 -6
641236534251446 2
545323137565122 14
312234421417661 0
243657361762216 0
147167522762374 14
677112712667411 -3
313544116332276 13
514213176675532 14
164243573672427 14
753462254236526 -12
233716225347147 12
755655134712622 -3
176126527531742 3
464152776357215 -13
611617623542573 0
467444772512622 1
272732752574665 14
554411426227237 14
643474251312713 14
215511644345627 7
212362544325131 14
353742654617446 14
543411637676272 14
323716547173736 -7
741366527374536 14
262175673455446 1
341266422214725 4
236473644556513 -13
226715633467275 14
524676771671754 14
267732342456344 14
437263461676422 14
446351153152223 -2
452537247727344 -13
111725634641447 -2
577365713524212 0
532625433151652 -9
437226743572661 2
546734553641211 14
146263235715747 11
326561115372567 0
431627176625244 -4
662122357327357 4
727317433765454 -4
522632116475542 -1
326154746154266 14
341157665144372 1
436511376116723 -4
662176155544447 13
342231212126765 14
235273314627524 -2
564413454366675 -4
467263464651622 -12
643547212512666 -13
316724237524317 -2
746652742552625 13
162264413663572 -8
465531337634773 0
672565471173564 0
451452567166531 -3
265362742511125 2
224745353325666 14
415644323256346 -12
456613254261335 0
714324227132435 10
722472165517164 3
177153725572431 14
542277766642741 -4
262777764235434 -13
562362236525554 14
226127736552441 2
513473166424152 14
767637557157411 0
173212776534375 -9
461625235147427 -13
571256667734161 -13
177234522455346 14
762612177465315 2
324566654314154 14
546113252331553 -1
761375712755412 2
271176614553565 -13
731713276112466 0
541736624243121 14
755623712713455 -2
267122113545132 12
276346563174713 5
447632741323534 14
167242153735571 -2
277411635266535 14
163211167474563 14
157754746415762 14
371654355632646 14
476472165113424 14
244271162765217 14
625156373443115 -13
174257512716632 14
667212167146657 3
713143357621235 14
265724265354611 -13
442612657764172 1
115113345372246 13
671225721743136 -11
717564355267165 14
317164746455263 14
553257452736241 14
433555732266715 -2
615744472122551 -3
616771425245744 -4
124563351754735 1
453114253635722 14
211351726675642 2
722165163261472 2
733414154322275 14
165222126316656 2
543163736722143 14
742662577242756 14
321575536742174 2
113655422436723 14
437246313446345 -12
354375273142225 -3
353417751554176 -10
532122263111655 -3
121324761327666 14
456563344253672 -6
242642512631516 14
436257451631334 -11
634274231725162 14
456371511746146 2
643214532322616 3
461713263135661 -4
611533671562544 -6
515776763214373 -10
671414324467215 4
423176513764166 0
123441516646442 -4
423453375612155 2
165434477554737 14
361113744543131 14
116672531137655 -3
476573275412561 -1
247155315556317 14
264115423536315 -12
546315127767527 10
171647552346766 2
145522414261746 5
735446371374162 9
475773564346126 -13
375367213515636 -13
146341767162275 -1
113755735357312 5
612514713326377 2
271455661465762 14
521135453354234 2
657445553243163 -13
675447521562225 -1
634215374352352 -13
455767331276316 -9
577723157537314 2
316173537575623 -13
614743132126265 -3
572332736342656 3
611357176751221 14
427574313475266 5
732146563251754 12
567124534375261 12
221366623542163 14
431567651547412 14
672554656452157 10
266311423757433 -3
311352453422574 -9
456143461713575 -12
533426765364773 4
437724212556111 -13
625721574416726 -13
773263451263376 9
647274245366173 14
343657231123367 5
263113372762432 -3
667614527573112 14
354621731431217 2
661517273415232 14
344711745761342 9
552311652311745 14
167174523126753 -1
357345265534643 14
111135542636725 -3
244677423613554 -11
272176163654616 2
753274622312131 14
423513413167334 -13
753522565647662 14
237773526164357 14
523321725117536 -13
756647563431571 9
155727617242137 12
313472715667162 0
762143255421735 -4
375751347152463 -13
274314475127663 14
242774146551377 14
763464627433564 3
351252577375217 12
642276323511151 12
463726473365645 -13
566265554724722 4
262253621743476 5
152472254367477 -4
565742713453416 14
114623154153772 0
413454325557752 1
134556367352773 0
712237135155661 1
451124234532637 14
271337637144514 -1
121537366544443 -3
542126515331746 14
626572411245556 14
665775414274221 -13
114654217672712 14
446354143621573 14
526324136152412 14
655245753321271 2
443532756747755 14
341654376365323 -2
545125737761641 13
433657547175274 4
264555146221534 14
472574211734532 9
766734524345341 -3
453672751431524 -2
372131255337452 -13
627444143215611 4
656724675122163 3
557456322477154 12
413416574562527 14
577214617324466 12
521345435671165 -2
546147222773135 0
566627312161357 14
657651235727643 -12
713161352434266 14
345211626527256 -2
231715227655443 13
245746617417653 2
361364777452114 12
127543443365571 0
237464533727672 14
322776445714565 4
643375151551766 14
376537715116243 -11
727211654231314 14
171323327465674 -3
635743424722756 -12
616355432357661 14
414374172553332 4
712256223564777 3
151345363262317 -9
171466546415354 14
111477754532174 4
542743447533351 4
211317664521231 -1
712415425657356 -11
365627342715462 14
433421115463526 14
324256332676177 14
762174441131337 -13
251226345514467 0
764576231234351 11
617423365235125 2
177523731721664 11
547421332637651 13
244346626357766 -12
561467565413112 3
167243241656636 14
676174361234757 -2
712414164756225 3
732524652733421 -2
447265647126163 9
442377241666172 5
672677453422316 5
216411274226136 -12
337562162571127 12
731256417471626 14
777532424432233 7
466452523117562 -3
341127265355131 4
715214116526463 4
424161214566276 14
227743326425636 5
466171333271421 -4
573216225235566 2
565144777215133 1
577312231612754 1
656271542742424 14
535467135762623 -13
734256256153327 -3
377365141755152 -2
731147425414543 14
625673357435641 14
737612314651312 14
232354447661312 -11
527576521136765 14
662771713455136 14
466376635512632 14
334524666254213 14
345351457563436 14
745653275732376 14
217754263145274 -10
551366172712423 14
176422277642237 0
771264443334526 4
746535361422356 14
331454625373627 14
237447373434531 5
467636321414322 14
342164712317755 11
322776351523764 11
577215426645131 0
643527726262147 14
613235766212375 14
266563254153157 -2
415757135667427 -13
462347462325135 14
756415541724232 14
132354351761754 5
452176327561242 14
256557434223326 -1
346635657573611 14
135275324615363 -2
772323565146255 -1
617717456436242 9
145163223436554 -13
653174223615633 11
744453255721442 -1
246741364177516 14
261765471423316 -3
311234247677237 7
215753621574233 -10
256667354424311 14
546722474111736 -5
473226431356233 12
634111631435773 2
171326362775154 14
555716211241536 2
453616524745736 14
277713543275351 2
312324551752167 14
431527621751262 -2
226554564743173 -12
714347351134361 -12
175374512531546 6
421765753657751 13
222135457144146 9
245272566731734 3
352625347235147 14
551133366753261 9
324621657366631 6
157424634772367 14
415354272576732 -4
422741257215453 14
163371561247547 14
246344654275613 -13
445325241621775 14
373672573321412 -11
424132223646763 14
141721144371625 3
537525647414217 14
246615621173532 0
431313323724264 -1
325624476655161 -13
767442334152462 -9
546432753312347 14
642516241327565 -11
626342657136375 -12
451673543237416 -4
746227136141742 14
731424145663321 14
616132637324725 -10
154725116474636 11
522346145431257 10
164752621174373 2
546572341476467 14
716172772312365 14
542454355373671 14
436457417213376 -8
616427242513473 -11
233151255116644 0
746721351354311 1
673574232165575 -2
617567233146512 14
366344336367723 4
324115662555323 -13
154211426552677 14
574441423534332 -11
447561723451416 14
243271631442535 14
767322337312325 14
647552614622273 2
514662336213725 14
642247357345615 -11
613566712575311 14
247446313725762 14
721173415243337 -13
112322574654731 4
643252576636644 2
643134166713342 14
226453331255521 14
117266112457771 13
763263533677226 1
731215515172353 14
113274625674252 14
111722514142534 -10
656643164261422 -11
654576455125127 0
366643464257215 -13
745166453271557 -12
241752665351226 -1
572353623114342 -10
261743353651643 -12
351116456613722 3
133117325145673 -3
773766211265336 4
175523177526312 -12
432166474756235 8
276166362141227 14
347244224545314 0
251464327551642 14
662132263177757 6
313241752564531 2
417522161233765 11
146267511546155 11
161745367264142 5
316231627642316 14
646736416334625 -4
134563442225515 -1
513467731614475 -3
755542331772651 2
544355173465144 14
421725456466344 5
244541333623772 -4
137356175646725 14
152536212234566 14
672166316446227 -11
471457764711575 -5
755161335534264 0
741535747466162 14
647753352221223 12
415664417652134 -2
412563515227263 -9
146556232163523 -11
317712735636241 12
137156323117451 2
163177645672553 2
566534657521416 14
116654266446315 12
765262475445721 14
471331522145351 -13
433231416471437 14
527232461154756 14
325346212165736 8
412352451213443 1
761665434174531 5
436777251436571 11
573754514134467 -13
153236727266214 1
674267354761544 14
377251272554455 -3
222554447331635 14
257137135747215 14
715446261344711 -3
241315747741242 14
115474765423276 14
744675423567227 -4
234622543622716 11
427427654143773 4
545735567122373 -12
753437216146554 -13
733577513653612 14
157366443755146 14
262612356124634 14
266153653734754 -6
623667233151273 -12
763743565257626 -13
237761324621137 -13
165274367123454 -2
536265661373347 13
337243415672537 14
726756171611252 13
214352621563452 -13
672714235411351 14
547437267657655 2
114226145413321 -2
753163246131267 14
666133551667713 2
763442421751335 -11
253451376216761 2
345322727561712 14
444666162755411 0
777524761464623 14
745673771137251 2
476376375756476 14
513227142123566 -12
371566424157555 0
173215375273433 3
356176172343721 11
143757461354745 10
462532416724217 1
723611641755467 14
341621727557133 14
255253676265314 -13
675334562544176 14
612466154432263 5
251374154143732 14
551222647723663 2
737621771654324 13
763113224566324 0
545147336713376 14
546455437316122 -10
127453627434133 14
251462357756572 14
577673254546154 14
726146457135417 14
327352433751524 14
654417766513664 14
164352756214643 12
362477374455146 13
356137225166477 1
676212367537212 -3
557636262371572 14
456213657643236 14
771736454216621 -4
621433474257365 -12
327554425536775 -11
245734373316645 14
734374524237213 14
541361354732776 0
577346372156651 -4
654155461326431 8
136756232341765 14
321353673446261 11
361773121624264 14
355762274123627 2
454244753212333 14
655235452677161 9
311513512472432 2
747315664127236 0
772155133126377 1
774663467313472 14
246776332722254 0
443331156277635 2
755565426313623 13
542343512716662 -13
764113316732535 -11
447456121412517 14
716746641132727 -13
232562644273157 12
426475122712623 13
542252766355345 2
367737155417412 14
346653675316552 11
463363525712162 7
626654242133666 7
652776433153251 12
367343517164734 14
443431513662554 -1
165723456744225 0
611324753754566 0
667752363715544 14
564365412462276 -3
174156636612744 -1
356455674554177 10
554157771427716 -2
661327732534765 -3
275441744342136 12
521212214745473 -13
476572412117145 -6
117166774744212 14
732651177625652 3
165163325636715 -4
575267121213543 14
653334765161227 14
731314671331245 13
146776242266556 13
326772645271736 14
366766733652145 -12
512372464623277 9
631465617415161 14
552173673671646 14
233654774451455 -13
277166354624655 14
372731377364375 -2
152141755666133 -4
725575423431273 -13
253242377353344 14
566751127162713 -9
377461131624454 14
327317712357454 -2
745716434662222 -12
564226352234317 14
774346554222625 -6
374737154472212 -12
477755163675153 14
354556176314577 -8
643255136153122 14
232652352347357 11
244267266142671 5
736347373241257 -2
276416627544657 13
257426336424126 14
637534467166457 14
565435247115765 12
266277654575347 14
476774635134621 0
753655344376557 -12
423775332127563 -6
227357321431724 14
724712464672511 14
256433774411646 5
364226436444635 13
767157244124757 4
124415577647755 -1
626311561724353 -1
766737213223563 2
264525632654475 -13
162142226715134 -12
727214115153241 2
754477161764227 7
246357565371271 -3
225176151372266 3
772723565416465 14
267316313651374 14
725411466115657 4
114354354524367 11
267547121461715 -11
752416315655773 1
211215646753451 -13
475224712533571 2
256571433153654 2
262345632374713 14
573633451244551 14
717154433654166 14
531754654636353 -13
336615726147161 13
147522361611526 14
156642433263213 -4
566272342377141 14
743726215146757 2
172123731655251 3
243747234656721 -2
176624554374577 2
325273455746162 3
276521474562163 2
257366656453326 14
452323546711523 -4
311656133645446 14
265651712734674 -12
211642651725473 -4
123673272317175 14
722675311563324 0
156246124521336 2
473725425263262 -6
522353472247561 -12
342577741621745 14
574456452215561 14
337315645727456 9
733453442342731 14
353754236325241 14
627336154761416 -5
715136262137237 14
231462546342465 14
225265151674664 8
762453326267466 -10
324726413755727 -12
623533347272466 14
531216116742371 0
222371241761313 -6
672534351247627 2
637322542457154 14
751434723363161 4
641457311351437 12
652477264677512 -3
373124167223762 14
771254364315253 13
351212142676234 -12
216461525643147 -13
562246227143313 0
431225374537372 14
115475651537376 14
216664437153554 1
363564214673214 -12
267543423147252 -12
334574653467157 14
615751521734732 -3
714643133277672 -9
357623453764366 14
126562443276574 14
227526346557447 9
757336365351422 -12
547135251377146 14
723177535143472 -13
767453224265266 -2
472662216354237 14
161757177324725 -2
645357252314261 -11
621411234441126 14
124664615751274 -4
654124235642345 -12
577216351654262 14
625151166534262 -10
752463421375623 4
416615571525754 14
763517263372252 12
746322526457517 -12
544325211334172 0
275533167134655 11
145363474642165 -12
725464157222651 12
536443215327112 14
664273421335647 4
353312246456471 3
443273314712655 -12
777527743252436 4
557124742361367 2
411677234376613 -4
731545573667563 -4
374246744532113 -4
467521623211545 -2
727724173776125 4
421537752663351 14
524377175473117 -4
153357675314717 0
347621243611537 13
126627566417175 14
633176157155212 3
551216772523441 14
312462117624243 14
451215613564765 8
133172114572234 0
316272213624316 14
425636355432147 14
565516747617425 14
772173422661361 -8
574751614327637 -8
116657723125731 9
724313354771373 -5
162456414757636 -10
156273441451132 13
364517171136451 -13
356414414264163 -11
235142413745612 14
236675411114535 10
663417164577476 14
566125777563323 3
645622431131522 -1
676447467231553 14
421163244123577 0
552651773622744 -2
664337524345721 4
236747472245163 14
422537241643216 -12
547517513262653 -2
744525412216367 -10
527111427137727 14
521644276523431 -3
142627415421123 3
655717664163721 -2
242675334242665 -12
342226776146234 -5
663234125116577 2
214525326561537 2
514232566415313 1
216733214547613 14
644471321757636 0
476613542276426 13
251276277653631 14
311346645536417 0
457564227333211 14
623551623537516 -13
541265526377717 10
372237641152737 8
213264361126536 5
622663353541232 -11
511156756437262 3
653144654137431 -3
145136453117572 3
636217671154263 -3
642275715612653 5
175726125325616 3
426316341127466 -1
162721634217511 2
254646211253767 14
575474624777661 3
165561331721766 2
472314427756511 14
722673165453342 -3
142753417411247 4
245764523641215 14
214156456321723 14
531335442621336 0
326661327425177 0
314537346562667 -9
427114721535651 14
453434213164551 14
676211745173453 0
457122421763233 -3
174151132244526 9
175432757266565 14
167654462263355 4
214227373524336 10
317241465265315 14
752445323471111 13
665115144541425 14
763654242176515 14
671725553563363 -2
412663154472377 11
652337237662753 10
165243711373442 14
412372453754347 4
351276434371755 -11
172421217563625 -3
733427613312554 0
147442272641666 -7
175463317134526 -2
335111464237261 2
141434561733223 14
323226255563145 14
762273462311457 -3
212317316464352 -11
345357247316714 14
722251332756345 -13
746363225612321 14
644752621756356 -3
761123254366264 -10
126545734526774 14
617356172734141 14
575341645722143 1
362256233555117 -12
431541326426351 -11
674742426655225 -13
734146656235323 -12
375446671353274 14
731543255361254 14
615112647665575 14
573461261226677 13
651375243764174 13
736227135462427 10
677645437634316 -3
675763713425571 14
161575522174754 14
355737764112271 -12
465136523424324 -12
774233653125742 14
272713355175661 -11
476615543662245 5
234451173415345 14
564577415757224 14
546741342774734 10
367214725513111 14
275152632615355 2
476353261167743 14
467372613254657 -12
635261166517125 14
177346627132567 -9
156642654263242 6
157542264423215 -9
642124751376762 -13
234767127527436 -1
122474313556232 0
455166271435625 2
761275415246654 -4
523615257414677 12
613662421522143 14
615712561523716 14
454673123617127 -8
447673511352675 -11
455346275126731 -4
764327337365467 -10
276717434643325 14
221213617533277 0
466273247551624 -4
456315635267412 -12
315732451676542 2
167632622514546 2
532344675611643 14
257117444576642 2
366512563247346 -1
623724241273231 14
535634256622315 -13
322454715247234 -3
555451441126777 2
652217244155364 14
572176532523476 -13
144425332116566 14
724356223157553 -4
172342332376515 0
736611746223427 14
756326725774713 -2
372146747377751 13
236163442433171 5
342555626671311 -11
444623643673117 7
724653363175146 -2
717651565242166 -11
373137445354511 -13
627234356115344 -12
717153115674246 -11
322467764217122 2
124341672145157 -10
514276122743613 -13
315657273523662 -13
756632117777672 3
531447276724437 11
322715724146154 -7
746145177343751 14
646277153435362 -2
535763767464511 14
512335475715316 -2
253224614631736 1
422537551367616 -3
775352622416121 -2
761246772555146 -2
643156325317414 -13
215274365261273 -10
117434273722455 2
224427655232763 14
343511647154274 10
761713526164451 -2
545246263513256 14
717536372156143 -11
235517567752732 3
524541625417546 -2
453662146211535 12
547335615425665 4
246527165346533 -11
562367477731521 -5
634463763617372 8
423541142745271 2
673375467111376 2
565772177311333 -2
777526164363375 -2
327425514713276 2
624363336751132 -5
732467765157135 -3
144262416572467 14
547771716255665 14
426337134172546 2
312761357667235 -9
612575635216152 4
766341271567645 -13
234561515246774 -12
244337166147145 -11
556543173215172 14
121223231446567 -13
611336165752361 14
252266116343517 12
551637544421367 2
414412562724575 5
445663421451475 -7
674315362424256 14
736376674742243 2
512511647547326 9
716265274163465 -11
424413342332367 2
641726557415253 14
276174413573713 14
365261144515753 14
531556132267142 14
327466123464335 14
726312663364473 14
121346776476437 3
661434176343264 5
432365361712577 -2
237726162476131 14
342361262771725 3
247672766341235 -4
154216356447557 -2
536617564271625 -1
331315551161627 3
317246154634631 11
636624571167146 10
444727752377716 -2
765436424232175 14
333771622555156 2
451752164254767 0
327157272356141 -3
247563716336577 -6
175342123247536 14
457242222551623 -5
243343635756467 14
462373773726241 -8
661533255726744 4
473563211457222 3
643252377416611 2
513213214656436 3
712732341245427 14
175436214557226 -2
574173653227215 -4
356564256437721 14
145514743561762 14
775431654627342 3
652172655213337 11
742533656712416 -11
361727273374725 3
547446132133663 2
726616153762136 4
327165516374752 -13
456374472125663 -11
725445322474471 7
254324461463754 2
647217434761411 14
225342467652133 14
637641223113623 -2
576773626553712 14
313476576247476 14
145517743627563 13
644225162571643 3
237136521424171 3
746761745412565 14
622236473413626 14
123521156141273 1
743762412413371 5
772553731611413 -3
212521634142236 14
237537111463624 -10
513226724563765 2
173324332532677 4
236157232715166 3
643463225662734 14
543167465352316 -13
237147376724455 14
212352736621544 12
313317611117263 0
246157353176422 0
567371516115426 -4
725536632461773 -2
456747462366215 -13
326435471524617 12
412645717376534 -13
543613677165747 -10
726545322417511 14
325567247777543 0
524414547221167 14
144374163751121 0
511334226724374 -12
111234674644556 14
331626732632647 10
326266462533731 9
324674453534151 14
564514557636726 14
114473425326335 -12
442775542132654 5
625517533447175 14
671374156345371 14
764632276132721 5
311637455577236 -9
374251527754341 -13
156722733265356 14
746513652124373 -11
433724752747137 4
257213642764637 14
445351276755772 0
571265214613262 -11
125371745441376 -4
627453323446175 -12
435666142267632 14
557213253653764 3
132633667474172 14
532552441716314 -12
622774347574121 14
235735477153216 2
621364576772341 -3
123755731625434 13
637447762324165 12
431256431524362 14
545261727636345 1
525533176673512 -2
717763137426424 13
133675414675462 14
254577533217564 -4
166357461335352 13
356257512116755 -4
274731216633347 10
531224777523166 -1
157757722212663 3
257123154416477 14
751637733553276 12
555246773261567 2
236751723742421 14
351362616442724 14
336671714364744 -13
272374741624426 14
144635433243316 14
514675532366774 2
123324256547654 14
747221615415543 14
675321166332575 -5
667277226565245 14
256241355171746 14
614721736231345 14
722245762333446 13
663615122663271 3
641773527543364 -10
127237364612715 14
371443567611354 1
347712615757462 14
227272546115663 14
162143465513253 -10
771643135527346 14
446716123722717 2
352137245551221 14
461243217456355 4
354134236563761 13
573445762241535 -4
672231656551767 3
611657375674173 2
366411257751144 2
414636147263517 11
676322445554765 14
215425111671637 0
324674442512755 3
771764565467114 14
462327757365224 2
113574255277132 14
445645735161216 14
752163531121266 2
214617423437355 -13
466325264532472 -5
762127527613755 4
177263613454775 2
765423217763165 -10
112414643776254 10
351236746546146 -13
465723615174632 4
155774713566473 1
653152176274777 -3
752444532566711 2
227544257256661 13
157373244725322 14
664763554175331 2
661751771345572 1
743175752457564 13
772632151373552 2
343233435266126 14
256337252616715 -8
617734563276241 14
544567713754635 0
222731237363561 14
425345762766165 -4
713262452673674 -3
552726675537541 14
415426652353311 -1
577216126765675 3
447122362632771 -11
562732551354716 14
513675156123637 7
264731321225257 10
123757644476546 14
424333413773766 -9
127511334472247 14
517233413723457 -11
566467371726237 0
135537543457627 14
657645731614775 14
661114147766133 12
171342323712646 14
333654367714212 14
365377443762334 -2
451743127275246 4
775617326155113 -1
743325341376554 5
531237725432113 14
621645354353736 14
656565524374413 14
477272255743645 -3
263663651222116 -13
721716342751735 2
336254211261143 3
273213617265722 -1
415563552463377 14
256751544514232 -13
736215454246213 -12
571712436331636 -5
436617737223553 14
144423163155523 14
146512526624523 12
243574135124675 14
131467412142562 -3
474256726467416 -13
463715453221642 12
731275571731535 14
473677543146747 -11
777174547354411 14
771426254735411 3
244245226735513 -13
151262334742562 3
465474217243342 2
727314132756353 12
124613624731115 -13
373525717177475 -3
551665441754322 11
112566662525447 14
766241443171425 14
667431171436157 14
677324474571136 -4
276541731517361 -12
257711444335627 14
722654316476252 -3
776613563311567 14
463126157454365 14
312541441357521 2
325154422763214 -13
317564577526516 0
664511512326434 -11
537536445674721 2
341153334677424 -13
667335411357117 -4
126572213633514 2
526214756341725 14
113752443412563 0
744636455362312 -9
247533162171522 14
711516666633232 3
363472245524616 14
513566243347737 4
432736644211231 -3
742124163336265 14
123773231656326 11
645532327447135 14
777147363251473 -12
715345372113124 -13
176441553263674 -12
757561442157335 14
635142231264321 -3
254335317576416 14
647712711457542 14
643754472126276 14
426717561463327 14
562365561516125 3
735645467645731 14
625657414322547 -13
455251446736354 -6
477175166662143 2
531472662752357 4
733624165443567 14
726121423516271 2
376145733741314 14
754672441277552 0
143762271632621 -13
457645327232514 14
247655423714464 12
344172326551135 0
523623167113542 5
531457522232177 -13
524777452174363 1
213457654316161 3
732644322135626 -9
762121463724751 14
134346727125343 -2
722732515461467 -11
417265327712311 14
451345214561227 14
314546727225525 -10
531522435347344 0
412123716226464 14
152543214153645 13
311753344623346 14
542337716227436 2
313257346241511 -13
276467253373715 3
321343774325773 7
172455632551314 0
734715631466227 14
453747425235173 14
326167476624361 -5
733177513545341 -13
771445136721261 -2
371365543654371 0
254151155157672 0
154714256767752 14
446224514332541 -10
332142337534626 14
315335673714447 2
176222454471677 -2
461361565431775 -4
455231726147762 -3
733311261652473 1
713637412425266 14
376664327715713 -3
237126376521577 14
171426445113422 -4
315374267142421 14
672311174521175 14
565265713737664 -13
157557315531121 -4
411713465236631 -13
363621413177154 -12
633542463415757 14
154337627554312 -3
765263331277442 2
625523746412751 12
324175442161653 14
336427327261775 13
256573161533514 -2
445422266351326 13
537571342615426 11
377253232216536 14
714632721762242 3
526357331415434 -13
234615125246576 -7
576273443313655 2
271566666742534 0
453237612476613 -5
423336517336442 14
471346262467317 1
423311136622667 11
471265362633354 2
173435333217116 -2
545242226531246 12
143564126761725 1
212436513554777 14
343565735611535 -2
342661516215731 14
332776726174164 14
342421755735623 2
752552751361264 2
363354242415416 14
457433665325735 14
134553667154312 14
162556422175251 -2
654652147542723 14
667274564557235 14
434632551715163 -13
525761634471617 14
652212741412566 14
342212551554167 14
374577367145366 -12
765521236512134 5
553132647637661 14
641764726275113 5
567112325137754 11
212157137674455 0
251263351456435 -2
137555615664172 10
443742771346245 0
251164135473376 14
573312622321257 -13
351142742656742 9
541551421256264 -9
526447133712156 -4
137656465222573 14
316437244353713 10
333222267635652 5
417635231716474 -4
212563574567756 -13
422626457551357 0
154356213436134 -2
513536477557324 -9
522667357736136 2
257514365675572 13
651623737451637 14
315645457241231 -12
657316243537155 14
263611522734765 14
636611524215532 14
116575346621434 6
215643134627565 14
327745316777241 11
654114241625622 12
411233363467557 14
212244676213365 5
242151264755156 -13
472543151425637 14
654237113667461 -10
431644322755615 4
637354163726255 14
227534562731736 1
726442134332763 14
656541413277632 -11
711761234143126 -5
516366475124472 2
173215632527616 -1
262337346637171 14
564361156714547 5
676363115147264 1
436237525627114 -3
213561423521767 14
146144541417566 14
352514724267634 4
232735664236576 -12
343643275416121 0
427336751667255 -3
247636412173426 -4
773174623312246 5
726611315564475 -2
257423432161754 -12
432375411217751 -2
376767721563432 -13
571316144461367 4
472712174154752 -10
143671136121545 14
256373122344113 14
565325475562174 -4
532331662536177 11
461657613222237 10
115575627617162 11
667541761633472 14
542116537133511 -12
315341723557562 -4
637475234662115 2
767556377635742 14
117726146154357 13
441256757731367 5
577543627351776 11
737656653761431 -1
554641776235512 2
615762362775535 -1
443773664724732 -13
177434161234533 14
646277644631561 1
267511656433443 14
576477463335652 2
557126225771714 14
256756213765345 -13
325261672751761 -11
422617143522234 14
754613624417713 -13
452722757334366 0
572113223766215 -3
272276662413544 3
752174333725634 4
224517466441671 -9
517532542147323 -13
276674134453435 14
476661456624135 0
627716115237143 12
335324745242354 -12
617135242354572 -2
315664111253541 -2
265332345476314 -12
242756224536514 -12
526613413756526 -4
573442573137641 14
515742412326735 -13
547256363576445 14
543265347143716 4
223763246127563 13
642335314274514 -3
525211324425113 2
515346122722441 1
455475232713355 2
445513212213767 14
143744564325671 6
137633162227464 14
377354116332167 13
611476322614442 -2
663154614427377 2
562242667163512 11
153645655575424 -2
165654134536472 14
464136136727232 -13
367662723244136 14
712523277164666 -4
645345172416235 12
234463433612171 3
524614522467333 14
365634213317135 -2
225457537446726 -13
723247561757352 14
471173117543155 -2
631146272675341 2
115727372462367 11
736554761115754 14
321437656642242 -8
271152731645437 2
363473517241743 -12
416572242411552 1
375165221425453 14
322263155614536 12
323676542673644 2
542634124413372 14
365614246114264 5
654731625736246 2
154675651422236 14
651724541135216 12
741456163761426 14
565212673712414 14
552157711524766 -2
345626427445356 13
556137633256143 12
262332455464645 14
144175212273312 14
267626153414774 14
335257245313456 14
327215767224271 7
721154427335476 1
511323567656342 14
131146211726456 -6
763146455542351 -13
323562221656135 4
477616772667641 1
747647574536666 -4
537756267412375 -2
731622445136457 -3
734137666431614 14
653746431162772 -4
462125361271614 -3
636311241511354 -2
427456433571674 -10
376673337215111 3
244177233463417 13
461211225364535 -7
571152272516343 -12
511122461564657 13
563274122136423 -2
563176247257437 4
471561771274122 3
534636371327646 14
216657235163563 -5
623514422325757 14
211552276431617 -1
543631475417762 0
562374744164457 -12
552112544376212 -4
636115754236426 12
265634555173313 0
423134623556634 1
715336576362226 14
647257332336462 10
266743726167241 -4
673331251572724 14
615326657373615 14
466247524432731 14
327532117441565 -11
652313712532577 4
326553633675743 -13
542241377323115 2
231267725557163 2
357542466556242 13
365626247765473 14
631147114671522 -3
164431373145126 -12
431626241466172 -13
117623221326415 6
423514231662367 2
623371561254465 -13
665344265724133 13
372455223573347 14
667535363576544 14
433615617571627 -10
253434573162442 -13
754322621535436 14
266145341326466 -1
144565356714135 -1
312676547133113 2
374765456474145 14
231644432622757 14
316237614722614 14
471323366156347 14
113224623466775 5
574662214553176 -12
771277464443127 -2
137745633237264 -10
471352153726613 -11
414333562325466 -13
432634451256157 3
135217577427564 -13
736615242755556 -4
135161674732736 -12
164451532715723 10
153674333414217 14
122333156762713 14
123251414436447 13
732434551753427 4
667545132521231 14
561735361473412 4
733112456521646 -9
311521527331624 0
441466432336353 14
346112622167525 -12
723641167463347 3
637342762527315 -2
217472376326454 0
435761142211465 -2
652547635343754 14
325327542325667 -2
614562332777713 -3
236743621567472 14
276653337132371 2
267347117325265 -8
116546234751544 -4
221454761553725 14
777235743315415 0
527216712362444 14
