5526623156713737765116622334257 -5
5576743323653131277577241136466 6
3115431653746722365462753725656 6
1357733522655557233662767247421 6
7355563741722417621127135676336 -5
2253254511673362416645763354264 6
4773313176217315644217765663634 6
1675426725477223475425665435646 -5
6222362736174314677543611453746 6
7625164355752215462367336243315 6
6575326764454722566551114471716 6
6326143623633264576151472577427 6
5123374266322465137773414326264 6
2677521513156742516671362672375 6
1167552755654217742646166771434 6
5415243751452171762742673512725 6
3231671176522352723363211775546 -4
4563316725347431134613766244611 6
5515573574356341616643124447177 0
1256436534735177366172135225154 6
5321175676243437621141262477431 6
1331531465727712224211664274537 6
2777565314163474354472646631152 6
5347647423477122564352322677146 6
6623631442742636321517317417135 3
3125142677512231333425775671726 6
6271363431433626137777156524612 6
7641527215672327512646524477136 6
4357223575633752314766216112616 6
3555617676575123137332316576146 6
6435567733637145735151621732716 -5
6236357455522472662647331755647 6
3524616743141547324311222665214 6
3521656553125663271753363277427 6
1616423123133523556623756767577 4
2711477263163172152525446726554 6
2236173356211467757212461554253 6
3136566674115126652332135432225 6
2362677254713436225256456773337 6
3434276276412161136347647533757 6
6133367325753752711574662647135 6
7745623437165245622721544154352 6
5751251325623432255613642167434 0
7512714157522362362643532375753 -5
5436177641456542232372366215526 0
4711436143657524376312221577766 6
6132117762545235212464164457215 6
4274374671135114664136637516275 6
6353217716112175273237656252157 -4
1725537167442517571662633232662 6
4547157354677135133571112546442 2
7563162217636134471212457415557 6
