5317632462 -2
2344137521 11
4566162452 16
1262235157 4
4242165114 -2
3422466325 2
1166744372 -2
3651134277 -2
1663645443 5
6124516577 8
7552445133 2
7466453677 0
4663166274 1
3547115364 16
3456361512 12
2733726454 -6
5135231723 16
3527634257 16
4736143761 16
1451211743 5
6524513566 0
7434311764 -5
6424216351 3
4136431416 -2
2641251236 3
4356177651 6
7137122446 16
7734577212 -2
5263136464 16
2211715735 16
4132465615 12
6375546325 -1
4131622774 16
7373636462 16
4245136171 10
2273533637 2
1225416571 2
4753375257 16
5651514746 16
3314753416 0
2216667575 -2
1672553534 -3
6545736477 3
3264537747 0
7367657426 0
7363563251 16
7243565141 15
6722475654 16
5135423451 16
5471726632 -2
7415124261 -5
4231466363 5
5712731657 4
2345567337 4
2726747633 -14
3545245326 16
7126643311 -2
3421357673 3
6533137774 -4
7522564433 16
6366635747 -3
6571376552 10
1246537516 -4
3515561577 4
4231264412 16
2772565412 3
2124635475 -11
6176274764 16
7652117146 2
5775675424 -3
4515556434 16
3531163614 16
2134544677 3
6373211675 0
7557213521 11
2536556742 16
2124552532 -2
6117345362 2
3765732165 -3
3361375465 4
2654265647 -2
7345752126 5
1213424635 11
5127132354 4
2541217143 4
5533751247 16
7533513156 4
5143445553 4
7417352671 2
6337431622 -2
2564771413 -6
5666133442 16
1715236532 2
4337165426 -2
5446174323 11
1252345713 3
3727655217 16
5741472762 16
5452263465 0
3711311464 0
4445742132 -15
5376143244 15
6473374671 -1
1374611175 -3
2316433633 3
5177475324 16
1675374731 16
1666342756 -2
2771347235 -1
7651372114 1
2611274551 16
1146455272 11
2331725455 5
6636276361 2
2353721633 -3
4551345462 1
1657225431 5
3762361642 16
7314236322 -12
5227656263 16
5717565112 16
3152117445 5
4226151744 14
3654347277 2
5653217334 11
7565425436 -16
6635341214 3
5542127424 16
2173414557 12
5152757167 16
7761156533 2
7136365356 2
2744152526 16
3256446574 -13
2776177125 5
1263771557 2
5244315712 16
4252266111 6
3413274274 -4
4645257177 5
5465762757 -15
1357314572 3
7155376636 16
3761262164 3
7554515224 16
4745463156 16
1363634111 4
2755772141 16
5362254251 16
3764252356 4
3647766251 3
2612753521 16
3377457645 13
2443557563 0
3463116771 1
3544724612 1
2233661765 16
7654315213 2
2175757643 16
3677426633 -2
4637256541 6
3461552243 0
7171153662 4
6527122175 3
2661371246 16
2313114371 -3
1632623155 3
4124741257 16
6644146617 15
1235177576 -9
3615715247 10
7576516232 1
2772255744 4
3245661722 4
2616523455 -3
7324513565 2
3452727177 -2
5673226754 12
1623276315 1
3365721221 -3
3421361724 -4
5423452411 1
4173215247 16
5416332561 -2
7756723171 1
6542563126 12
1125657367 2
2231174127 16
1341216511 4
5164136356 -2
1313713526 -2
1312344173 16
7454322732 -2
1572376574 -2
3511132562 16
6652721352 16
5474321514 -13
4475535661 13
6536537327 2
3542675315 -2
5143631262 16
4127645547 16
7373262745 2
7173476664 16
3413727423 -6
3674531515 -7
2615571772 4
7132177135 2
1257147532 -4
5212472563 0
7271416775 4
1622575523 4
7176365643 16
2646772112 5
5373657514 -7
5267344164 15
1461243714 -11
1431431153 -5
6421235423 16
1467454236 13
3345665771 3
3134315421 16
2157361214 2
6662141412 16
1554761612 16
3453113664 -3
7525146353 2
1671514353 2
4532663541 13
4771433511 14
2275474517 16
4411322654 -5
3734617573 3
2261755134 2
4732756635 4
2557434115 14
6514513377 1
7415245331 -2
6265527231 1
1126745521 2
2634475732 12
6276551125 16
6732117337 9
6756264372 -2
2647575341 15
4261342723 16
3256461651 -2
2723457163 2
7665314631 12
2671451331 14
3326231672 16
7161746231 3
4356177374 -3
1141267247 16
5351215272 16
4173112155 16
4712456246 16
5335771434 3
3253447716 -6
6433127455 -16
3361572445 2
3517724753 4
7576432156 3
1461372227 1
5733132632 16
3343743463 16
6257762473 0
6273345465 -7
3675455426 16
2146623635 13
5674643741 4
7413322361 -4
1352327321 2
4351631237 3
4376451736 10
4425645351 0
5155323364 15
1655636317 0
1326637653 -4
4221577312 10
4553316265 16
3123344736 4
3615471753 16
2572626562 16
7315754647 3
6214577334 2
5712417331 3
7226415357 12
2376115256 0
3223361672 -3
6273375611 16
5425127464 -12
6551671342 15
7137275163 16
3615346451 1
3471263656 -2
3212121476 16
7271212535 3
6761773514 5
3753616321 16
2344656751 3
4415425616 4
4752657253 3
3242711726 4
4726242557 16
5261621677 16
3647135711 16
6142236774 4
3733661475 0
6666672641 3
2413726155 -2
1631755614 0
6176672354 2
4325676473 -4
7273371356 0
4132145753 16
5527575224 4
4417457512 3
7511274346 5
5426441345 2
1511746466 -5
7641716163 6
2445315135 16
7362471556 3
7673653725 -2
2454315762 -1
5715676154 2
1577315532 4
6114357772 1
7424117532 -10
3244547147 16
3652553172 8
3277375474 2
7256353324 -2
4152365346 13
1256477513 0
1565433247 4
1525465252 16
2266412536 -2
2416356661 -2
2767175533 16
5347352551 4
1163614672 16
3717436667 16
3461614562 16
3524122654 -4
1366745352 3
6143256425 3
6315277376 -2
3521346754 5
7722252341 5
4535415367 13
4564176723 3
5712656357 2
6563121556 1
3145567241 15
5361225614 2
4347726773 11
6533325157 6
3474721631 2
7424355547 4
3142535474 16
7162512126 16
1421131722 1
5446752516 -4
2127374544 15
1175725363 -11
1165471251 4
2554671131 10
6721371534 11
7326751631 0
5132166374 2
1736157365 0
4467541721 16
5425776734 -15
4642623327 11
4146715516 8
6736473426 16
2762324565 16
6134612237 7
4667732451 2
5377165672 3
5776134764 2
1166126473 -3
7636715153 3
6341531751 4
3717142764 -6
2773461342 4
4546551112 6
1425515261 9
3272536314 -13
7651153746 16
1376271122 -3
5313672426 -1
2151573511 16
3573762675 16
6257323474 -1
1651667212 -3
3574641542 0
3344657257 3
5117315647 16
3217324564 0
4151163361 16
6263371241 6
1425375262 -2
1531757552 -2
6657337571 16
3765113544 16
1525762447 2
1374743155 2
3272317432 16
4543756526 -2
4464164713 -6
7261255444 -2
7623514667 3
1722646242 -4
7544161274 -3
5645513221 4
7262334633 16
6456767346 -4
7426266561 -1
5755314556 16
6134225564 -3
4274326426 16
4526655617 16
5156773446 5
6443565174 -4
4526132217 3
4214572312 -3
6547133254 4
1265637112 0
5412323615 3
3541626513 -1
4174265367 2
3522221751 16
3751473771 16
4125426156 9
2176143126 2
3655153254 -2
3152177663 2
7533617313 -4
2677716464 0
6413177745 2
3744166654 16
7142217737 7
2735165653 16
1752327256 -2
1733145624 -4
4311314636 11
4257224427 14
7221765613 -2
2222745131 -2
4535566647 16
3767433211 16
3121657443 3
2275453657 16
4774266541 3
6551675732 12
6261344472 11
5111726275 16
5664522357 16
3553244117 0
