53723151442176663353724217366765175 4
45364571652152527742133756372171246 -3
76441454513637723156452753661134122 1
14315676543524676373374254756122411 0
23551726642375511766123645377167232 -3
75213732642753565614142673273145636 -2
57361421773113532264256717214543356 4
74747455623637432151322315345761151 0
54334563767557726116223537164212611 4
13671244715522246631556731273417427 0
61764623347262455745214574351767211 4
47632173346472134327575112215616354 4
42547213711526376341216512674644677 0
72637563314671212515641434624722545 4
45322675455465137136721466376713214 1
34453545521476512463742721616236367 4
76652651446773133117224234374361567 -3
73266136731541775724153132256572264 4
53142411364753466762262755717252163 0
47762316427427213157244156536365135 4
36327273365651111517625626744241573 4
45361132665422175756716374242735733 4
24456374167377465233145511162542653 4
45441737765211422136477363126327154 4
71466317361275744255276522611343326 4
13335725751264766546413376364714127 4
43221511447726435645766712713353423 4
43517646277354342564216111634537377 4
17554373732671642541171564663454225 4
14256125731712276643556321323461765 -3
71221557654724234661636533133647125 4
62311155232443764327376656751645151 -3
53237663523366172215355444664177272 0
46533361747525424225172316775165132 4
57212472143151662621543635751544777 4
45634261551723672655311262777674325 3
31517461536613637274163722726535457 4
33167452274365216562515675473773112 -3
76422752716751334723313247355415466 1
54662151574773144313653522721731467 4
54372217265437156163146546752272165 4
62457467127521266237167546715442315 -3
76535741274643176464211521766233575 4
43771265443562523517273273565621376 4
46125422663115445765536745416773123 -3
54713231135732751524576666776462351 4
22255172674631561242537431314736671 -3
57755564474311526452132376271124376 -3
73112532621674664161527441373755545 4
56321173633226471245432417765654577 4
66636177233531146742421576453774431 4
