53367277156154142712646126373573 5
24657631223675143155542773656161 5
64553751461263725746274453353213 3
11177636644652255353142677323154 5
33466525776367223154442351157615 -5
14552766466357763134113253265177 5
26442446457451273562135717355361 -1
13111545522253774263712637465667 5
41657114562123323134756764452267 5
62237314143142746457155623725176 -4
23346352257174552645114763274766 5
21562562633515317733417442476647 5
52123657465271362414662445332471 4
12245676662551137363671777123552 5
76547154253326473472316124166512 -5
73124575331562267763531421526611 -5
77345162263123377616734163414627 5
46225311477266171235342632547657 5
51123521537252463712472136357166 5
42633144757155361643754221677653 5
41411572662442134263352772313357 4
34553634175721771715616626237651 5
74512546563737655332241711432151 5
16255147561331636673445275115262 5
52536611332744712671626557751373 5
61231541411223557762365412457467 5
36576411367714455571625475232341 5
15567732761523135455446767412463 5
56721721636317772257645645634415 -5
54326437175277356326554224314761 5
22565456233512624435767115164777 -5
47653537511172372264746416425616 5
75313256435122236664732637145714 5
21776311245345364654751132627343 5
64117357524574533771147622641225 -5
32544665653346267217277451551313 -5
34466627171352276565157371562541 1
14276277564176311553534246652411 5
27514365513117123435776556636272 -3
64213662253757142511165237737443 -4
63362172365633572112547517421557 5
45532324466134461732777571553761 5
71351323443254441152277552245311 3
42716225116577435133647275563752 5
35151524524477631567772243336226 5
17434621132356243142174471637556 2
63114666774135713253175442275643 5
54746375232766627556137544342514 -5
76326366351251424731752417215613 5
75154732543623422154665176427137 5
67773175127457252256431163516345 5
17577654512424224615352167714663 5
23465645246776145536372231241373 5
55625651431764367256373473622211 5
31112522177642537621377553753341 -2
34333252646577426127751671414263 5
53675775465332616364132514475421 5
76451626256335422177552733673171 5
13474567714263312665351755672441 5
37372531627452532143764125164256 5
34125477473761765221113476136362 5
65371463727565444234577326173632 0
76117452226626311367375754323555 5
22437757466133654332115556672123 5
43655361257762222337514114115635 5
27673572224544333142455161663767 5
54134354673326232417526371477212 5
52315523763777167212164341735354 5
76371635525257143773614424712432 5
46647675411722645775132112755312 5
67267774436524143135215153165733 5
16617773531573356225734241514234 5
12376366351252177647215433775216 5
11226324312325664514554457727316 5
71312457512375265715361221737624 -1
37733462677541155745141632465176 5
55725523463443526177271431161714 5
21777444361631436275242743565131 0
32163163752245656146124767237437 -5
23543426562211763113772355155764 5
56216417177215316427652447515624 5
73644155533622466773125475513713 5
74362672653627137215461361434254 5
76145532232111566376422436213451 5
46231277254471546332754773512415 5
65257654134772671154425614213472 5
56247451153743463226716727276451 5
26327334217615524435233715624417 5
21233247333551742616241146653662 -5
41741425316723453225557763711466 -5
15615736131733722631425242557426 5
56576655251451371412423174724736 5
54645556743127266173376547142613 5
43223146555753673611646736217127 5
33741156172223367122444745576631 5
46311573534276251115337631225745 5
12435212355734217371464517564527 5
17564235346321216745466673412473 5
72614566465712321375515434377476 -5
42753124352532776322114146637741 5
35727611613273371363561562515574 5
41632252674467514614761342155521 5
62124365117675217335536351254724 5
74653431675672273627231654611153 5
33421225154243642517617166763452 5
53254227752653732661177642145631 5
11345545172475666341364172374153 -5
36741572525521115632624614633372 5
73451532544262756614273135714163 0
75576422533572235163367674116123 5
54564621753367337756144545272762 1
64762223526157317253113765573641 5
36745622335517147527412362723161 -4
73654571243711537172453566651327 5
46532315765723622716412631455354 0
55637433476125124342132776116724 5
75571474241357124361261624745225 4
41531277243574721647456665562216 5
43366751124275244657651521742351 5
47762155531777543262541166323324 5
26412753647736135365457765761141 -3
11624725454134453761167271635635 -1
17712563115722634636735447711653 5
17134662557722113314263734543725 5
65245772153347715243567621136131 5
65161756546772247614411732164524 -5
23512447566743713746144516335712 5
77134427346556175155543626772363 5
76311227347437144342755635326141 5
63674752655127423431563223145277 5
16174612235445566621312577146353 5
64322721746472614712563655721516 5
61353644425352164275164327641732 5
24617643343721725516351316523244 5
14452131546642475577271216567724 5
21517635336772246557327162143455 5
36544777146532211567217541532572 0
51115526465312157723347371422663 5
13542365162773371547235441677661 5
24257662611112155646331434327677 -5
14767722542675764311336163552625 5
72427666316674333222551152651751 -5
12153275346466457367541655712761 0
56615714742342752534627122351766 5
43173645712434712265266235745627 5
57526566446217217332515433376241 5
74415766453265531722462176536717 5
65315456734764163251151624372435 5
43166544352357217616353442711354 5
66544363321725327552274763317271 5
72525162373556657446772152132141 5
67753445721315317367276134213656 5
64261231117245372521726374367146 5
17546263563436613251132475457753 5
36143223754731361415772144626562 5
65634673375162721647747144222213 5
25777133211463573565223671223167 -5
24615152263575113377126336447361 -5
53474764772513214161767265456214 5
