2324716627754473124556515 -8
5524173363313551265722167 9
6761617614573653277217335 9
4666672346137715251645722 9
5324524766774737651242111 9
6732661147153167234575562 9
7247363375162452117621417 9
1152532426175615344577433 -8
1575616242562343541234615 9
1115226766433462435315172 -8
6274275315762226431511563 9
1267312346422573735521172 9
4714451512325635775472713 9
3441465473655612117217752 9
5237461141432225633162743 9
4541216274276561563311244 9
4265651126477456343625125 9
6731631576455337443712523 9
1235466157755264152117313 -8
4565561327126742617116143 9
7136315254272636746317344 -2
5262512213366736264344564 -5
4756433543117724461313556 9
2376741226143244736654531 9
4173112676234652553574125 9
6772342425161644762317725 9
5551412316367376246263254 1
3511222134133464262576765 9
4753251143125565462117276 9
1123271657425427416433652 9
7576135546141362433221612 -7
7121264564465714361176255 9
5711365216736341243655627 9
7445345427124766165132242 9
4251127456713275312157636 9
3224647125523776173161461 -8
3152255631177524554443476 9
5525723423165521766117715 9
3767353712431224654564766 9
7667756272431131137245154 9
2541367311224575577623613 9
5236652512437621613471133 9
4371123612217734646652564 9
1361371745515242761736665 -8
6225311377535455276514372 9
3324463661756735151753624 9
6512464173156173772221433 -8
3347622677476546112441532 9
2724165671617334755622531 9
3361132457172541665425723 9
4667126525323271733763751 9
1341177421313477246632525 9
6125526174251156763533122 9
2432447113457455663772173 9
4443265337663116411367774 -7
4742271565126123145653576 9
3312253347672665133776154 9
3754566257163565711226216 -7
2656274545221363737641515 9
2222471415256167757356724 9
4462761313346775625146124 9
1665423727734221521676571 2
1325574327616157237742741 9
1234326652576415342673673 9
7543574521771162635331672 -8
2752617745266727131243534 9
4675217341351174643216263 -8
4134763112713756555662632 9
3126331661376553771251271 9
5153763125226517231437647 9
2636177265771515316223365 9
1143226721775635516364474 9
7557461177356242637346246 9
4456226744516313321362224 9
2542743111551642326627354 9
2724536541435262773613776 3
2312315315345226472143714 -8
3457527562653452172641113 1
3635265251112264771744335 -8
7133525335222516217616776 -2
1343755136214515463375722 9
6321647657436512553771233 -8
1263765332372574774161613 9
5476213237127665472645651 9
4142661574271442537725746 8
7351211674434655172374145 9
4213173736225361557672743 9
7663726345751514215762453 -8
7452411522262424673317676 9
2543773616331735665212411 9
6231673326276447657531437 -8
7737546523627641451513613 9
2363356342764416342455321 9
6556143316771652427533237 9
7541622662177243644367743 -6
5366313755222347764642722 9
2563732423166715326171454 9
6421711277521555634371532 9
7151362361643635735744532 9
7565517317224143741635442 3
1435447623633662231651112 9
5321771577261342524113647 9
4345634522241566115225777 9
6657733723461541511516253 9
2542632117132546536433316 9
3562646625534151236347726 9
3633311155727163564416242 -8
4325624472263163734322175 9
2254211176334326741727365 9
6664533426531621716733543 9
3444612467115373152136225 -8
4727452624465547111172537 9
5423314636715712677633473 -8
2357536265431547361773673 9
4546446757722371131372255 9
3631166245342451722565121 7
6151243376413744256525776 9
1132315764654265247276336 9
2363664721435531115533442 9
7527171224266414774233556 9
7544235276216124457642143 9
7151746666175124176422265 9
2555624736443246311546227 9
5243166562511433475221761 -8
5767724143532361462271561 9
7214225441366676213341371 -6
4476433152526552117134774 9
3463224144356762512317132 9
7743256333524712522451662 -8
1112614664257524526631775 9
5126275356623112255415373 -8
3125555173271366147522734 9
4152713673266432635722414 9
5124375154674376254216124 -7
2436634411635454753737776 9
4372513226674465141145347 9
1332457531647435112623622 9
6142341521512527646472527 9
5466717654227423465312411 9
2757117255446476521657417 9
3274716266326443372542354 9
1442513554131236777737625 9
7624223353722757345165136 -8
5255726774422132757616434 9
4526265171227374633513277 9
4326353221737371542447515 9
3176211664576353272444653 9
6524227533773615431224667 9
6677211337357664634235152 9
5577135162753331771552142 2
3355542562234176252311613 -8
3273426541351624445713725 9
5756347771342515672212436 9
1117732453664224377666116 4
6653547571612514231752343 9
7526217155417367321622321 1
7544546332267775541232351 9
5632113322156647745515424 9
2634771627134314544277536 9
3466737762751555311236322 9
6753115456457237335211637 0
1471334412667441616652374 9
1777221165325334341264715 9
7614521132572565225357346 9
2677272657636362731427421 9
4364267143362715634222525 7
4463616513717677223123125 9
2766511352333277271346355 8
7267356114232223567123355 9
7336124436725231633574171 9
6611461567335732545147152 9
7375441665345671513711726 9
2311213255215717645563754 9
4247215612167123751461754 -8
2643365571674364335166342 8
3171452263732167654713264 9
5774237136563714251136612 -8
7371136525272247546646561 9
2347261372262647351574347 9
3433465745731532276241121 9
3357262625747715633644651 9
1757464375355136673357422 9
6751142351572474734711661 7
2613531471262173327716144 9
1123452753466761553713261 9
2654453455427627124337527 9
4574627112621177746633555 9
3213176247212263231557567 9
4546375441622363211637372 9
7646632274344411237745555 9
6363251127475655453623761 9
2352156551476343573471116 9
3424746265614141566225156 9
7375736722374156433417122 -1
7473536453561125513447162 9
6741213775146622253547137 9
4164763516657647521156527 9
1214276622416561766725314 9
7723657554514331361416315 9
4615631575426337213117427 9
6162162162457773133335752 9
3532312246655764161574272 9
2463422666451434167157637 -8
1267266634517545171637554 9
5136623443417271114265632 9
7447463117131755526374226 -8
1543426643676574262351213 -8
2163264214331426611243535 9
6633624211411776743265223 -8
4273673572672173412165247 9
2522412162664331354372337 9
1353475562364231577654127 9
2436211664744557733163451 -2
6476476116517446222541371 -4
4221577325573537714662641 9
3417366372664217167126132 9
2113377663415146422772751 9
3467177546637773426562253 9
5424146251351152474565713 9
1356363645724217516136752 -8
7423466223523151416713647 -8
5227114351156532771624642 9
3416166432472762221734512 9
6213724135161736474225322 -8
2334211162675521743652756 9
4414277671636567551426434 9
6131171377257534526547374 -8
5126237236467417551537372 9
1613776266722631152562117 9
4264251414327271155276366 9
2653772671635427613575141 -8
4513173476671755576112344 9
3367225466167344254172617 9
4316372211513745352557644 9
6221477615212456667576553 -8
5147157647531374262624423 9
2462645115763532244255341 9
7526674361537744677352153 9
3336521742214167763746127 -7
3246142715654352732551762 -1
4267255726465274671646554 -8
5726264657146342717472634 9
3712455721643651137642215 -8
3152231646254357442362517 9
4561262354533472531426672 9
1354613276122347237166357 -3
7322652314163477522374356 9
1661132642357733745643555 9
7766333635712445223541124 9
6774565722244235771516664 8
4227313671764312745556343 9
4127217266337162134725536 9
6265321416717621557724712 9
2121353626645434764752175 -8
1542637566212455154226161 9
1532531462462316343152765 9
5324123156162737447632455 9
2143452437764376216466117 -8
5577361227475164741236616 -1
7775234456563127622235312 -8
6752261326754127733111613 9
4554631147624667724672752 9
4133614473177246642536423 7
4256661444177212737531643 9
3757216617653354425255317 9
3334314356771122251352745 -3
2717154361147553637424167 9
3667745522271216433635317 9
3635741117627426176326275 1
3523577445374517625662462 -8
7563231327421155316427536 9
5423246242746637321366467 9
4467446121363415255277673 9
1754352413242541657313626 9
3743531512227511567542472 8
5426324614175341156745376 9
2316315735772451656623371 -2
6443536264751527772211375 -8
1234747211562755613443756 8
6125116617723545545132732 9
3155346632765721231657522 9
7665346717162251174352257 8
6735333372162546257211362 9
2175166743426362362724412 -1
1717236166254344351672325 0
7245727756641116752554361 9
5426337743335442226416767 9
4375174421213676426516657 9
5446121631531677246371221 9
7133243552554312263317566 9
1434641637661112754327517 8
6755333755212766741164132 -8
6241531711157357164252733 9
1723516435255757361277423 -8
3276756451241741657336433 9
1671716414423557556524216 -2
4723266551325311672453231 9
2762312417315456246543253 -8
2772237217644724555363551 9
7735721661342254362762214 -8
6221325433173475417164264 9
4367532765241631467673742 9
3514215264313626776525137 8
7236416742762152532445327 9
6232715357726463315116313 9
3227377172436465146314357 9
4262246314271266575331315 9
2341354524722551763415452 9
5531521777461337232731612 9
2155266564554433216273753 -8
3741153651732653134274156 9
1565674372472434343671175 9
7361621345136661425416152 9
4773115273667165431452565 9
7344363155347124116356275 9
6274344441527267176751531 9
1134672155121774752544621 9
3234223271614655165572441 9
1452711357362124654645221 9
2327611712347227667114547 9
6672711226355215645772741 9
7653211623425561451416347 9
6316437516576222461435243 9
6562211662346117452714744 9
6647141416754352313272775 9
6213634121341667172456537 2
2567411553746433624446351 -7
2337727314456661151622724 -8
6267264234137763441115742 4
2261513435321326213445167 9
1271543133433647126561446 9
4172412666747711412333122 3
1634743555254777321714654 9
1251147523741536457623611 9
7547575274324424563571624 9
6327146776266123426541341 -2
4233475123261641142465167 9
2642565475257345441767373 9
1652714534244274653546162 9
7514734535146353132645722 9
2565647122367644511675312 9
3354512457223712755114273 9
3131126664177445466455257 2
4675147612156725373272375 -8
5113221655326473215275346 9
7163756424231752144735726 9
4246276322617371775333146 -8
4235237232647321761755716 8
3237642463577216154613543 9
4764512336216375517612573 9
1655464334761271377452446 9
1351643673212113125336547 9
7731215526176364541252274 9
6314465766143764155331672 9
6276342135531516227665752 9
4551642564647557263317322 9
1134547667245511376133473 9
3342715643235175765741667 9
7121542767177635432253315 9
5176773331175213164523724 -8
7446377477523211151126576 0
6212637313712666517552377 9
6131672775123275354354253 0
5642362651211364454677432 -8
1312514636617712465525267 -8
7167275364231221425543561 9
5322754631667362273634511 2
1634523754576176157643321 8
7352422476153513364675431 9
4763634421254745163166152 9
5715437643433521716223621 2
6676322235471161346177234 9
2552442756161574431147314 -1
5562117416426611773443625 9
4267371532227521261541743 9
3257534453264417756542764 8
3337745774434174227656165 9
7321162271165457754716432 9
7114413323523722167471576 9
6214567135612122467453147 9
4234672521645137127633356 -1
1453777311354567232372473 9
7621257144573567211353453 9
7113423715732666252754317 -7
5177773563122174731565215 9
3276654134273272571555735 2
7443732164656172152237354 9
5444476225741711526616536 9
7436743226665363245221611 9
5735667531542266623743147 9
1574372372237163715765261 9
7436477773253217412266543 -8
3431556263736226257476324 9
1241647327137725611214647 9
1164724363577346652514255 9
5563416441245726225674126 -8
1532435523667263542244475 9
6725123453632517367255731 9
7627516664717543322654232 9
2641617422275515714742633 9
5651747531622334136266454 9
3454622624163331575572436 7
5326755767331112135432767 7
5612155127163357517444612 -8
3532115572575731546446144 -1
4462662114532717526631422 8
7672257132451756624117532 -8
2437714172115643564523376 -7
1422461257713567376243651 9
4144475526431112522515263 9
7752336672215766355136144 -8
3471746231166243215256434 9
4175237455412436155642224 -2
6264374111431636151275533 -8
7243232765445621763771413 9
5244142571362132455673723 9
5421577634361264261642117 9
2631175526545566211377322 9
2244562163774651321164571 9
1145145671645255753231733 9
5334723512417721626314515 9
4421724675531221124637425 -8
4656564442536225373655724 -4
7415162226464754126657257 9
2134754135177121546524763 -8
4372313622144327674514745 -8
6633716511277241574345562 9
7166666445514267522712543 -8
1175662663145157775343322 -8
2447514555367216332577423 9
1714563262563461252437154 9
7212256441567532562747376 9
6224321627452466731547442 8
5314452545375471377161272 9
2551671552356123641372777 9
1667271655164323317774426 9
6423674152741616757741622 9
3364113154546556251657762 9
7561467237134542672625717 9
1615447464221553762767522 9
6162752162117727364345734 2
2413652355365476117533672 9
1566452744521111762627525 9
1652447125267273115514673 8
7563215512342643643311427 0
2717547342526672412635755 9
2356757612142132774325711 9
5234266471461437576226751 5
6326256743614465335232351 9
5532713451115247662444165 -8
6356311427544675357153124 9
3137227475616551152216247 9
4315536466326371357114342 9
3151717426172276156654345 9
1175522564213372761741237 8
1714611555544743612276233 9
2217554763665712411321545 9
1577356514565244614732765 8
7647254321135745167712355 -8
7773541531761367462237231 2
2273224375365463436747126 9
1772514476153533326537161 9
7372567452155141164746323 9
3766715565546347351726412 9
7422476564513211746413567 9
5611731254261433776657422 0
5234122577613272215343476 9
2246547366612733314232714 9
1272325414776623642133535 9
7171671447347267631522243 -8
1746436737634224317174321 0
5115567545462127516463167 9
6654236177511347122772713 -7
3614647623272256631431217 9
1717537517754626436452656 9
2122524543516657512467264 9
6435751247625452617751167 9
7576546237717476521435256 9
1764345417537126126327273 9
6224712126545577416532161 8
3216713261127117476456272 9
5272665423467457113425631 9
7223471445335614315457724 9
5436115327626331677375752 9
7126534712462565465375211 -8
5241134646736722744525615 8
2712677352746547162613456 9
7314641415764154177322672 8
1657742515461163344237745 9
5736671254633715644172373 -8
6132132136652453114774571 9
7247715626462234334551257 9
6142456215254357143774254 9
2177433224137521477132455 -8
7431662143617615174226542 9
2347541627313676241152553 9
1747376543123452612241457 9
1322726536474615557342711 9
6573511475265621622151343 9
2346321254533144672463717 -8
3216157234463164134442671 9
3154174743563245676473321 -8
5624215667641272717456231 9
7645733353166473121257723 9
3146745237216242637764763 8
2374411754524673233161144 0
2773663326613511745457257 9
7612124115351361664542337 9
2435761273531616236465777 9
5176652277331115672374254 9
4412731236666412363756472 -8
2715355137531367131524526 9
3653767264313122441242776 9
3376673157211412425617654 9
6336277115725736415572512 2
2652173656771571221434137 9
5461617363357611261755741 9
2746255561251231317454341 9
3243176472451353654275214 9
2366577752453317735631224 9
7356421617362424774763111 9
7767511166211434125373342 9
7543451663274521147331334 9
2627526165662521731777513 -2
6275123151247657366172341 -8
6267447444663173153515222 9
5422724621173774621141336 -8
6312341247574126133265263 0
3425122577437754761126357 9
4311362256547763546432271 9
5435756714353266664772126 9
1455732543527746423151543 9
6546216112434724232171457 9
1264723647634171156375362 7
2345162712233773435657724 -8
4213217752315456133665221 9
1752416612177336747247345 9
1755752134317263523621654 9
5172651476613571265752441 9
7666313464724776521771215 7
7236233222675676417456451 9
2536311171736744515435257 9
1317275642466634355236741 -8
4517432137157763476123337 -7
2264151737647724375136235 9
3714565221562747732245136 -5
3443777422571366233715516 0
5214221363563364375634716 9
5545451136673251676234277 9
7235665532162654527115642 9
2314547635576247222335666 8
2164254142336477164756237 9
2436754665762161641331357 9
7477326221433235316516521 9
4761515177132267622615553 9
2132642666216444655572571 9
6316543214613522355341623 9
6114373324576557442541261 9
1153163754423612426565167 9
2456537765716261452332413 9
7137123423746176416212766 9
7227734166627231433527456 -8
1426246551334524456651367 9
3123463512145573474263274 -1
7612412752344335517264524 9
6474153221742136761717552 9
7447675135753764446226562 9
4232217572674311631566351 9
1125717724762645314435366 9
5557424656752127337127451 -8
6517561322173146436632245 0
5571764616525466272452721 -8
1341712662446515572351246 -2
7754436545446552121265173 9
7635545124166243271244675 9
4256672637517747626164454 8
6531714337227736462427361 9
1421774745337521661634555 9
5147177115732453247225642 9
1772166536457143132541241 9
4274276174354571666237621 9
5477723255734717512524661 8
6362377213257726454411465 -7
6276355254133236542737117 9
1154234473741666155217753 9
6542542773137756733512235 9
5352154634613774324512437 9
2366716452617357555217661 9
5434275622623373517573411 9
7575322321453741116657765 9
2177251721731247435316521 9
1522274376243663414722113 -6
6644131343743627657677223 9
4532636316614472257127477 9
2274363546436541552176572 0
1757236651762421455162624 9
4133437443146552327675276 9
2463677224161146567542547 9
3714737513616276674426253 9
2163634457317516765722646 8
6115113737744745362154137 9
2143767622775316572431543 9
3754516741157362254733641 9
4366431637526235721143745 9
7423124172323577714365273 8
7416631137725551617454162 9
2724317176562373416435654 9
2537474174461527635215572 -7
3226572657355146537334412 9
6517437254133254415363266 1
2645314275363262666427111 9
1266227315774445416476263 9
5327532135621743673177425 1
2175371756537427631415612 9
4413675231442226621741546 9
5617431163532512334256472 -8
7752166333764315712442151 9
3263711122551426671175776 9
6771554176264373112515222 9
2643355454455672111472663 9
3663214141421564333236775 9
5345711651725176333367553 -4
5237373325142112663676156 9
3115512713453646626533747 9
4573731544216752322574117 1
6247256224754355371575631 4
3661677216115362172727415 9
3214523367764676375412531 9
7652377115515263667724523 9
1727645461361552443663171 9
3566644542236574117123526 -8
3422523164641653237612557 9
5665132344717656257235161 9
1136635377714241345532632 9
5237222124146653557115373 9
3217742435326726756113175 -8
1523751741456236214466473 9
4274757667461322515361523 -8
6224243131777116336714656 9
2542376221465531473175572 9
5722734335372112175661652 9
5751636727737134455562472 -8
6434124553136226111763172 9
4134311665725553711627434 8
1451424317661627316277244 9
6631727721515462375564726 9
5652613774511447455316663 9
6767414663243257267343416 -7
7527246271512736433635351 9
1624227457665236357233466 9
4613444621525724356227716 -8
6317716411152231242774475 8
5772264575143714554616376 9
4726634216215773327453715 -8
2654174734557123731341615 9
1735216442227534163173764 9
1422367562424113475374353 9
2172653453577123611675452 -7
1644723214477574436653622 9
3571172653461474751132572 0
1527431365447237543756314 -8
4364275734726266276137415 9
4614125544313272774761361 9
7537437461173613135665534 9
3571772354224516764627345 9
1345533461367425642272752 9
7521116147644552263764275 9
1661313436157354425472457 9
1275766435126716516763534 9
4316211173363625532366575 -8
3172561441437435277336646 5
3727221313635116527617753 7
1576351571542663271327626 9
1267447722475661546324531 -8
7713453426775241325231761 9
1667444535645714415712362 9
3715324256543261142314751 9
7643153135756246312472241 9
1674155226755564425433122 9
5326653312755612247112343 9
