536263 4
627174 -3
315563 18
126273 2
334544 0
523426 2
471264 -2
574265 18
213241 18
665224 -2
171675 2
276561 2
527762 18
544737 4
613741 18
465754 2
475616 -2
264156 18
723125 4
421676 0
251363 -2
163353 -4
653211 3
574335 4
233426 4
263253 18
774253 18
152266 0
351136 12
515546 7
327711 1
413441 17
576755 0
167444 -2
651235 -3
215463 3
334131 17
714676 0
615431 0
164547 12
532237 4
344157 5
317261 3
764535 -1
257274 -2
515272 11
221341 0
514234 18
654371 4
141743 0
211642 3
413345 5
171767 0
511645 2
364151 18
157341 2
247431 -5
234241 4
545721 4
477267 4
233132 6
655154 7
522662 2
713172 0
727226 -3
336471 1
125636 -2
741216 2
627614 -3
513571 17
273132 6
546636 -4
726341 18
233645 8
475374 -2
166314 0
456364 3
317664 7
671765 2
234161 4
745517 -2
125272 -2
327561 2
413626 18
663377 0
333467 3
562574 -4
277431 0
117625 3
447615 0
733522 2
154423 1
536213 1
424674 4
521667 2
564627 18
514437 18
164174 0
442334 -5
737451 -3
675566 -2
335713 17
773334 -2
217465 2
736423 -2
174742 5
235515 -3
335275 -3
635221 6
417175 2
466255 3
134541 5
272451 3
332473 -3
313512 4
314665 4
436146 5
426261 17
617542 3
615545 18
421773 3
116625 2
744367 3
547233 0
416542 5
323754 5
354177 2
422515 3
727761 4
775541 18
336627 17
753676 1
241311 0
431464 -5
227337 1
562554 4
377734 2
562416 -1
313546 4
413262 18
251757 6
424723 6
621523 -1
535534 1
435157 4
267264 4
731431 0
515445 5
521342 2
754544 -2
443635 4
122337 3
773767 -1
366265 3
264764 17
566131 6
221524 -4
677772 3
162173 -2
656243 4
654342 8
634253 18
767764 4
675742 18
161463 0
224434 18
324574 -3
275366 -2
112561 3
113456 0
211544 -3
235263 0
671316 -2
335561 18
724241 7
337535 -3
536216 2
721464 -5
473146 13
167146 0
576456 3
121211 -1
647264 -5
635754 12
734436 2
217123 2
717315 2
162656 0
323715 2
256237 3
326725 4
146121 -1
566514 -2
754576 2
176334 2
653415 2
674166 4
376256 18
112746 18
113774 -1
327166 2
516273 18
233225 3
762413 -2
614232 18
417432 -2
662445 3
745625 -4
542271 0
613336 3
273635 12
123756 0
557765 18
121426 2
234726 4
426255 18
755371 0
445253 4
145745 4
723366 -2
731232 2
113416 -2
146317 2
424541 18
231146 3
145262 0
352275 -2
152227 3
312346 18
244163 4
757112 0
713511 2
265233 18
524653 13
476514 -2
714643 5
273434 4
312734 4
732152 2
315267 18
745466 -5
751162 -3
264234 18
317525 -3
372341 18
262751 12
313662 5
347743 2
357272 1
565772 4
151136 2
513751 17
545616 2
546173 -2
776213 3
242662 -2
523161 18
764455 -3
353752 4
421511 2
146175 0
367631 3
226634 -2
712165 -2
271212 -1
272721 18
743157 0
765664 1
725732 2
514345 4
264146 12
623157 18
253716 18
454331 13
514132 18
463472 -3
521426 7
124436 -3
412267 0
352725 4
275451 4
455346 13
435175 18
262126 18
555511 0
156576 -3
436725 4
342475 -2
224124 -2
127313 -2
444167 4
264156 18
756274 -2
126525 -3
326447 4
653117 3
734334 2
271664 -2
771554 0
441573 -4
353635 18
525731 12
375626 18
761631 0
274356 2
245521 3
343476 3
253125 3
665347 -1
541543 2
641344 1
661432 -2
713142 2
356257 5
745677 -2
377215 -2
551261 17
171457 0
565632 6
357617 3
475363 -2
532631 5
372451 2
632327 2
716442 1
112662 3
354343 3
513571 17
254567 0
173635 12
224127 4
462576 2
573365 18
247372 -2
655252 4
773456 0
432442 3
617335 4
473314 18
663575 -3
436545 4
521773 3
472677 17
645475 -5
572774 2
457113 2
467143 5
124243 5
351736 12
454613 6
623265 2
673362 4
116664 0
354231 13
614272 18
251245 18
552771 2
644274 -4
644315 2
741232 -3
324542 5
637152 18
415365 18
672447 4
132745 4
526674 -2
217264 0
642377 3
345125 -2
354645 6
523117 4
375472 0
764512 4
564427 18
353473 0
125374 2
451224 2
466355 3
175547 17
415132 18
531327 -3
123177 1
663621 -1
617521 -2
365212 -1
661374 -2
422567 3
173225 2
135145 1
124273 2
633555 5
417163 18
221774 -3
511475 -2
335454 4
525775 0
763663 0
333361 0
316642 18
342575 -3
656164 18
524534 18
724667 5
623713 2
647156 -3
153413 -4
723426 4
146744 0
427531 0
334515 18
773356 -1
761456 -3
353624 2
772165 -2
745512 -2
631563 2
154131 18
551163 0
127653 0
521764 2
635211 4
776764 2
365142 0
416165 4
621575 -3
217753 4
563221 4
275214 -2
452572 -3
737722 -1
163643 18
357676 1
123264 -2
365361 0
574573 0
712626 0
353454 4
735531 3
563671 0
523536 3
332316 18
243761 1
737421 0
514642 7
346656 -4
677272 0
254211 18
577462 -1
145621 2
726453 -3
573632 4
646217 2
712325 3
727167 4
613362 2
143657 1
614717 3
641737 1
365514 0
765213 0
127337 3
776426 0
437467 18
432347 4
267415 -3
233175 4
451212 -1
567213 0
454566 5
363465 3
613177 4
414576 5
542547 4
566575 -3
562573 -2
142117 -2
351117 3
161236 -3
335712 -1
431134 1
436472 18
516427 1
252517 4
213646 18
112625 4
656451 12
161652 -2
167252 -2
562442 4
534456 2
461561 5
354267 1
157534 -4
322511 3
645315 0
373316 3
743711 0
352643 18
257566 -3
427464 18
