336266214377357657426257 9
536322757274173545113442 -9
331367376176662451714644 9
433141473255117657357212 9
756352164225367463452522 9
447512561365572727231441 9
415331166566777222474222 9
662643223774653774562756 8
735517477612143531471215 9
325556232457726753627314 9
127542175656332552417112 8
563677473154126771547422 9
665264723527463376113243 9
437135622366674745613212 9
226434464536242227663751 9
372451666516327553174315 9
422331347214472661236377 -3
251666521674165477416155 9
111337516325331347644745 9
722442165725512111277664 8
321124472661635317672631 9
427214744626277511237175 9
667217273743357651571214 8
276456711332765565113176 9
127326224722133176351545 -2
316235127643665346212671 -1
461152324577316261165714 9
732417654157773275333315 9
126231177641174523723556 9
461251111543271227743374 -9
672676714755245657475123 9
374573143411413177663263 9
456536317513745762646627 -9
124376177523346211236174 9
535521426252612664545617 -9
141333665547376372663452 8
245324154732327175611171 9
174537643263453641477721 9
653777214254543175561753 9
435131563641132567116576 9
126614422475744634266171 9
615436577523751357764333 -9
377113536367627714443664 9
571574365251212613564441 9
312653644566365675252117 9
615226546746471754727535 9
571632761742575623726676 9
745663611127361131533522 9
543172457574322662552426 9
171221672566754411312566 9
765326142621335566771163 9
116273274341412413323427 9
324371344212731625265311 0
717144234452575211743145 9
733432721651215226673143 9
673547555244534664321616 9
573623571672255571665766 9
531333362241176551256571 -9
632417754735516641643516 2
675523263431731534144243 8
241151162334277224774254 9
476211453474721627342722 9
276365467746224567751722 9
212652756734344626544514 -4
165314374423634163761217 9
742443564731773153636517 9
757411413462362315746726 -3
213536723554276513421226 9
742552126311376454777725 9
441345765653233474534711 9
534722451656472475154727 9
645624236751642261274474 9
577164245752721413672131 9
344234167555127175234245 9
765326413663335575527631 9
124566575354664245344626 9
217264425412772717555271 9
146141761526337537437265 -1
124237522725317313341127 9
475567611774521125135422 -3
113652773132222677676671 9
134714727662265722673337 5
432157347557755736252764 9
246772363774766316561711 -3
463757477442163141336766 9
144122612712371777273153 4
227177355575254111161622 9
227671671457753245646436 -9
177172312515576547523521 6
346451466311247752455777 -9
766233134355716176473623 8
314457527777166541474151 9
325726173345547142136442 9
156332167655511163223375 8
433175435725451763531222 9
571661733171645575133231 9
723734152766365317752324 9
751122571227526671167324 4
427752243752354577334664 9
253227227121665414753415 -1
666675155347617332726332 -9
262136743526376264562342 9
365111352462246321627241 9
274225563362753633266155 9
742751365612734147676576 3
313155622365261537172667 9
762531137174166654646337 -8
736534272242246344761364 9
613725337134441624312113 9
641353473444646726565732 9
631434777361443313551266 9
636145163444462265331716 9
257342156223617336763243 9
574277161377346354465764 9
277455543661562722616315 -2
354732345125742357473536 4
362212566774263676525513 2
217367622751315373133157 9
127164351271216236725215 9
321251577324764116316366 9
461665537725624532325623 -2
732541751444662147345327 9
364734737375666745563275 9
255111646477135323416661 9
452547733437665253154517 0
414635541737735446531346 9
427413652477416676351671 9
152653475721637365613553 9
536661354167766731175557 7
451512643254466745117726 0
313416355372114536134744 9
275543542153774426526714 9
611154256314262332562261 9
735723214665612253177122 2
121172754111677553557266 -7
746424166766757312164233 9
136214645122273634251673 9
124353651346355736752677 -9
662123376555524622561512 9
364177442477655355463247 9
562567675714712737655531 9
613421462351657514766746 5
376311761772512563275225 9
467172235553321116457556 9
332361651776436765673723 2
522131564426227574175735 9
614243277512231115136537 -9
756416465771144776321414 9
376226351146727722375357 9
737265723752555143672754 8
111423563134174574656364 9
252522666421515337131744 4
364466441574422615733252 -4
617154575172143775347344 9
514355312217367733451631 9
151241566354447641624755 2
466467167241546324373522 9
733165575276153167357172 9
641575214165322771242644 9
654557516532134633567264 -1
233266217611656741245342 9
624423151152556454156777 9
152755431456764226532377 -9
651152432166455342356352 9
542114365136425316354723 9
412644311322461133464261 9
141525416646226751155166 9
217715312376523177652571 -9
522677576614761121327167 -5
572734275441646274261714 -3
311123157665516766214553 9
547423145767673626711173 -9
622611524654156713263214 9
342266221157431347427442 7
111712717353177352562437 9
127733421147213676633315 9
542444136617377433663357 9
422556735272411334731416 9
416566641723447174311624 -2
443172561773563743414674 1
114754563142437526447263 9
254741613714563562252652 9
435711744625642226617633 3
644527711426765133344777 -8
576455636553721625617133 9
366456655116312235262725 9
775752546324151557324313 9
751257242442777552366532 8
536542222547444254773263 9
344455644775323511426373 -8
372164166437277551623614 9
624724635355263164552636 9
141567314461663675455157 9
475115533732521411757772 -4
672347626422335627314246 9
766335443667522251211176 7
335124332334142265511515 -9
451234545433422373611534 9
142266574347164153335635 9
343666175547361513477736 9
172466462571221411726375 9
361416127425217442176352 9
573535753417564623677652 -9
462132412564165663234317 9
565166671754242551236562 1
711254375275571564214234 9
121474375173636755321662 9
133726541776335111433147 9
532447425625576367764446 8
772266317234252557732733 -9
543442213224733271765356 9
145121375475732233251715 -3
657727145517547571325612 1
713376713435126146377141 9
657556641117372635253315 8
546767363117257474556155 -9
221725675351561165763616 5
413645661671134231552422 9
143257163113576412734245 -2
234451327445261451775172 9
272545625477152452234763 9
372537735324326465271246 9
244711126513727174641742 9
241257626531416626423565 9
637275443522343721125323 8
551741226145727757465572 9
321554675557164174363274 9
515512634247321771167722 9
614612713363331766251774 9
237254622753156356514647 9
366734425133157631123175 -9
162244645313722217766271 -8
225311653374265637665353 9
752751175361762322233734 7
523463463327626237566541 2
643135613662632515735524 9
455441251672613217655476 9
331736542216477365254337 9
361534747627714715246423 9
143417211176245156724455 -4
662311421161226657531236 0
721756256343432672462715 9
651361653113235736136274 7
337517431667656224361625 9
241166376447515244262437 6
241273565441461142547776 9
547263124711627777225342 9
253472334742226767746211 9
347675155323725241554424 9
172757263271317525321671 9
146177342142315417446155 9
253155122316722443267317 9
113225667273271456151775 9
543774562755531223467412 8
342345662237143115731615 9
411726132642745742621565 9
751335115625414613722522 -6
272756657663746763723143 9
415643115654153762115735 9
645411661472757162251255 9
226665114146771744234552 9
113763642774732775542616 9
576513222432562431156216 9
473617146635554454537356 9
611554412642572456331771 9
175516312226536634366731 9
312473751747665116562127 9
515176672334523477147627 9
735176177615444272462421 -9
267361622336155542463164 9
147127133117175553624552 -6
544147151627625726237662 8
451344644425363161762231 9
321171433713365762374454 -8
657457275146357161157636 9
471264144337456372417651 -9
763222316253611315242535 -8
421661515754771143343623 9
241422533211172756234444 9
451363235735347116245761 9
161454777731572516331725 -4
777474232131725357311312 8
644316345354421362552174 -9
121434143277314513554646 1
753156261364346343457663 8
645122561171246536412363 9
572177347166271463231612 9
337557667456346277533262 9
172153333341746771664265 -1
455131147646717567411725 -2
346713623112365772237257 9
516755167575512231677661 9
371756647565655733115334 9
253222616167173273423663 9
657476734454313557612436 9
755165255134743172266256 9
724674215775344411477332 -9
134514641221527436234757 2
723175257352573521422437 -3
563163447224231451521773 9
542425124153717732341221 9
372174427342347253464513 9
535467162116777721132314 9
377253544366113117222231 9
227417134124657142525544 9
467311713634336112552775 -2
727357176616272356543122 9
414326566152246515633132 9
161714417443417167377664 -9
731443443663135321616454 9
256555264772431142526365 9
214767735765556122725346 9
122731321664434427435616 9
772442765242452731132317 9
154167436135437436723666 5
412625142224531332633436 -9
146253671445235351521232 9
157145524754766232225512 9
752176475154661655715147 9
772673146122236234736147 9
275114366525366554317175 9
517127763363773632256527 9
545762714111145526675232 9
763565744146552473413512 9
122457367143623747153512 9
512164666345541712156175 2
355767147225734525127326 9
363277626246532412657336 8
173375431577614611725175 8
427377146674174223312645 9
114523175654546733274111 9
252671161522214674415725 -8
657361223276275572553414 9
272352655346424725733715 9
536617216756746537457742 6
257163775272337513362732 2
152172641763422734743425 -9
441356673556245262315276 9
142262761124763437154126 -9
746174227362451627343446 -9
645731533213672631457234 9
124244213775111713525764 9
265615677547265221446252 9
745511247157641356164125 -9
424157553473723651572312 9
333652143565415453626153 9
512276647473553556246716 -9
762466563573316644254435 9
644673224747342242372516 -9
474625121515435114617326 9
315752337336257742321171 9
267431743212532734521676 -9
332541661235127176537127 -2
357425323362676142774771 9
422125665714333467742663 9
276275345416223771174455 9
436363573716157767137124 -1
323773374545421451162163 0
417311757465615314632536 9
675367542155367753641657 -2
746533264233137162743444 9
333776341152447254223744 9
134263732534622123617216 8
757745673416155252775221 -8
545415713542341773345213 9
341477752521447113367467 8
156146277425612547564166 9
173661461766725144141725 9
644325721423512135517477 9
725522344643741153671365 9
712616635273742752426274 9
146742142233673135753267 9
266144321557217316155363 -9
255655766623132531417113 9
642662454535465172126722 9
722557214515254217417452 8
667447152315321164626544 9
244222272413173153175151 9
466256251627444322266153 9
744677365564513736154144 9
247763116435725575535277 -9
367771554145447245347116 9
632712532755146754164224 9
531311127265543641247761 9
122272477665773625563214 -5
224714537247541672211726 9
371616617773561345477613 9
357157567462713415653174 9
477254343415511336364316 1
141241255631736426531234 9
137476554112722245164224 9
145766665112714275713343 9
135257163663764756344727 9
626227172723446672531671 9
723327546357433725741216 -9
354671514221577413554657 0
276264164454667136331517 9
115463463376216537346231 -9
331424435616341261171777 -9
667235411234574725547621 9
463135365115135547563277 9
215777426271464474121674 9
154541566172147671351772 9
646651155417212652136567 -4
151373737741366462345743 9
433754745136552614527171 9
265134552511754421426612 9
636336515451136765146331 -9
217475113547711472132563 -9
326223722636674564547146 0
176743125112477137422752 9
145572756314673135443741 9
232132714253142124763516 -1
441353534654177161614734 9
171375225451426577161157 4
672273325544111164462652 -2
542777213252155347576226 -8
267435464217637231154326 9
447536435145626736274634 9
464554754547765361231761 9
615467271543464451712331 9
417444626371756712451627 9
474424656366115142235432 9
226331254436444127473172 9
137645575372361533641321 9
664554724476113577324524 -8
233742434467231112634227 9
216413357437661326173661 8
414213621474362733714143 9
716654225224317525576465 -9
522316433624663167176773 9
374735724231744543522435 -9
563114661226425312445163 9
135157232154753716467371 8
365141321413124551374364 9
651246714344156552263661 9
231742312663367264344372 4
652735667122765146457733 -8
127556376571345124551272 2
266372275557472233261463 -9
161332464347766467371463 9
135646521527731263716642 9
271446725411715354264423 9
611422573567315113725457 9
471162423416712414467615 -7
622577763753411341625312 9
125225725773166744412521 9
215714631562416532322521 9
554246712233161726617521 9
354221147517741523222174 -9
613467732422716235135517 9
366252576476332734152347 9
674325622571173251322666 9
366223365127445764135773 9
433647263561714752244623 9
463472355371346266274665 9
455457671274742321774412 2
527675314553457234253113 9
772625455215724364511531 9
673111255722447323224556 9
443432267465555742331377 -1
236565721551236714723642 9
445714527334316356467736 9
357321215254146315714457 9
217556266246564476247142 9
335473734471623226651626 9
176447516244227725145325 9
517315362121624134275372 -9
326712736126567255152557 9
434631553166146664175427 -9
465666423445247561276752 3
514762241751725516466722 9
725146543215735757721763 -9
366112361461513254651372 0
657655171157432424421535 9
572325651172475362654672 -8
322516336676125726715142 9
513251163745257445765621 9
511316423554341471754532 9
271253276441267772325663 9
157655243151566716727632 5
222776175465361472333354 0
665412165762372523553256 9
254112443661367376447321 9
117245564262164711335553 9
573616256463451267157222 9
247114652144653664362175 9
156625132263724271314147 9
137334365526727775571152 -9
444561775733467451415613 9
545526466222523736613336 9
554731341155163265626217 9
357522267732572475131136 -9
164355223525563775647761 8
364316776157626751257176 -2
422422767665463126374726 7
155112476461277562421147 9
126575672654626216312257 9
521343636437274542632432 9
