21233733663546211 -12
62756745735527446 13
54261271271551476 12
22566763553772272 3
45432171776334132 5
11344154231644231 13
35624217573732714 13
71652561253347724 13
53627515646726442 12
25636332112225434 0
63112515525713631 13
65337242675177742 13
37671614554343344 13
65733675463273413 -9
75447622563552214 1
21336666535425314 3
12523654376511111 2
21452556241713434 13
43161114332164735 13
13254516634617642 2
56256355115642266 -3
17527626614136162 -3
57647563455237535 13
66663553756344436 13
31244544522121261 13
76764572362554346 3
73334755217663721 12
15743665615642533 -12
11722273321777311 8
52635652612577762 13
32762261735147235 0
62123666122214447 2
74647667634273765 13
43317215172637553 -12
72612442324725217 -4
74652747624275374 -12
13374433377356776 -4
62271541323641626 -12
42254436564556666 -11
43245612523324612 13
15256675632271723 13
54612743754144721 -4
32722463631272254 -9
15764556523575377 -2
22357714153113466 12
71133336274273271 0
62647347147347323 13
77323354624736414 -12
56642153343746417 -9
67715325122662721 3
43211112661255444 -1
12136741127677117 3
25164374437227727 13
47674334735722617 13
46167454713575475 13
65764462613737465 -4
63457325265275427 -11
31655657563664153 -4
72254617316745516 -3
35322156142636751 13
31117776526621625 3
36326422574335364 -5
54115532665616324 13
56557775422433123 13
46473726427535642 13
71521162536135575 13
11724723766662762 -1
34635755472772242 0
12164257243737565 13
36325674154475314 13
16165531133164753 13
53175571341414454 8
34422524564174564 -8
73616577222325225 3
74631732536547571 13
55171164342516542 13
57212364652436473 -12
12714636711414574 12
25727214462734741 10
43723562731416147 -12
23135735115254711 13
21324742377717416 -12
56422355216271433 -11
75363413473134634 -12
42742313671332641 -12
64615235537116717 13
57431573773673214 13
74637117312535773 -9
71477671564576533 13
33233512177653522 13
61762477453464122 4
11553237551451216 0
56733454777312273 10
15111245562167415 -9
53643735642441633 -12
22746714511157721 10
42465717216113451 -10
77715523162376466 13
25347335446555222 10
32227735537347522 13
73717416222771331 13
17626144111464475 -12
17134623422562764 -12
21332336161576744 13
34525326444421761 11
14572764113655766 11
36114531133113425 -12
71475572762114343 13
24575733443344113 0
35357213241513677 13
32371457156761222 13
54347721744767534 7
64747276253214177 13
23117365673551524 13
17536645221677451 13
24265334326634756 13
57555734177724743 13
14214475372662231 13
57566344711715414 -2
77626113276277457 -12
23145547653144474 13
35666546566424522 13
21123557625465725 13
44154247722266225 10
36661612774332256 10
76171577643151126 2
32411523743664567 12
21665647114573111 1
44624521422134661 -2
43423244167576663 -7
42755552617124754 7
32266214651113561 13
51342356626512634 13
45335712126357734 13
45574777746663255 13
61341224521547713 2
72117272154536474 13
16632575224461125 -3
25766344234331154 4
12142533326173262 13
76424144527464712 -12
73272131257261741 3
25673547252257652 13
76371632672647723 -10
53537635633714756 11
15422654726771674 -2
32651223563334536 -2
21424426127573123 1
23466272563521721 7
27461453243477653 13
52444727574312247 -10
43673141226361761 12
77137221443115316 -10
25332326661116326 12
34616635226712111 4
42471333624574347 -2
61715454577537341 13
51516527742424555 13
11254176732566635 0
15126134766576475 -1
26565672641166124 3
75634112162217352 13
31755426577167753 -11
71231461523152546 -10
51431172263454243 13
67533524226362474 -11
71454457116436423 2
32246646577341647 12
41676222752474614 -11
46172113532432366 13
77351222436437345 10
41711567436544614 -9
11227427531435712 9
56312767125277556 -11
22627432376116174 13
56135254743526223 -12
16743751674224547 9
53433352157455242 -12
56416144145666354 -12
12711131357516665 2
25664417731314376 13
33564676421321232 13
26267161465115551 -11
46627161512756226 13
72277535571123725 3
17256727734457276 -12
53431444314715276 13
11731312334341124 -12
45673763354361252 13
37441233774154754 0
45442516242754554 -12
61223175656625776 13
61613515633622244 -3
66337175651222544 -11
16623217436566741 13
64142523163645572 13
52546136113633355 2
47175322164322631 13
31736272173312575 13
47335173771243447 13
56763511436561514 13
43764261644172567 -12
21231471614615145 1
43213622626671234 12
45111443412337666 13
16361156311377242 13
32712422712427364 11
33645431576551162 13
43157335517232764 -11
46335651474567523 13
37422337762471437 -5
13732473627131474 12
72562276313426616 -2
17356327775444625 2
55577717436277665 -3
11325346166556712 13
76275376367155213 13
67137672227252331 13
24212514525741337 13
46152347342426324 -12
17133614511367642 2
26745561121467212 4
11256432436165433 -10
76545225152321547 -3
64714431355742514 13
76315262176473164 12
34651747637634354 13
41421532574524441 -5
53351237745316665 -2
31663346414627246 -12
57267317176414672 13
36674554615736445 -12
72464314776623316 -4
66552462332546522 2
14233575313165775 -9
47356161464475216 13
62322332642154545 13
51411174424244137 13
62121441222432544 4
37146166515244226 -12
51435376311667127 -3
52431454254174235 -12
42421525775314737 13
55512225737446321 2
75664652141443367 13
21271145724737235 -4
41274312522357156 12
67764457132132515 -10
72324155514556731 13
54454722171322113 -4
35662454231111161 13
35267735564366214 -11
35673644625714366 -5
15612147745116731 10
67147252463265574 13
27662646454351542 13
25134135664774125 2
33167431534643452 -12
37373443237223211 -3
25512534224166634 2
74416244146575172 13
53271111646664363 -2
12752133133322756 6
65443537377373422 13
25725716513275752 -2
15564676257521412 13
53557356171365172 13
53451125767133165 -2
27122352547727121 -4
46235365244546516 -5
35444654361177154 -4
31651452175374424 12
45372363317131565 13
57132677543274667 12
17246362534735776 -3
67241537414442473 13
55726472176467471 13
46756362722757256 -12
54275471122267234 -2
66226212474765632 -4
57174723335532557 -9
65252253415766465 -11
35126175414435565 7
22216256575534574 0
46632344233325666 0
54225232231426161 13
64224143621152274 -11
14342643367743567 13
62226132217136637 13
57113756725374372 -4
53216542622667413 11
23512552124473412 1
52122315767551714 2
46444571441513563 -5
33421613672166221 12
61657631131475147 13
51567775654732465 11
35372656412173756 -12
42473466252571571 -4
46776742555143247 -5
14244113521667373 -8
16473266166245322 -10
17514313276425737 13
24671777343514136 13
72235776373663754 13
45723222454725266 13
75114441541122232 13
24314354552723137 13
13262541122143442 -3
73716247616511541 -12
23531546776665617 11
31135327123776147 0
65762231356236421 13
61144446437147667 13
37773357562614174 13
76721562267773653 13
56651577646152221 0
43736125464123333 -12
16343324434116617 10
13611524767717557 -2
72633272315766551 13
31343113741126372 3
63462545327665767 13
62125435576247675 13
15542771636711356 -12
17717113254577363 -3
11421753233112165 0
76547654712236254 13
21776574267243112 11
35765637132664671 -1
54656727532575571 13
63213543542677152 13
43625357571646327 -11
57571321561233221 -12
23647711147576425 13
15111351377735523 13
17445312767611671 10
46745616417565552 -12
16431254345556634 13
73655413175736567 13
46737342223647231 -12
56171474611665162 11
35321477274322633 -12
75424434512264211 13
34257313762735666 13
53763721714215351 0
72554455125627141 13
33267764372755542 13
65167321462557522 13
12745124646773736 13
32635175344111676 -11
75555136634131162 0
12125716442343717 13
11554711526765247 -11
62134257241616655 13
37453455165645636 13
53563432114672413 -11
36534663575337741 -12
42252127436545565 13
77227345234355224 13
71212424165261231 -2
55767221624746421 2
35617227321514327 -12
23656614236645726 11
33457554417551333 6
63761647777421124 13
45572561342675652 13
71473365123222337 0
35211644341661367 10
23731157667537126 0
65535657466327317 -10
73161712415121446 -3
25247175654463514 12
63361454117357573 -12
45142462777743666 12
55746271444672262 13
61127541321713657 13
77655243337537114 -12
41276743356344137 13
31756622346453323 13
16146535167352543 13
25246617222423467 12
57612165167521461 9
13314532474314553 -12
65515246624524553 13
74227655434641131 -11
53751747134421742 2
72161675544554354 12
16343235542563432 13
35365666277167627 13
53516546256414425 13
27734474466222746 3
66532756722177771 3
55755736433672626 13
75632732225261621 3
21112764331113545 12
66716451426565441 13
61151543251477664 13
46467346242257772 13
31557433162656641 13
46666116374445376 -12
23722311635751621 13
25125564555447463 2
62642373665543173 2
52376453767137522 -11
56616232234343573 -11
74735736545772122 -5
61467572166452264 -3
54311327631165112 13
42745526336374625 13
15331116535527122 13
62117123351125666 13
46746244552355636 -12
24124363666415277 4
27775452312312763 -2
71276221615315744 -1
54776236511434134 4
74456421323723164 2
47731762362656626 2
16471563725376233 0
22241745173127237 13
73551671546766515 -9
73666171542367534 13
56577427174612174 13
13235564362371766 13
73345151164111354 13
42774615261437774 -12
21366146677373131 13
67675565141244347 2
71523273242654257 13
12414417625556642 -2
52241645516735563 -2
24123255133747447 8
43332317615767661 13
57176322511461132 13
14511577765231331 6
63227451115134144 7
74511544474172332 12
64742364733232261 13
56163164436226571 10
33651412714613527 12
11721261177633677 12
55244612745217231 2
16472241162617576 13
72232177455227143 13
31754163742656151 13
24346726764613545 13
44415611654323276 -9
77344725447342336 -2
32112225157557437 4
11337112165433275 2
61656337214143451 -12
56557271271323575 13
75466677125654224 3
62263555536721154 0
57247316665625721 13
26722174561623251 13
45515342247224572 -12
11355523347566633 9
13525455275676527 2
21163537316644532 2
46725534327665621 13
41672147147414277 13
74771515263256711 10
42273421364657663 13
67255164316743475 13
46721172452741761 -9
47333344422233212 -2
73652546327723266 0
64566274415636436 -7
41522752714721447 13
64217634121333275 13
27425446772251454 -12
63774335351322673 13
63577563553321371 3
44772757267443314 11
36245112431716645 -11
45726356524637744 0
63422435674622274 13
21267221322413644 13
61457421644722771 3
16117573164467162 12
64244174264142313 13
32657323721336653 11
21522666732371566 3
34352564476361172 -11
11634431747415475 5
66441143272417644 12
55551265167567341 13
47151754561534467 -12
67176526717261165 1
13364542365754337 -5
54575375576436114 -8
64157524537167516 -11
56473573754366775 13
64361336747627673 11
11243766346566732 11
43531762417652631 13
75156737217474572 13
65755164271556346 7
11474525233633426 -3
53111555354445324 -12
56431552276255437 -1
11535174214225657 13
24751536566556512 12
55166231236413635 13
65224221317426144 13
16611774443211473 13
33247554326551241 13
74744132553517571 7
66456144714275333 2
16765573147765561 13
47254173355154247 10
46111521544173126 13
25431467412245127 12
41261744747716155 13
75774357145252454 -7
17464671742333417 3
13121474475751424 -9
31222677626646212 -4
54742755757463154 13
15116754256435152 13
35543175371262615 -12
76571457177161125 -8
46621251655363521 13
45457133621317327 11
15321626135461245 13
12132262357661653 13
61273636742746275 13
15617776246763365 -2
54273377376427334 13
11661366317632734 -9
11751245667523476 13
72235435443763721 -12
17613432332766343 3
44717525246676531 13
44132665664637761 -2
13277742543365763 11
26323775123312773 13
11414575761432773 9
47257136746535275 11
14663325441236364 13
33561666546571217 11
71727534366447471 -3
36755244567116644 -1
27746343611217162 -10
23743754731237314 3
25453426477117271 -11
67263622637271452 12
24112626727267457 13
24634717734716176 -10
62447744253627576 13
66754764144476264 13
61573611651617215 0
14245255333667763 13
74612115137167143 4
63276646115347415 2
16217772277125471 -12
21231572644335271 13
62156627671766521 13
71223712455726263 -1
66514365123761421 11
52236652562547633 -10
71116372253133634 2
31735752656764374 13
34276657654625617 2
31432475626611525 12
14432244545274325 13
61365777527473725 2
62131511116777567 13
66513162551123367 0
23754174115511214 -3
54465135445365425 3
11216546545263144 13
64653625564246773 13
42765152611167664 -9
66352262635772214 12
47116673165727257 11
26367312517477562 13
17541641262344514 13
33422471512642573 -12
72151227515425727 13
45327547333517512 0
14261174562477711 13
75276744344144653 12
57225324443253313 13
62217117733225462 0
12632713565466727 11
31625751542113672 -10
11743756321215127 13
57316723237774454 4
16734621617736712 13
46435572151752217 0
22745771546732411 13
63735721652732523 -10
33175572322767563 12
71314172435737321 -9
72133266665752212 -10
35662135646677567 13
43646133747432354 13
25475116731266365 -11
24112312247757336 11
52345417356244431 13
71355322346555421 2
56321277573733235 13
47274375455666676 -12
26621111757777631 13
12325723137434414 13
35176216554453652 11
77452333713717636 -9
51323557675517753 -12
34112366132115735 13
62115416125555625 13
32441742375424575 13
74265145712372634 -7
56446741453615773 -8
72321765756736257 13
61212552643722575 -11
26446444772612772 -2
35661434371665757 13
45522364132657427 13
44727114414112237 -3
37746711671654145 13
55134143237661445 13
33541613317743631 4
76716545161725676 13
17527736722152663 -3
57171626233316233 13
45444171145637432 0
72226467173632724 13
65445133625366771 11
61641127513225653 0
63256554561612755 9
11517215153555264 6
16356135356256432 3
32376335423721755 12
34772156531552631 10
74222355114177541 2
44734431456121143 -4
57346673167227443 13
33127574142716713 13
17553154317113764 5
27533366117342513 9
23672244242217741 13
75472115527454516 13
31441366253613162 13
41774343221667345 -8
24545744667623273 13
46267712461441621 3
72321761477325735 13
57167421234617616 -4
74256543346261722 2
66654471167232554 1
37644525326254455 0
33755433467774133 2
63617415457627744 13
52117533427247267 2
34141343242366311 11
45312676527332542 13
22515446275527142 -9
53415646366276177 -9
34516372671124422 13
12421611451346373 -12
55655113325772171 13
62663154725565414 -12
51442342275412351 13
25211143633552655 0
56217224744515713 13
75126653666721755 13
77156226424375152 13
16573334323171134 -7
71111377752126274 -12
42115736416373676 -12
41761171771355336 2
62775367716327517 13
77545437621657766 -3
57162436127152634 13
62432623166275444 11
66475174734246135 12
17571375443235455 -2
16534253266146673 -10
54464714415773725 -11
53672424564416346 13
23272156775515717 -4
52241477143711524 13
57576716336325355 13
71541424261366717 13
75441514417227653 13
73367276373253444 1
14752247575745546 13
65315741136637253 11
34532752277243553 0
72664435462662432 13
36564372754343377 4
63312753233741263 0
74362722215455643 13
47611257632455445 4
54661336555732563 13
75223753661324167 11
54575145253371477 -9
55121374674261234 -9
75513242171416717 -1
41663575571653427 0
54475541423364136 -12
26412563377561346 -11
72575567341551763 0
36767432131241317 3
46615211617232611 13
66645225352352457 0
46176324362761224 2
77251335433637131 -7
77741632331435456 1
55526771173375526 12
61237362234552561 13
31352665711722432 2
23757236253622267 13
34171122371164375 13
44117732747241466 13
51161354254521114 -11
42645453213467476 4
21261761537766715 -12
36536563515614362 9
27544743545516172 13
31523632434434662 13
42135333571523761 -10
46472476424766717 -9
31225274664511456 9
61272453751476523 2
66624541144545715 -7
11575414634336415 -12
56777435633673453 13
35126657471151213 13
52251255254441117 -2
66153273551551666 8
56421763535213763 -12
72676551414122734 13
35427655147164531 13
15447351727264123 13
47335552427214264 13
52131464342365451 13
57252576432756441 13
31653464512716444 -5
52615427564661154 13
56444373776613333 3
35422355473225672 13
51535413216642114 -11
32752734274721724 -12
33756357555376726 13
11511643736631445 -11
34762431511165251 11
42163123265546413 13
66116773665377721 3
23776432263643417 -9
21736335351574365 13
34665244547635622 13
31131222732555364 1
13526543254776363 12
31156624677355227 10
61567124624547116 -5
63631152711515341 11
61323634274333227 -10
17327522221347315 -4
61245646344515314 13
24652577326777171 4
35165346531534711 1
27654413722353456 13
71367461462324763 3
47762747757414652 4
27775732121355657 4
71472254771716645 -11
25232254145473626 13
16765512663626314 1
43547677623723322 5
71337735716224161 10
72232237275231556 13
27164467574277127 -3
35212327347374721 13
41153224356712757 13
23574255427434741 13
41236156631246515 -12
17724125415741357 13
72565725514341544 -12
15124122557422525 2
43646233243344131 2
35336547474673372 -12
61677577523457633 -12
64673247262141466 -4
75271463776457644 -12
34234573421153611 13
56725634456173677 3
34516647416647765 -12
41472211621253611 13
34616217531257111 -2
65414441212225733 13
35537154134253657 13
41227551142275523 13
43236442253644665 13
33366546341251563 13
66372135711426112 -10
17671615542224473 13
63742715576321653 -8
15433477255162552 13
21167365151673426 13
23263223325235174 1
37735276351713671 9
33222463537127273 2
51361376676642411 0
31155465641766545 13
45677757343464135 13
13521756212556356 2
42651645763756141 13
27776323375272414 1
62233766715156264 13
35575131744733132 13
43214214417523425 -6
43533763117344476 -4
46221373624465521 13
55755423251362354 4
57254314226117641 11
72132737657626356 13
42773513756374736 13
53657311756425731 13
27647447526371732 13
34147135357612426 -12
34642536125443536 11
77643764231256224 13
64361615736741663 -4
62451761442746674 13
31176526522127631 2
61245625621171613 13
12411614423535544 -1
41227545515531635 13
77244224243436362 13
71262243147435761 4
53463364473442361 -1
25747251153442732 2
73174451565233673 -4
43564511775532252 -4
21444631153641755 13
67233533523721416 -11
46243175453632122 13
62642121243235552 2
61533323477733152 2
32466172246723754 13
27433521756427314 -12
73427773257312212 13
35772653233664763 5
26433574646637346 13
53316356452311446 -12
17374267351422163 13
64641127211477671 13
61432376167535434 0
23776316623217631 -1
35236364221354765 13
22121337773547527 13
45262713545477125 -7
75663442625771364 -3
13252157511445721 13
61657247725124166 3
75532372112625555 13
55242333511674767 11
33127327361177464 -1
24257177474424366 -12
36722553173331411 -3
61237453273157266 -7
63563167256165232 -12
53731556162767357 10
77514541711614422 2
65127513477711133 12
67117213711757512 -5
22224773643257327 0
56174741232336624 -12
25617327763773411 10
53735647316226116 -2
34233412365233444 13
21442215722144166 2
57744725152622523 1
14336423153151167 11
56665327546627231 -12
64527644755416666 4
54145236331223116 9
76332437726331164 3
44346665616174414 13
71165725117616341 13
66746417315362132 13
14146667622541526 13
25446127746516352 13
37136771542455612 12
21425411432333117 13
61226257464361356 11
37537477414234434 -5
51234167755156363 13
57521513725522323 -4
64622636331573713 8
67717542627414544 -12
47411376477335175 -12
65223136524763626 13
64774356111524347 10
23757773636677464 13
45665634333523377 13
64243543517226123 -12
51235152117542727 13
73343264425775623 13
16164343447215575 -11
64157632136236737 2
12344645213376627 -11
53136451224556131 13
77753657141654447 0
67367557726526121 4
63122724116756156 -1
24326156611522323 -2
22412737616415456 13
21317624233167653 13
36373664644447526 13
74175277122173721 5
14727371232224366 13
23235666145565726 9
75314673422723614 -12
12557271442612214 10
64337115143764557 13
77134542535412732 13
12332556642341152 13
26333623332152146 12
46213423123556166 2
14324413617652352 8
62672562727552453 13
77414465175214164 2
22534417623325767 12
64234171664364741 12
11475741113254737 0
51741647263431745 4
13317225354522127 13
45171464724356325 1
61726357672326751 13
63145752156564425 13
46161353347256576 -2
53314516344257277 13
17261615552644522 13
65135731477222266 -12
71623227124477362 12
47643676346125154 12
33136421511275535 13
77623154413522137 9
63473327122634545 12
52333532772663744 -11
36312431616244264 13
24324732641141163 0
74354541211274317 13
31154552175551333 2
36113143122271634 13
56612217772527651 2
71767724114247662 12
14215376142647311 13
33361167377217132 -3
13417424373446265 13
41266363243362542 13
67275425257212133 11
26221277734314534 13
53327725524345425 -12
42734677161557532 -2
43622734244275127 13
22613647216774776 13
77772622116463264 13
53374752623335513 2
63342311776626477 2
11577276422565724 -3
31632237512536377 -12
57331216612673771 4
31637463744216611 5
72467216475237377 13
31424217764217343 13
54265775347351645 13
13511477147522153 9
43365751146626765 13
31574553721231322 13
17174672241266346 -2
65632173511736553 3
75371555131676563 13
26427171772635435 1
25273341171117622 13
51752437133342437 -11
75422436356471762 3
74675217466674622 2
73355522663123145 -2
37751372233612471 1
72471132421554347 13
77264176314221724 13
66252454557272266 9
42624767154723252 13
37213275347145422 13
74317433631624631 13
44651653667454417 8
43574622677513721 11
22452527324171123 -11
41612333752436713 13
41646774111157524 -11
15674175771556245 10
64123134277534172 13
11262656612356446 -4
17417355622632716 2
56542653712617323 13
45712663772631466 -9
13713724215637754 -9
64432144237757675 13
77362612217714663 3
53172665734456441 13
57377276312567556 -10
64451551767511526 13
51375455541326145 13
62356777416652244 -3
36377246542243772 -1
57153767513576663 -12
53467551373316115 13
43316676276717114 13
24361777735754367 11
17566372367141271 -1
42772647333551361 -1
12454266734667752 -3
56336432712614172 10
64131547274112156 -4
53266357624527134 13
12176731663375661 -4
66416237624466477 -11
23316312555274742 12
41226351177462265 13
22517113761264641 13
26532232646473171 12
23326335536641355 -12
62124627235365176 13
16145522665316247 13
42156327426366412 -10
47477533721164366 -10
17242464173736415 13
52356562273523247 13
37575671621313634 13
17765223672563257 -3
52255446715235441 -10
62255727571475775 13
15755541614111675 -6
54356611424456473 2
17671646114551355 2
65667135241171363 -9
21231767552161521 -2
67466564571617251 13
63725111257163253 13
56162323714411514 4
65413754423237135 -2
26525224345347632 -12
67662324773215776 1
56476251243244757 2
15773422616113735 13
66177124633216615 0
75564524722111434 2
34736261625474124 13
35431164357343675 -12
56174434545371127 13
55541711467341516 13
65417147473665155 -2
54522337731323773 1
11623256541174315 -10
61556513576116317 12
65114315655616753 13
45567311562752473 -12
33331247422766171 13
26357516743264541 13
12745431727541376 7
12371711666413366 2
65164231417563741 3
46721445237776554 -3
45351712557415626 13
64576635255666314 7
14213212234465762 13
41621775134745625 -10
23775235722533557 -11
73324357457375457 13
75643625375331534 -3
77612661431243721 -10
44354677547634423 -11
77613415717756336 -4
74453746745131163 -11
21531416166451436 10
71671722735312365 -9
64442376733124362 2
52711436621347667 12
34122321553345671 -12
64134541652312627 13
55663525711437627 13
37622314224337426 -3
25614413153631351 13
77552412435275655 5
35527411647371226 13
42156622443122213 13
72161164213561355 13
56434371653566174 -5
72372234617322217 3
77563275137712456 13
53645556222654271 13
56425217164112212 6
12426257251571256 13
16141254766131615 3
32142261332614566 10
51247771742136167 13
54211436711735666 11
44747112566526714 -12
26131144467517574 -7
17164573466626562 -10
73777426411266673 13
47271324441376257 -9
67224753776446276 3
14376612565613743 13
26326117762573771 13
64144227611174164 10
75575461313125226 13
12556243553223251 1
36324653456331441 13
13723513135746346 -2
52111244245512464 4
51132773261356327 8
52156442667616641 5
25267745134576411 13
46732167736241571 -2
34767515515664173 3
53744711127172577 12
51716326723563341 2
57322562116574617 8
31453274717742311 -12
65426327114434437 3
72521761265777212 -12
57322257361161534 -12
11734663617577417 13
53137731366453277 -2
65761115473717717 13
13541324473132532 -12
75274631317253562 7
12353656127463557 2
61511567547177275 13
15221143622174771 11
75657257421263357 13
21676417675472213 2
34452154732225113 13
46377465416132264 -7
23245646466766522 -12
27533754611566766 13
23665572613321515 13
23177427226743447 2
54717637433751227 -10
65537534535343512 13
25475671232531641 -12
13615751446354755 13
51322243321621625 -4
43111516516417364 -2
34475722257253457 -3
51233742531323417 13
54712377571221453 0
23571371163155255 3
42456654435221242 -6
55132314652337246 4
72357461446127124 -12
65617327751245234 13
46251724733636525 13
52213623173533734 -2
14464433174436176 13
24546276543567173 13
22746615257251613 12
27257742532772167 2
26672622456473615 0
21316515564162636 13
61612523133215116 -5
42433563167111142 3
65734627472212142 1
75553435724771513 -12
77466515325114233 -11
35474113651242335 -12
46257624215313574 -12
64663422772455624 13
56425525367147724 -12
