12614262 3
42551762 17
37142237 2
11543164 -6
74117344 -5
35257562 -5
73551661 1
23467362 -2
32674235 5
61754751 4
27114464 17
14717447 -3
14326113 -3
45766651 5
14655561 -2
25425312 1
43265251 10
12732734 3
35714355 -2
42222745 5
26674613 2
66331237 3
61534511 17
51441736 17
66572117 1
35776633 -2
21427744 16
64175663 0
27156357 7
53731162 17
25516555 -1
53114673 -2
11472471 17
27517244 17
33371424 -5
16521434 -2
41327751 17
73266351 0
46561654 -3
63223643 -2
32657527 -2
23165754 4
75723421 3
61136456 -4
71645425 -5
23771144 -2
41661642 16
23677562 2
46713121 17
52576566 15
52433121 13
25716243 1
73543124 0
36436111 0
51341675 -2
13124731 11
66535634 2
54241573 -5
56764452 0
74131673 -6
41231546 12
56346477 0
77334347 16
15671535 -3
67735521 0
64733327 -2
55471256 2
12551716 17
75372613 17
57547737 3
56771733 -2
13651561 2
31741272 -1
22732147 4
65413573 -3
31457565 -4
34231753 -5
72165352 2
17627343 -2
72652735 -2
14623357 -2
61467326 17
36235443 0
63261756 -3
21461566 4
16714743 4
43563776 1
33157156 2
35473763 3
27767135 1
41444321 4
66417271 17
23174746 5
31621441 10
14664235 4
32256345 -2
74535534 -4
44331652 -6
73471111 3
42653176 0
47316147 17
75156475 -11
15561373 -4
12722355 3
76763217 -2
32116272 -4
23345377 2
76651434 2
62131161 3
62421754 17
32456674 -5
76153675 1
15765667 4
22471356 0
72245135 2
52113331 2
26277345 7
42373467 17
75564225 4
64142231 -10
52143166 -2
67615265 17
76133125 2
43565457 17
67367633 1
31677527 3
47151223 10
12661772 -2
37461633 17
67571314 2
15121747 17
44373216 3
17226436 -1
76521533 -9
75274112 0
46654562 11
56127664 3
71336344 17
32247632 10
32222435 7
43513241 15
35144367 3
26344536 -1
46367542 6
66357723 0
74347112 -3
37733727 16
12143754 1
36121467 2
51477242 12
54727764 -5
64634437 0
71327355 -3
31112376 -2
67734415 1
33474513 17
31377657 11
31476217 17
54165635 -2
42555164 17
72463647 4
54147317 -3
61627756 17
21566534 3
77154316 2
75274531 -3
33167363 -4
51156643 17
24761154 -3
55344533 -5
41532713 1
36613131 17
23137646 -3
26524164 17
14425673 10
73166213 1
14272742 5
63441121 -3
71566254 3
16163332 -3
51345162 11
52613511 17
35425143 6
77121624 4
64773635 2
37152331 17
25257412 -5
72333122 2
53314267 10
15452313 -3
27673252 17
45153236 2
65715165 -3
43451526 4
45652261 3
64157247 2
27326156 17
24527667 4
56157114 -3
52362316 -2
36511242 2
76734547 6
74217771 0
62674114 5
11744243 5
64134354 -3
27351677 17
22525361 10
52514645 7
73176261 4
41215616 17
16164473 -3
41523775 17
75354267 0
57375131 16
77574746 5
65412414 -6
47162313 0
12645517 -2
72554576 -4
76644751 4
76535127 5
16714323 0
71436571 4
24614551 5
12753642 -2
27125154 0
33622212 -2
16313124 3
74714131 0
26273721 17
53771343 17
21542636 11
74327361 -2
27611342 0
25565361 8
36724546 6
37743161 3
16675572 1
57235413 3
74765617 -3
12765733 -3
45643224 -5
57773614 0
76525411 5
24532533 -3
35665341 0
65477621 0
65723534 3
53616245 17
16134245 11
37354655 15
37631446 1
64113435 3
51755264 -2
45333243 5
36611356 -1
61236536 5
35312452 3
35377435 17
46175321 2
23521676 -2
15131673 17
52623513 17
35752662 4
32764435 2
55422135 17
73247164 -5
53411672 2
64215746 4
71616432 7
15661724 1
51267117 3
41357632 12
75551641 4
27275136 17
43631674 17
71653234 4
46621243 5
27765735 17
33414143 17
23235611 2
23252677 17
11516143 17
73321117 4
73461444 -2
67265614 -2
75352133 -3
66342534 2
62127643 17
55421166 17
74455463 0
72354324 -2
54567536 -2
63121463 -4
41576441 17
36213156 17
47651551 4
47576166 17
57327154 3
67776241 14
57151646 -1
51415627 17
57433164 3
47273112 17
71472632 17
67641167 17
74762451 -2
11721256 -3
54133742 16
32711523 2
66357144 -5
51257743 17
71275464 -4
35541472 2
17654234 -2
46212132 17
73156715 -4
67773261 14
37536634 3
17571571 2
77415345 17
21246252 -3
52264634 -4
66347147 3
57124465 17
66135577 17
23671752 2
32732647 3
63761712 2
47145356 2
36531424 -4
66467523 -1
51576445 4
21454763 12
71346632 3
44177625 17
16517245 -2
21625314 0
15445262 -3
13374166 0
43237413 -13
12566613 1
64717433 -5
71473511 4
13776151 17
71164157 5
73672532 3
46214276 4
34616215 6
56116137 7
35425574 -2
16625715 0
73552146 -2
62123133 0
74761212 0
52224735 17
47453675 12
32346667 4
31572236 17
33522176 1
65211233 -2
44532125 3
61664544 4
54161572 -2
65574213 12
13214522 4
32414475 -2
56123122 -1
77744362 -17
36735642 -4
16164413 17
77465372 3
11563175 0
72245157 2
47275416 17
16624675 4
41253667 6
73662315 -2
27176243 -1
35521763 3
22426117 -1
52335746 3
73143234 1
41133257 13
16735231 4
36651464 2
51673262 17
36154443 17
23476163 1
71445643 4
22455362 1
72176341 17
53373126 5
61454416 -1
35541322 -2
26717176 17
73133131 2
64522311 11
26412352 1
72657327 2
72561316 -2
76224745 9
54663237 4
36265374 -4
67463551 4
37513722 17
71764115 4
35264667 17
37146551 10
72417217 4
27122634 -2
52543331 5
22264265 4
11315713 16
34252737 0
52625711 11
24533561 3
42125546 4
65315733 10
51525147 17
75661742 -1
11743515 -4
36544215 4
22437526 3
67346435 12
36316614 10
47522555 0
25531737 7
33314466 17
31635521 17
41727471 17
31271443 3
14536361 3
35134157 17
47167563 4
67354562 1
17242472 -4
64537624 -8
31317221 1
54146353 4
22225462 -2
64613655 -4
71671347 17
72116764 3
12546273 2
31277563 -2
44637551 4
57771112 2
31641435 3
72347215 -2
54323624 2
65457462 3
17632133 -2
16322564 2
65261275 -3
21542653 12
36571271 1
43353147 14
52545122 17
32551766 17
35744477 0
21374331 17
46331512 0
32137276 -3
24555416 -4
42337361 17
12761344 0
51547165 -2
36431564 17
23426611 0
14323371 -2
37111243 0
46526734 2
43666311 -2
35152442 0
54666141 3
54336356 3
47245162 17
26113521 17
56357552 -3
14567146 4
15527373 -1
77512561 17
42475467 17
65763557 -3
12652715 -2
74373231 17
66261532 17
77525542 17
47715622 17
