4412575 2
4241374 -13
2376372 3
2614345 8
7627752 1
2115646 -2
2175243 -2
2165354 6
5115312 2
5163121 18
3764342 5
7414326 5
6711722 0
4533521 0
3611715 2
5743577 -3
1523451 4
7564577 3
7421343 5
6722764 1
6236344 -2
6556433 -4
4452513 -2
7377641 5
2437712 0
4712433 -4
1575725 3
7232171 3
5527554 0
3541636 2
5137716 -2
5743124 2
4354335 2
4735173 -11
2162564 -17
6213524 0
6664753 4
7631527 2
6571443 5
2716765 0
5461754 2
7223234 2
2152645 4
5561435 -4
7372453 0
7674334 3
3677753 -1
2651351 0
3144477 -4
3125276 0
2555146 4
2757132 3
5236514 0
4236334 2
6164157 -2
6744342 -17
3613724 4
7551361 -2
2261331 3
6147475 -6
6462115 1
1177144 0
1565433 -1
4743337 1
6563735 3
2716663 3
5727155 0
2717311 0
2624337 4
7571374 3
7424465 3
5435127 5
2471572 -2
6636717 3
1553613 -4
2142153 2
5177363 -3
3163147 4
7673125 3
5117417 -3
6376361 4
7116162 3
4254315 -2
2675112 -2
7521653 4
4422467 -1
5624621 4
5462117 4
1344431 3
3124174 0
7314342 6
2615712 -2
6614327 5
4312456 -2
2116316 1
6217771 0
6174173 3
3146752 2
2465416 -4
3166652 3
4536517 0
5743646 5
3472114 2
7677422 -2
6133556 -2
2163147 4
7244331 5
4274316 2
1621156 17
2176164 2
7246714 -4
7224226 17
2316743 18
7375325 18
6621621 2
2342312 2
2277455 0
1324621 3
3126474 -12
7521372 2
4176276 -3
2431617 5
2771767 -2
7737627 0
3124367 2
4121674 -2
4571311 2
5471577 2
2774463 18
3627416 -6
5434563 2
5726556 -3
2637325 -4
4426151 3
7265135 18
6634357 0
5471331 5
5547534 -1
4337461 2
2773114 3
5332416 -10
7626624 2
2645122 -4
4273521 0
2365545 -5
2752643 4
7637513 -3
5673745 0
2252261 -1
3727416 -1
4366457 1
1357113 -2
4122443 1
7374167 18
6513342 -2
2457223 4
7466454 -3
6241332 -2
1757241 0
5161464 -17
7176323 0
4416174 -2
7125353 3
5644136 4
7254116 4
3545252 18
6375223 2
7413616 2
2171164 0
4462646 -16
3273526 4
1162611 -2
5612431 2
6265144 18
5761626 -12
2412221 5
7642217 -2
2324533 -3
3755256 2
4125127 4
6437233 4
4511257 0
2617175 0
5267234 0
7413526 3
3311566 3
7672711 1
3262141 4
2474316 6
6653312 -2
3345725 0
4513241 5
1126676 -2
2271251 3
1267141 1
6515773 3
7414214 3
1732317 0
2655573 -2
7441356 0
7446516 -4
2664347 6
6754415 2
5441571 2
2536271 18
3133145 5
5552366 -1
4613426 -5
6416731 6
2277727 3
4652355 2
4645571 -12
7416347 6
5743472 0
3713465 2
7712564 3
2757414 -11
3716162 6
3614541 8
1722734 4
5125747 4
3465465 1
4145622 0
3347163 -3
6567133 -3
4715474 -11
5632676 -3
1531712 0
3265451 5
5123576 -3
2642245 5
4377317 -4
3765235 0
5446267 2
3617231 6
3777766 0
1573647 18
3523744 0
2512734 4
5424746 18
3766212 -2
6331652 -5
4666526 0
5367643 -2
5463752 13
3441546 4
2731561 -2
3126356 -3
3661471 -3
2464473 4
6716263 2
1413265 2
6224637 18
4733441 3
4544315 4
3261463 -12
2532766 -2
3411453 2
7351264 2
6421453 -2
3752146 2
1541436 -1
6345632 5
2127754 -3
4625133 -2
6335212 -4
3447233 -2
6351662 0
6154132 2
6347615 -2
2733142 5
4647234 -5
6152371 -2
7156226 2
2763763 2
4661441 4
7641126 -2
3241722 2
7157341 4
1653731 4
2763143 1
2431517 4
1417532 0
7633473 -3
4371277 -1
4764527 1
1263533 0
1746715 0
2422545 6
3415242 11
5262647 11
1641712 -2
2177167 3
7145672 4
5253375 -4
5612533 -4
5517261 2
6544321 6
6124237 2
2533514 2
3531722 -4
1355171 2
7517312 -2
3474536 13
2354714 0
2243124 2
3632355 -4
6257123 1
7477751 17
6163541 18
1271661 3
1344565 4
3631477 -2
7717254 -2
5147311 -17
7315622 18
2127416 -2
1317624 -1
7643412 -2
7244751 4
3521623 3
3523634 2
7674434 18
5733471 -17
7413453 18
3631231 2
5725724 2
7655421 4
1637542 2
6716145 5
6322317 2
5357217 2
3123531 5
5665647 2
7573266 18
5313311 3
4574757 3
3556246 18
5266152 -2
6453215 -3
7442567 1
2167526 -2
1511662 1
6521474 -2
3154656 4
6542466 -4
5524327 8
2463146 5
6451676 -3
3556242 18
4464757 6
1653521 2
7463254 -2
1336456 -4
6652264 -17
6537764 2
7314657 18
3411232 5
2361354 -4
6753777 2
4725317 2
6316415 1
6235111 3
6677453 4
3661351 -2
1412246 9
6156536 0
5261735 18
1756635 -4
6621525 -2
5721211 -2
5734374 0
3667314 -6
2755477 1
6214321 4
7524724 2
5355145 2
4176427 -4
1224747 4
3457652 4
3737426 -11
6344774 -4
1616137 3
3527121 2
3675264 0
7463372 3
1531242 2
7414752 11
5472137 2
3241466 -3
3374326 4
1747764 -2
2767313 0
7717565 0
4673723 0
1343322 -4
2711446 4
1156436 2
1327644 -2
7462651 18
3341152 4
3645451 -5
5224115 -2
7774215 4
7232731 5
3431662 4
1166643 5
5771264 -3
1762515 -4
4756341 2
6534377 -2
7733323 2
3225761 2
6477224 0
4655136 3
4156754 3
5253716 18
3224477 2
1726626 3
1435523 -1
6156575 -6
1261372 -4
7352465 -2
1655475 2
1613415 3
3514342 8
1621575 -4
6725751 2
1647534 2
1712144 2
7345142 8
1677153 -1
6135125 0
4427462 -5
1522654 1
7116472 0
2777535 -3
5725743 5
6645132 4
2725167 18
7161431 -4
1534243 8
3442575 0
4527643 4
6337757 -2
1366447 4
1264371 2
5642555 3
1657663 0
7664562 4
7721522 0
1456772 4
2161417 18
5643477 2
4224277 0
7647442 -2
7456265 2
2526377 18
3713773 0
5576212 2
6123753 -2
1442713 2
5726624 -4
3565637 3
4316364 2
5741271 -3
5673642 0
2475642 5
7551276 2
3451467 0
6242614 -5
4565136 5
7252131 2
5513564 2
2726746 18
3155435 -17
4423235 4
5336366 0
6224456 18
1751774 -4
1324254 18
6347143 5
2654133 -2
3263431 4
4324472 -3
2527276 -3
5773711 2
5136454 -5
3316521 9
3272446 4
