21617326226514771444344 10
75113362543533765252415 10
47726456277654735323164 10
46577562467432227346662 8
36475312411354211646523 10
67351642317776617334552 10
61553627355177347775422 -9
17363671173366471462454 -9
45124154221363516476165 -9
51371563663574647274513 10
61563356245124644616244 10
44417555252244713577645 8
77262115726161246255765 10
65234426541346621171572 10
64365254421375115422762 8
37377361462543126537346 10
75617222421161326453457 10
47676366472645611552744 4
54661234264712764353277 10
52252571165513633757421 -2
32572642275475533221565 2
54774176523562656541432 10
12614746671622145421441 -8
37776277561414376143424 -8
44167275712233352363173 10
37141127115445273325164 10
47351446561462727263273 10
47534773244347625734357 10
43675441663173771175417 2
23617246631121764172261 -9
35523113116427777765112 2
27175422322646355573546 10
36133675216772672425335 10
13425726654116731247331 -9
62343217447775642335115 0
27764264132272413435247 -9
35312317673536456216325 10
31536514554677574452332 -9
57147142624546257113147 -6
35562646242112632652414 10
13746636316377557257427 0
15236541213277643217134 2
31337676156127663624115 0
43432722163745625655526 10
36762125743543467155323 10
74263463473761415535471 10
61621177624145145727344 10
16723353322565313756425 10
72475634574327314445215 10
73453637412165266236161 -8
36522475165717317226327 10
34131675236357225424332 10
74371756121522557141474 10
13542563364617777116711 10
62321277562323511517132 10
26242151646634416215137 2
47257276431275251613574 10
56435527671447453523731 10
71527436723624342752116 10
46465473432524617176276 3
64254266344774421735721 10
57775423363333177255566 -3
63461114365514465125323 10
27147131564222425143323 10
73532753371271315124754 10
61475152466766552412526 -9
51232566722611561441632 9
63662265215555416143732 10
12345633263675211311243 10
27364675732727524145523 10
33361173317364444452161 10
16645614553124325635433 2
24426676143277512551437 10
73273467776633536453667 9
74324117714671162153444 10
12564415776336665514732 10
51637675223764154455666 9
26777423762372626763553 10
67776472331636763733641 4
34752473441634671126261 -2
13522642323141352616626 -4
37731443435575644172523 10
17347431622356775412536 10
56117211374762345467663 10
66742241616774623746274 -2
61134764633745762232236 10
66321761572457737465351 10
47452131653135735634127 10
37133371675534221512757 10
56731115225146773123523 10
22137755442652666746725 10
57741261142754373527626 10
24653614513354455133663 9
34174725531463743243614 10
12571623124353223645435 10
65333153714727772314367 -8
55514353226723717761321 10
13114156235335115657577 8
65752161757724621234313 10
24245626561544734743753 10
14443465517561242725514 10
34717116254773217133766 10
41435337356245616722367 -9
36677752162726645376321 -8
72451221546237653125723 -9
72554623521345665146631 10
52743641537674463335622 10
73625536344342643544362 10
24773625244561722337712 10
61264646137114651257424 4
41133673567512423266417 10
25212636424527713336275 10
11364312756736375151437 -4
63447555412731141646626 10
33351234753541772242557 -9
25536174452252632736312 2
42352245261761362656642 9
21731244314162436511272 -8
72677625541547671741516 10
66545727761342147134434 10
67335714754122264631717 10
47635134476575514273411 -7
77617565375346443442714 10
74316263362137766743611 4
13125366571226726774552 -7
32513657613217226144633 -9
77342322734135562247725 -8
31661665153333542256263 -9
61114314432773351324437 -9
41321665277454322631471 10
35276751335445524712727 10
24222137653742647521146 5
51243217242671533546136 10
52677314756166332422336 10
11221427126576773523577 10
11345723562275351257743 10
66315527357166553325136 0
26617172134417356641713 -9
53623553512111621731373 10
11567755755235141631263 10
77222422413555617362444 10
35633455472756253667211 10
25274366217263147717746 10
31755766633541173162371 10
24623126354176334433245 -9
67126641721143527563636 10
52634437514162425663156 10
16343364627456217663721 10
14774771227123154511554 10
21654772262661447133473 10
66137437255377111311422 6
44623274355147257151623 10
62577233162715337421356 10
76324552756331637736221 8
62527533275157337537162 -9
17424256476177253666313 -9
63174464476316177273325 10
35537361661654321411332 -9
41424433477512522175113 3
56116563163237421221215 -9
74736437467475221535436 10
26375677715163532125144 -9
46645613415277153523531 10
66272376576511347421636 1
71236147346565174232161 10
26435167547255342646271 4
52226266241254466175314 9
47254133253354751522756 10
77377365455764137254641 10
62153274753154714411165 -9
62461567571577335521146 2
22613416276126357367544 10
64564577737262174567641 -5
16173634661121325417247 10
65235263413272171136512 -8
36655166375212112766441 -6
32264261211175615453375 -9
76572552122774524523745 -4
34673264332766317634212 10
76514773143277144215736 10
72243354123731135647762 10
64162771666431356531452 10
76524755156447346651544 10
11433267531766115272156 10
53123143363412573224172 10
12473532242725355365146 6
43227651247761464741757 10
71642336623542177667424 10
45665522547744561142411 -9
32462414536147255644735 10
41211357737222157136661 10
52127176233252617765511 3
35251351531776761727667 10
11575263765634141514734 -1
62676674745431755542125 10
21652677376542445646432 10
36247664731124174457612 10
12732535637267463552655 10
77521346221661756133377 10
36557272172744614736133 10
36156251627567211347512 10
56534234111622672113433 9
66171142454557757355227 -9
37725731244665775353753 10
63257434162574234474635 10
34617771665777645465365 10
41363545537175175772211 4
65514475435623574657722 10
54266721477472113411651 9
11577764237622563715241 10
37357131632666172423721 -2
57147441664726441175226 3
41523337542644526423722 10
76635717327245635724536 10
55475414452563727726675 10
27623151731232516137226 10
74432767261112262675512 10
73454751215246267226757 10
61472136253762335316563 -9
43277111622674537762716 10
17533153126467241437461 10
17612435453777352722535 -9
34255376417616112117773 10
27326641627544274454213 3
22362371231614416437566 10
35426573172233372541132 10
76534332625667754263155 10
62371147137566736751225 -1
34122763545617223114116 10
67413615113244425134764 0
57523343271375274636371 9
17654446135313645757654 10
15623473215136245563167 10
43256444335336767475253 10
67233775116356727642253 10
65246437617756143267525 10
16251546224322716116667 -9
54513577731237231427636 9
56533431235321116211752 -8
31256226713267362423453 0
64774725364316177422464 10
55742661377733231413711 10
24156477325475472364223 10
61253214561545247476146 10
41621536141725326271655 10
45322265133467714455237 10
11775415325733466742353 10
55155225723477232267543 10
75364361224547553224537 -9
21644261675756164264234 -9
34127544155472442333526 10
62345335131166147651715 10
11531753456333135172457 -9
21414566666335224152276 10
21276511534667156315431 10
17153371751342264676336 -9
42776145116571521724555 -4
11443235172277314564766 10
55166221327437751124334 7
21256644544766255272112 10
13751531753312527566131 10
27172443644546436773126 10
27644556673276222214736 2
63261175367341342535422 10
43146716365672246511222 10
72447156615725561365445 0
33677564542726516171147 10
33761736165225172272357 10
46314343177661521331523 10
34221753311266426345751 10
64564234522241332717671 10
36161111446557527516644 10
75255277325766177323351 9
62156342716625464234567 -9
43323573353655145671471 -5
66611541141253716472437 3
16275425142274412326376 1
57316431131743232716454 10
54312162313275172376551 10
57444643513723372441665 10
24125336637111643666232 1
17541531623353232757651 10
12747217444172141351534 10
26522743312117624365727 -7
65755237327577732635321 3
64642356215612347237173 10
12575417443276214123772 -9
12452517446715732661711 10
41276671661566347777432 10
67671524151237224522716 10
63162454631174711652513 10
63451652222547125564762 10
43764456312566124667151 -9
75457437117217331546266 10
66156121466213632351377 10
61236226427765773637733 -4
76423137213453324427722 10
24774311752771271163551 0
41152662572656153451366 6
33647172217456223137736 10
33713447356416443746157 10
16724671272147256631351 -9
15734275337453455315146 10
42572513365772163532617 10
54774271325151227236151 -8
15751155424763431447135 10
54615733235667263367134 10
73217367255352157635613 8
63762717324271427515616 10
11233156156456672346716 9
66266563231735315145712 10
61167771146132227327762 8
73316233472274257735457 10
53612732265452172527341 10
61456612633351622372777 10
61244312765255635465152 10
16336352726421122245531 10
71322652353153265612742 10
65665134777663411417763 0
24624343554334576623621 9
47133771367373152665273 10
12634712567667522112572 0
42442567565665232662512 10
32166124541645611576726 10
72266577562133321277524 -9
65252142642531726654711 9
31176576173551533755426 -2
56671421751533732677623 10
42324735417155113315727 10
66477137417335163325231 9
35435145171666661261253 10
34761447661756752416747 10
65212312261156355736253 10
41133336176234745342245 -9
45116755733241444142255 10
15176112332556563752741 10
54125334264173477533374 -7
25763671423416217254411 10
13111523727255577562451 10
67561541574173251561613 -7
37327642365767257547636 10
13617361664626114772273 -7
16745357752632314242442 10
12412356176751217414224 -2
76121452142755256226343 10
22736475153654753334531 10
73522417153371715426142 10
15256417437166214553312 10
71125637132361142142326 -2
27753442375322722555576 -9
62423741153613215415625 10
45432341241172246177257 7
73116463445733772547114 10
74312566671317257727324 -1
61127461165524563247553 -9
34121621571525226123315 -7
27366616245173725714454 10
66432516465563243517617 10
75525616435465213675731 -9
51336411245634173116276 10
41777413555256662671514 -9
53652347725322213326366 10
74764716313355517442773 0
53133641224747244266315 -9
32365762637244344527374 10
76542214716437363272465 10
51273773123231555116715 10
46627537444471233324531 -7
43441772261321626246636 10
43415642566115642251621 10
75125361114755664546541 10
56471212662133667314371 10
76532131143253771323211 -9
25736447636426326422617 8
62617667732642674372254 -4
23623235454154364265532 0
75253447315234734111474 10
42275436263417145342214 10
14243522267527121175741 10
64744626474131523134172 10
67444212143533677771654 -9
23314667545337423345174 10
42612777461374534547624 9
11113713363513627546625 10
33726747371121321234217 -9
73651324677155543654277 10
13575372422214576375621 10
53173556541272253454127 10
22114441611362572615744 10
21174413656275777615226 10
15634164715556744421353 10
25552241166331561137212 -9
23334646532577526261275 10
14317744164733316532253 9
22322553611721665414564 -6
56145736147267231577415 10
27113456456534677212746 10
67442147662161426276752 10
32222171466334655323253 8
43346427122425337726711 10
45643535322332747156646 10
17553577544111544662246 9
54722264564664113162137 7
44247372145541124126526 10
45657253461527272177346 0
11547635467127344424721 10
61212774567555746336612 10
23532576743425647562625 10
47742131232557714573671 10
25365132734435575527713 10
45657663441536531341257 -9
23144356436471162616176 10
67322451733231411217125 10
71221336726122563515541 -9
34755663373761215413555 10
53752647216724451561533 10
44727561627411232777615 8
65754616154667547252671 -2
54675336226572355161573 -8
33337456557712157356727 9
34276246561412761245642 8
75244575546365672611736 9
41524635456754236774465 1
42624565561677343127273 10
76736141637337144452336 10
13716676372644353361114 -7
67717521123666536721427 10
45641266674226273444555 0
23224725456672455366673 10
35667663553424671376343 10
24175516665614263774323 10
62114531712747667343752 10
13655137376257723575211 10
66543373672226334746647 10
12346772673477365661252 10
31577312256163245516273 10
32112537645431237277335 -9
32266313566442376112354 10
51561534167713466236236 -8
67263111323265655471571 -9
75553353274446674534516 -9
11343535766774672373165 10
36631631356243742752432 -9
26134212513136766356652 0
62413417713674166325633 10
37711533736727213671154 2
77273431672445635466264 10
76511336461335115722654 -3
52152463175735761722715 10
34573361524115114225561 10
74323632232451354742124 10
61653447654711472373251 10
75346246712757122147462 10
75236121761732246177762 -1
23246365447117526752263 3
31663534615113557553712 -8
33263212611636545617445 10
54657512476217336122771 1
15317654573633561114722 10
13247712264466135335535 -9
21417726155314137133276 -9
45465472343312257547171 10
71232461656437245617433 10
21536125424112636743551 10
27513151772564226435657 10
17636745613247141115723 -9
13442265642736377313244 8
52176646642515776272457 10
55163713321755726377234 10
21531333776167243242422 10
24671166572671144642532 10
76214225566264547332151 10
34137212665267634775223 2
73663511644122352337624 -9
34243621737762212276414 10
72677256352572136776643 10
22516417241137117537526 10
32365256635726123342121 -9
33421166161625634416533 10
16157133521464375147165 -9
15163523716164367466314 10
23533175531364511374741 10
64247537562131532753116 10
71336452414537746741577 10
62352465562547253633127 10
61753246353171631121656 10
51356371243352573576627 10
74227132322712633136641 10
21154267763256374452541 10
23551416611154325462157 10
23567773532617657467315 -1
54452115346443517773232 10
16113355437536135115654 -2
45247213423751132325141 10
17562253663261355414237 9
22541673214426643453516 10
31213564535236377631526 10
66335533271425723641371 10
25224147114477123717232 10
71533764531426317721377 9
44754273552746662364356 -9
21221625654667627623731 -1
53556266475261653673712 -9
65461314647621751467511 10
63252543726454713475334 8
35247326776217734572315 10
74622431274322547714117 -2
77654461253744212247127 -3
45246541642136616717447 -1
36717464773621241747642 4
14211222517655336667532 10
13756564263264664755531 -1
37511367735251366335621 -9
11577712343123266773255 10
46761241757442342125473 7
44257777776314211166353 8
24245463761613175267764 10
71422243215373145151261 10
24474465226734535656216 7
27552452352341533344763 2
65114352366643327253242 10
13363175763541462266674 -9
34235715122644571152216 3
46263467777176314441273 10
63435131245366172711315 -8
65231213447632636627726 10
52411655311371155476524 5
21751167342221455644717 10
44616125667122523235162 10
65767636625512311167412 3
47613465336116614652517 -9
27542674531323661647474 10
53726764117425353112737 3
13151765615245653147337 -9
61426557166111531237726 10
21272475624346433521277 -9
45744115644646667725513 10
57352624123462563725552 9
23655312441156617627371 -9
36364521211762245152215 -9
61572567323572736776222 9
17354232156736222333554 -6
65155611153653331322223 -8
41342422462745533714331 -8
67675436567336146371425 10
17347331437152425433457 5
76556251464416333464332 10
56772565713613621131675 10
37342367654615614161433 10
77142563674524233554456 -9
31156475426514515764366 -7
31645344733674156331726 10
77252237266274674553467 -9
27662424746142573416564 3
77627771252666744424416 10
16577226646174471466321 9
56146431326266446135121 10
56357211173774173542155 -9
12554151374246641477422 -4
62233644164432733515773 9
64462357656322775431113 10
63135131536624673427231 -8
57661364534735543225372 10
61762546735521175255233 9
57747577424612227614312 10
62676723566414224216425 10
13647341246676375264746 10
77325347431774443617531 6
11672253221614766763424 0
14652266612211423573155 9
54365617446777765522664 0
22417245762344437532353 10
61453356531233543176626 -9
34375672221323251777766 8
31163665253372626446372 10
57345414413341337216112 10
33721232224216641113453 10
35613515747133665642143 10
74513711523435754753414 -9
67337254376376745442624 10
43755561543514427111563 9
72213365173577662136213 10
72757751546233314643147 -9
74774356475625631464141 5
15414763326435457656663 10
72112355764167611426537 -1
37716137616526722532756 10
47145756476463146653114 10
25166173273275322355424 10
46144222632466265153214 10
21247662373125146231157 -8
14157617427144745536262 10
75542735644614254673565 10
51547456754421231662172 -2
47114337237545643111467 10
63647623441113174562623 -2
23714627211352653655215 -2
25477557352451376236452 -9
65442166377745635317231 10
16433445664351457111243 10
53642136342245643646622 10
