47125 0
61755 -1
65732 2
36562 0
65725 2
77142 5
54632 2
62211 -2
63736 7
55147 6
21512 -2
73752 4
67547 4
65163 2
32322 0
75643 2
51376 -2
34641 5
73122 1
62657 3
24722 5
54712 3
22264 -4
22267 2
63117 1
63245 2
41526 -18
26563 0
33153 2
45163 -2
35114 -1
45153 2
63672 2
56266 0
14412 0
65416 -3
64167 5
66477 1
51737 3
61346 0
77252 2
24537 2
43571 3
46731 2
75346 2
45354 0
35712 3
42543 3
13111 3
11462 -3
15517 0
25313 2
25561 18
61331 3
63627 18
64464 -4
56456 0
27734 3
76467 1
11114 -1
71674 -3
46364 -7
43664 1
43217 2
73662 1
44567 3
24125 6
73451 4
13433 3
45321 2
54325 0
47353 -4
65364 4
37134 0
61721 3
56634 1
75445 4
17334 0
67354 2
75724 3
35134 0
46151 0
26353 -1
75475 0
14742 6
62232 18
53366 -3
13216 3
74172 5
13137 7
63176 2
16345 3
55515 -3
16667 3
66771 2
53276 3
75314 3
41464 -6
31661 2
53467 2
47373 -11
16714 0
44445 2
57513 -4
66476 2
56123 3
61661 0
72171 2
22266 3
64564 2
23172 3
12537 0
72433 -2
32556 2
42224 -5
33134 3
67653 -2
73162 3
62347 3
12121 1
71551 3
25646 0
14376 3
67146 -2
31572 -2
41316 -3
42721 2
34651 2
36156 -1
32617 -2
32713 1
74217 3
23523 1
71343 0
17353 -2
66123 2
35365 -3
15763 0
13146 4
73153 18
17135 0
34271 5
43441 4
77355 0
13546 3
47233 0
32476 -1
15745 18
23131 4
27244 -4
31474 -10
43777 -2
46244 -3
75713 0
31337 2
27735 3
45611 3
54566 1
24245 5
24674 -2
32113 0
32676 -3
51771 1
66532 2
31761 2
76161 4
74543 6
63347 18
45643 5
61136 -1
27161 3
35457 5
77252 2
64237 5
37727 2
37326 -1
54222 5
47555 -2
64252 -3
52644 0
71715 2
45235 -3
17376 -1
25642 -3
44211 5
62635 -2
61574 -2
23375 -2
12264 -2
56622 -2
47162 -3
11731 4
63356 -4
47723 1
27352 -2
54534 2
27613 0
64176 -2
56712 0
26362 -4
