24463136772 -11
25561743526 -8
74246733273 5
75267162114 2
66352112637 4
17614167532 0
16541726255 5
73373276251 16
45134715625 -3
17147331543 0
53433275742 12
51553234445 -4
61535362214 -11
13365164543 2
31322554332 -5
55541625326 4
65516233157 2
54324675527 -3
71726555317 -1
54556425147 16
45714133231 5
32661245736 15
64155774232 5
17467753425 -11
51766774371 2
23566123512 -8
33557157746 5
47673167361 16
63732773452 16
11732564736 12
71333376153 5
32275746431 2
53746543647 13
16575213733 -3
44171426637 5
24275345636 1
56475613174 13
56423674127 15
11665516436 6
45143155621 13
31766617773 2
12621435634 4
42241677443 3
55161737464 -11
52346673372 3
73312644521 6
61717236663 -3
14733651274 -9
64435552177 -2
43461234263 -15
73561353264 16
51432332745 16
24413464566 5
54615151172 -5
36442426754 5
35655722132 -3
22764123427 -2
21712344617 16
22172754676 16
25327337514 0
16746421455 16
77655121363 -4
12151446344 16
43127354217 0
37571235425 -1
15751547272 16
65651524372 16
55377736516 -3
21635577241 11
76772425663 2
72333744655 4
52773546153 13
64352245217 0
12613344616 16
62626541425 16
36332277621 2
17614513522 -10
15754144432 0
17471342662 -11
27216711341 3
36643176763 3
73715226447 -2
37665231371 -15
32173413761 16
12215246616 -3
12617524724 16
33325616342 7
13643667252 0
55116163672 1
52761774631 -2
21626674234 -4
37755452351 16
12137575465 -2
13415377734 16
64644725756 -5
37122525236 1
43115635365 -4
77636145365 -5
67256233541 11
13212231415 16
61172742764 0
45654711762 -3
54327426641 16
37632516747 12
46214663273 -12
21255546477 1
57577112636 16
37545637461 13
11555126126 0
53565315435 16
36172174162 16
61641535574 -6
35244341271 16
53752116535 3
54164244175 -3
42271216554 2
45336463426 2
43621573246 6
21735735241 3
14152754571 16
11611552312 -4
47322345462 -4
54217571337 5
23364747423 -11
16214714133 -3
52773452346 2
65561153765 -1
33412115372 -3
51335476151 5
23136636173 4
46323655573 -3
64737631517 16
46724435151 9
47531624651 5
77756266167 4
21137546127 0
16173241733 3
71745166345 5
24113574614 14
47166541647 -13
53731274616 12
53127453241 13
56261674434 16
32572536461 12
65576743351 -4
21716135356 16
64236651372 -2
62637126375 16
12117223452 -2
42756346576 -4
14755637742 3
43263523556 4
56316457477 -13
43647136377 -1
16425774147 5
12142435526 6
41233411576 4
41451732177 -5
26224571145 4
21443513622 16
65757225632 16
33714625772 2
21664371652 1
32741164576 10
77456417346 6
66472556126 -1
13236524631 16
71541746354 -2
47263115525 -5
17346547562 2
55266243117 5
47351356436 -15
65223744337 7
32156315445 16
17627262153 16
77745141662 1
41152412456 12
34357112613 -11
31174437742 5
47254173416 -11
14514421716 16
27636362153 3
43165321416 5
42642666347 4
73511425272 -2
27134627624 -2
13557677572 3
41574514472 -3
72712622535 16
11357322262 -3
62472646271 -4
13746174615 11
52261715422 3
77215153421 -10
63411772434 -9
52174722774 -11
35523564145 13
62742652743 13
21611125567 2
22716371276 2
22731636615 2
57514273223 -4
22476316155 2
54612332126 2
71637135356 -2
51636273772 16
73546711544 -2
73636427536 16
52126367577 -1
47215653431 0
54317273145 6
55113256634 12
66674435722 12
51231264456 0
46363445365 16
43212546717 -9
13614517232 2
71364467547 4
52317231445 -4
57116653612 2
17562375625 4
55415754125 -2
72442717162 -2
35544221472 16
51637117736 3
46514271465 -11
54657236161 15
22447566145 7
26345127632 -2
74227354354 -3
17566372214 -3
35437144276 5
42373156573 -14
14243327463 16
75144274542 16
47765647176 0
73134642463 -5
76762353571 3
46555372716 -4
76756441673 -14
67562437553 11
13226537341 -2
64465213271 -11
72522457616 16
17632653325 3
63215157475 -9
16475675516 -2
72472626437 -5
75222537516 3
65312424363 -12
33614516765 5
36144665757 -3
12236175674 -2
77564443721 2
47212465731 3
73567247613 -3
55647161236 -4
62215143666 -3
77533336112 1
66342215731 12
14171232726 16
64727621512 16
72527345457 -15
75413642663 -11
26516213375 -4
13253277175 2
76412123113 2
77642423512 -3
36151725265 16
66524664535 -15
47364643115 -15
61522467333 -2
25162752445 -4
32676726473 16
37236145715 8
15752757216 3
31431536237 14
35435121346 16
24537331267 -2
44635124371 10
65423533477 5
67725613657 3
71315321622 16
25166553655 16
75152552116 5
74262433525 5
63215174725 8
71112131643 16
74212534525 2
22214473757 2
13273615172 16
56674563632 0
31452627343 -12
21237561142 -2
66223565447 16
14642612355 5
27553411164 3
33433213575 0
14534466323 0
66227414621 6
63163754136 1
31521141534 -10
45216546733 0
15371176774 -2
76115531363 -3
72375411673 0
74124114546 5
34412264216 -2
77571132247 0
13365657742 -1
12312112165 2
17114436373 -15
13456156473 1
32653643436 2
47174214366 4
31324637626 -10
63226275447 14
52272243257 1
14336416777 9
33674544212 4
45276116727 2
57213571242 -2
71762475151 16
15632757622 3
26666534251 16
24464213763 16
32245211775 -3
77161355114 6
41524123577 -12
23614575476 0
45674471146 4
36413256345 -2
71112717417 -5
26172544521 -2
43235152723 -10
56615677424 -4
12346772463 1
16255337212 16
16675435242 3
11775566147 16
32254612716 0
53547247136 6
34275361166 2
45673776651 16
25731644714 4
36256334117 -2
45747723752 11
62736313117 16
57765633643 2
72413745526 1
52313562276 -8
55712124331 4
54361247662 -11
56213567176 -10
47731542573 -12
31735335676 2
23143372615 2
61321674746 4
71341624644 4
27137727347 2
17735412166 -4
32613767745 -3
74552454211 16
34414265736 -5
26243274334 3
54677213236 -2
11351726532 16
33275757163 16
43374662342 2
71563321743 13
26516227472 -9
21726557457 3
75211253317 2
76123134675 -2
41241325737 5
54545761627 16
34767551361 -2
75733512636 16
31673754717 0
43761246447 -3
72234451175 -7
11414617345 2
56421723451 -12
16477425176 -2
11377452612 3
23544173125 13
41273511275 -4
55646133454 1
22571757433 16
61337247152 2
16477537364 -14
63475116332 5
67122436614 -4
14624653513 -12
15741166177 3
66132224527 9
65527254274 16
76426275152 10
47626145722 -8
25711347223 3
52641534662 12
52131361525 -4
31621537572 -5
12663721471 -4
45627116235 -3
61624357577 -5
12654616173 2
31446522322 8
54374415726 13
64427744642 15
47453227455 -11
15164277356 4
51635563543 16
57521316321 -4
44725176553 4
21176255236 4
35226575614 16
46334173641 10
43262377561 10
61773251266 -2
63572442245 0
52152464555 6
13336132463 -2
37537752276 -10
14611227542 5
54127524666 16
56732462711 3
13262552174 -2
15764457441 -2
35321741442 -14
11426623516 -3
41436664762 0
21375526621 -10
34622112247 5
56152766121 2
41227761131 -4
76412726376 -4
25641235755 13
55167327362 5
47527163216 -2
63257247663 0
26576423135 -2
41357427157 12
21225516475 -2
54342377314 15
77175356216 2
12431311723 3
43357156524 -15
