543217531 0
411754631 6
653314325 -1
227456353 4
632462141 7
567126274 -4
627575537 17
275613441 7
756671173 3
713252155 11
535174175 17
157462425 17
576523152 3
121362314 0
512332626 2
776731531 1
145625731 11
517174423 3
432672422 -4
422336326 -4
543374544 6
774323212 -2
455676127 0
142153452 -1
651574151 17
262472755 17
426127611 -4
232266536 10
661261756 8
267534417 0
173216112 3
765271123 4
746432515 5
574327575 17
473161651 -3
156112564 4
425646171 2
543621472 -4
475212563 2
523271537 4
324561665 0
275144412 -11
465232444 2
424373676 -4
252464173 11
617542324 2
412263576 5
214263157 3
173362723 4
651721241 3
431357147 10
521714632 -2
375272744 2
313332615 -13
521327445 4
343615245 17
732232754 9
533546545 4
167446625 -3
646432752 0
513674754 6
147574131 17
165361565 -4
731717414 -4
343473666 10
456266461 -1
314253262 2
536476521 -1
245626323 2
353112241 -2
422211447 -2
374672765 4
663425353 -11
714752417 -5
435275215 -5
232117773 0
262661177 -2
722637345 0
447642576 0
731761123 -2
741242367 2
375641317 -10
241773165 2
777336274 3
645722731 5
762756346 2
475123473 -11
531756546 -15
121445356 2
413655474 -16
274234324 -16
243726314 17
773563514 1
741121434 0
217443342 1
471752717 -1
627462454 17
526164327 6
471151235 2
557744762 17
332771431 5
747377612 5
461462164 2
432765126 4
357456765 -3
157264665 17
776427626 -3
364443713 0
463167167 0
416517721 0
453224231 3
274157142 -5
661112631 5
466143747 5
462536564 17
724127547 -2
552616123 3
766325431 6
566725333 -3
757226452 -2
336227661 -1
542241331 5
333655414 -13
552674331 16
246652421 4
153357251 4
153126555 3
725332412 -11
457722356 1
517571246 5
764366342 5
417365416 -5
462413162 6
153117163 17
313121572 17
172233117 4
247367445 4
774147317 -10
372422365 0
675262775 -13
647327113 3
237642145 16
136111457 1
623476652 4
237363526 17
151771447 0
314327767 -10
245562375 3
731535157 17
621245753 11
652135312 2
336225573 -4
253755352 -10
362572151 2
733411347 16
213577654 6
645513472 0
161153442 7
227411346 17
517724361 2
177765163 2
713441456 -5
253151252 -2
756443577 17
214316533 0
764142376 -3
646273173 17
756754546 -4
646231234 2
214763322 2
241176137 17
435152161 -3
433313653 4
653125732 5
161453152 -2
235344737 17
654267552 0
754244536 1
142476355 5
322357155 2
235721276 -4
312454537 4
715115327 3
523252357 17
153216153 -2
616346671 -1
117746757 0
236517113 -2
231635424 1
323516461 0
151523315 -2
626724741 5
222554463 17
256437236 0
175466171 2
236126641 3
547262662 5
247146654 17
722476473 -4
521777232 -4
721242362 3
437613351 0
145751273 -3
457166576 0
477333132 4
137472642 17
516176675 -4
563264521 2
336274621 13
626744123 4
645125712 5
171372215 1
636135752 2
223153517 4
755563711 2
215716335 -3
541476137 10
574617427 -1
764211665 2
252573264 -2
723155245 2
457731344 -2
561526636 3
721641775 3
323452717 6
662353415 -4
117763262 -3
712664674 -3
421134416 -4
435253253 -2
555572134 -1
557136661 4
164143212 -5
673566415 0
312771411 -4
663465663 -2
424662672 -5
236446427 -3
356561316 -9
127176236 -1
525447217 17
547631753 0
436471431 -3
641746562 2
777563635 3
351446416 17
525132762 2
623316535 -3
663742164 -10
257271365 3
514224427 -2
664242333 -13
735657276 -3
561531357 4
615662743 2
135464572 6
441757265 -4
641226535 -3
457321144 -1
335131551 3
456553447 4
141566574 4
377237746 0
552421142 -3
177134741 10
471472166 3
271426413 17
753562332 4
327475224 -5
321615561 0
177233741 10
743312663 4
645272647 15
741315736 17
352371747 0
742573656 6
213755341 2
177364614 -2
271311633 3
427137567 2
323413764 -3
452323515 -4
452566575 2
654377426 -3
426716672 2
331471565 4
472371112 -1
555213347 0
355732175 -3
175614214 -1
365462751 4
551132317 2
466276572 -2
636421375 -3
672546723 2
157636543 0
645271226 17
377746217 -5
251343566 3
147651371 5
733627627 1
653716656 3
424531547 4
144537113 17
123462264 1
165343435 17
547231752 3
371533255 3
162343257 2
167657617 3
116431633 13
776721756 2
554761211 0
752153745 17
327721423 -2
541247234 -14
265113546 -2
543671677 1
721355171 0
114237433 0
771463245 13
165747272 17
157121724 -2
376655637 2
341616527 5
227267734 -1
574636444 1
236661773 -3
547342664 17
717641533 -2
515122634 -10
444622635 14
211357717 0
337273774 8
556315475 8
675764142 6
431675143 4
172443216 -3
712461453 0
517311351 3
526226575 -6
526523155 1
751657221 -1
313672666 1
435244755 0
716724341 6
776165316 -8
635367417 -2
325165633 -3
225333771 2
272352763 0
256361352 -2
535741256 4
735212632 2
531674346 4
475465142 13
737576431 1
647453556 14
112532175 3
136257423 0
256537126 2
371664436 17
515337225 -5
274167153 3
367452256 3
371453655 14
135152661 -2
753614524 -9
536356512 -4
335216372 2
175511532 3
151643277 3
416355565 -4
214273725 2
513147475 -16
654761423 -5
642121177 3
174373224 2
142635542 17
226171544 0
222464413 14
437477514 -4
461412256 1
524623275 -6
177515272 9
122372525 2
363355521 4
326276515 -2
241776473 17
125265647 5
523465362 4
417253277 -8
574375473 2
355547445 5
542274713 16
625513277 3
476755254 1
512174641 5
752231417 11
313454472 1
113367326 1
146257763 2
714545613 1
523342172 2
326444647 4
724612265 4
432715163 -3
313241541 -3
117327543 -1
572561641 4
375637542 -4
675637155 0
542336645 2
476332235 2
523154716 0
231365151 4
145261744 4
553514712 6
345173477 4
424115645 4
321137763 -3
767542376 -1
464144565 2
246113564 0
414356145 4
126552726 17
454331531 0
445737523 -4
734122347 6
232432477 0
161375734 3
274442614 -3
242166114 -4
351543634 4
617514223 5
176361772 2
733626145 2
154172542 4
163372445 16
464732461 -6
662361315 -2
644122336 3
444227373 -2
647132643 4
163426716 5
563664116 3
345171512 17
172653341 -2
745134233 16
277642557 0
742755514 0
575272465 -13
152431245 4
314225576 -4
564774463 -3
725322724 -5
353124547 3
665375621 -2
254713641 11
654414672 5
474622525 -15
663265753 3
414116316 -7
474465414 -4
237336575 -2
435112563 -4
773132666 -3
475573257 4
713143555 -16
631115177 4
165326641 2
227411253 9
274517276 17
632721425 3
161525576 17
475655634 -16
