6634375226717274 13
3367661267273236 2
2163743665722223 0
2776453456326123 5
5513371763724665 -2
4113261244555752 3
5214634625276451 4
7432457766577214 -4
5275252471143562 -12
7123542663736517 -3
2362212334326555 11
1734223421225527 11
4715135751213127 13
1533744376275611 -2
3312342275111752 2
1431551751735675 -2
5524315335773752 4
6457641137224762 13
3374765742216161 13
2275421663261445 1
5353662142233611 13
3674557622122774 -11
4736466624256457 13
5526645175464456 2
7437711371352362 -1
3625736117577121 8
1536324167125775 13
7331235532367734 -2
7647625311354124 12
7642145213744556 -11
3672753326541116 13
3663634641241121 13
4756546125172542 13
6543117535243162 -2
3647361445127317 13
5476225431327225 -2
5314211155676536 13
6525336267572171 13
5317642255431111 -1
6335262573611745 13
5661447755127756 0
1452476564425666 13
7444771553733143 -13
5345426776635214 1
3345726626131575 -13
2567665743127126 10
3354167753437735 -4
6467411743717346 13
2427136651124576 -4
5774232666373761 10
4446567274721211 13
7433656673462131 13
7354564424147741 13
4345152162476274 10
7553253276375515 8
1462775364671346 9
4245773731655426 13
1513646127252363 13
3456457141675257 13
4126143731314145 13
6771254776332662 2
6461657476361235 11
5762547346574417 13
2731656255231112 1
6572376667543613 13
6165135532555722 -2
6765142265435135 13
1513721657435145 4
1211516676751663 13
2565537226332773 -3
1525676251662334 2
4566721355633273 -8
3653351521157443 -13
1573464644163341 8
4772113652667777 6
7134457737451771 10
7567336472357436 -2
5235712732711242 13
6524314272622334 3
5314347152754441 2
7414727245355452 13
3577223143254576 -12
1571331277123442 3
3752452113773153 13
4256267371244215 3
6446761115477661 7
5312511176267653 13
1544463531457461 13
5262743512224317 13
1537661613765173 -9
7517642667257215 -13
3663567437623764 -10
5514765711147245 12
4162751557516643 10
1433333131176171 4
2573631117542555 10
1277125554711454 -11
1145125673366375 4
5717343571233211 -2
1256375514352377 13
5461452352645612 3
5777724655152677 13
2573743372475464 13
3244426364613644 13
6671336632632121 -2
3563253677255442 1
7617222672225165 -2
1421273114243737 13
1477363547731556 0
4114711137173624 13
7464157647426214 -2
7625565667716277 9
6344762336132273 13
4754321456341172 -12
7366354735551211 11
7334655554162465 -13
7551454521546156 -6
3514733312177126 10
1571774246321741 13
6312463614421653 13
4637621527363657 13
4677754161275412 3
2345621372432765 -12
3546647115347315 -13
2363517113565115 13
3243411647132755 13
5243413165676316 2
1721633532356415 13
4253644231361144 13
1651551247315351 3
5723255227275113 -3
5475735175655437 -4
4766242324435211 13
2516522552247131 3
6121311226362412 12
4617572273352234 4
6374713744515673 -11
4755411767547151 13
6717324134277361 13
5553553477762233 3
4346366531155117 13
3663363451256522 2
2657344227714647 13
3723316343355275 -2
5671247265623737 10
5566673524723237 13
1546125532325124 0
4766434455175744 6
5233263637724742 10
1613634566626375 -12
5774273511525412 -5
2752572134162243 13
7714574266245144 12
1571575767466145 9
6555516356637645 3
6263415344323447 12
4475541167224572 13
3231544343724231 13
1275224542277765 -2
1343212615755573 -3
6524341612742363 -13
1141256266164222 13
6666464734454133 5
4514553716665533 13
5773122752462643 13
6126562327324345 13
3666173142737666 -1
7253725531412321 13
1124331561413421 13
5272254343344256 13
7655532717757317 -3
4765367253616137 13
7627463475544664 13
1212113371247123 4
3674316164252323 13
5313426655343665 13
7535116561144271 -2
1442677333545311 13
4277126636712735 7
1115411242322261 10
4265716514164757 13
2645533673575747 13
6575564157167217 4
3111325143161726 13
2143275163457455 -1
4216573655423455 -12
2715514772775427 13
4315552516313315 2
5261637321522265 13
6562764711727155 -2
2572445571512371 13
5464644116353774 -2
2635123275772331 13
2471427716476646 13
1667753562221617 13
1316711372474674 -3
6715314442161227 13
6542261672613525 -12
3475362752352572 13
3552577262465624 13
2614514456217215 11
4443754324323114 11
5221213744245377 13
6275511611353517 4
5375262415646251 10
4511117611752464 13
2774635547125634 0
4435333631215354 4
1424674747657115 4
3226624654445333 -4
3136733665116167 13
1734763212765566 3
2566366411354563 -13
7572672511576223 0
6142152563557456 4
4174474534261761 10
4177643473757554 13
6254267367423232 13
7731567655645775 2
6453331731474555 4
6617721312214226 -1
2176663725541512 -1
1155122355517112 1
3467322222134266 13
3415263463636173 13
7173162745136774 -2
5435547432114534 13
3633515444133212 13
5362746612671732 -12
3435333511647775 -13
4146262215513247 13
5153464212651347 13
1466322423671334 -3
3524452633437153 13
3247312246616646 13
3465114121341772 0
4257417575513337 13
2313115566221237 -4
6743732257125171 12
2623114216277435 2
2762154475226141 13
4775612277256737 4
7136671332516165 13
5236437117364266 11
5224653114722625 -13
4656151144766564 -11
6135656654775215 11
7751623234226363 13
5462157536752316 -13
6647133471522237 11
3162213452213473 -12
1713745277661425 13
5213655353314162 13
4216222362215555 3
5277765266375241 13
7431137312724442 13
7721747373324646 13
2773432162754737 11
1425531466517731 12
1467533126425537 12
3662244473566761 2
2664434453477211 13
7716232557335567 -13
7555335516122644 -1
5323424377227775 13
7313723132242773 -13
6371153541563645 11
3364443333611647 11
2114275362617712 12
7621776231654345 12
5237215146242574 13
2112324445455535 8
4142276136426471 13
7275143515733611 13
1156665524323526 13
6775523214717241 13
5514327457676423 13
1356645441455226 11
4374751423545644 2
1751357732554142 13
1644512213334173 -2
6631342547576571 13
5252676216654324 1
6773264366375273 13
2434436567444632 11
6566467467462371 4
2142542352165426 13
2744624411167171 13
3362246121766664 2
6734722444122446 -4
1562137546433537 3
1353116444677445 -2
4633555537463613 13
3133515276222747 13
1632662367765235 -1
6526436111223412 -8
3353644575424633 13
6767667636253137 13
6335454447273464 12
7171167311212547 12
5155711424222513 -2
4436637337254154 -2
5112336433723345 11
5533353617517231 13
2725335434176321 13
1512712437234674 10
7512114477252532 -10
5533367226511447 12
3226616224575767 13
1576262517176226 13
3173223413466316 10
5761461323162734 -12
1573127342113175 13
5271372643547673 13
4224347324156222 -13
2436114732563753 11
1241256255713143 -12
4157321174374635 13
2453124437512475 -4
4275114526225362 6
2552312673672344 -2
2343273637714515 11
6744133442731136 -5
5644541121716643 13
6511234132611666 9
3217525511521516 -2
2475436546153314 13
6116451341321534 13
6572761126761551 13
2314655272135561 -11
7323652336142243 0
2463627631277672 3
7322671754573565 13
2224251772657277 2
2156115315136361 -3
5662525536561453 -6
7257325454462125 11
3177421152212355 13
3166616234334742 9
7664123647145322 12
2135234673464423 13
4344271555246774 13
6345175457741612 13
5426557422362351 -3
5713614326172641 11
3121772237311551 13
3461525552216576 12
4416663744727142 -2
6343343331554112 13
2743372276131621 13
6325722314331752 3
2424113272264574 -6
7166452641476565 13
1363415227113775 11
1776472552542643 12
2371714647631517 13
1464547177233677 -4
4222261121372545 4
5352633726473262 10
2741164523441766 13
3433672567532433 -4
7113453766155153 4
6321612143162571 13
6341456467464643 5
7622135177133731 -3
4541741212455567 13
7137433141173343 13
7116464254576547 13
4513372375734154 -8
4231713622447327 -3
4426565417462742 13
7616557352166151 3
6626423761262731 13
5647577147152724 13
5225416773334643 13
2357461115622715 13
7711561334432253 13
4135726257475167 13
6742357662214431 8
4113573276532257 13
4272477652373747 13
3544224565364744 13
1334247145127573 13
1332231256525132 13
2563517432176337 13
2215514247761222 13
1561255221166467 8
4142426773577457 13
4614153543127164 -3
2544726233644324 13
1566432245156176 0
2664664737735743 8
3464573611116317 -2
2656711431451447 -2
2426364535321161 13
5116121724374123 12
5361316277555777 13
2345314527615231 4
6236526351737444 -12
3676644335767543 13
7574331633156164 -3
5231215555367652 4
6157232561755467 13
3174157267227727 5
3771525623112123 13
1372531632335725 10
1541634455451437 13
7716212223732777 -2
1735663267737632 2
2414734115527522 -13
2215563625223271 13
2126563372716563 13
3475375353244126 13
7276616121743545 13
6621172627316271 7
7615271573374122 13
1651452246725767 13
1366642176737162 13
2235242156311377 9
4731567774367364 13
4157467742765631 13
7147225543353737 13
1622176637216473 -12
1154266477351542 -2
5521751723477655 12
2426333347375525 13
7474471746433453 4
7171751711514266 3
5371547617415645 6
3571441661524746 13
2622411165652257 11
1716356553277327 13
6663444533271313 -4
6333742427266447 13
7232531716162423 13
4242635664656777 13
6742247342554127 3
1617111754124367 2
4675142175231636 -11
7165472317445142 12
7257133367533236 13
2654371511255777 12
3741166331643714 8
5246461537122442 -2
3632457353511732 10
6723331641236536 0
5513152242176721 -5
1154514165241526 9
1572314731376565 13
3614553333534675 4
6547324613431376 13
2654547633245176 13
1156724261322451 -13
5313216127137434 -2
5614726756634333 9
6561361241726533 -2
1355321544525416 13
3536217121564233 13
2334516675355247 13
2672353137714746 13
5734154635475772 11
3546277665643337 13
6712223652775177 13
7446273224413631 13
4361541517213751 1
7622144155215655 10
4455525714732655 0
5531136431264732 4
2574765445743774 -3
7333236311552765 13
7754514337333536 13
5517145762422234 -2
6531621715224616 13
3777315467441266 13
5514726451765255 -3
7273261461365336 -2
7732263561653357 11
5346146745216361 13
1226632221667747 5
6661771153646451 13
3612431117315241 9
7361621345416457 13
2214577652754132 13
7143117654222557 11
7533344156535371 13
1462353252557341 13
5463361637613171 13
3732413414266776 13
3737616553224734 13
3636466451415516 13
6136377241767126 13
4652622145777131 10
5235121552632674 -2
5214236735223434 13
7536641254333777 1
7317444622436447 -5
1615257153432722 10
4322374345226125 13
6123112657534175 -2
4663116516163245 9
1453574137543716 13
7625177764276474 -13
3412576243343765 3
7252666755523735 13
4271423355234616 13
3326476117217236 13
7437752423276764 13
1747716521241316 2
1422436721237272 10
2743672262436256 -5
3662451123145147 12
1743734661314332 13
2116417715537251 10
1417431733654756 13
7271517726216665 -13
7466452273245345 1
7155361757731661 0
3236732165127422 13
3245331616317747 13
4531357711672772 2
4754311242777755 13
3367116456321761 2
2113357277665126 2
2356527266662316 -2
3146757652625137 13
6667142161577667 2
4176277557665773 11
4741536114417267 13
1362556624445627 11
5315725774611272 -12
2212664444665411 13
2763113336237414 -2
1455753625123314 13
7132134271145654 -3
6323647142533472 13
4223744524657447 2
7654516161241577 4
2313243623747255 -13
5635625145511674 -2
6653546542222452 13
3256534621512175 1
2415175275217717 -5
5362274371572153 13
1657652172347675 13
7112322164732344 -4
2465612421613455 13
2141562451151273 -2
5663635552177645 13
7111622245144143 3
1237537511454731 13
5372331354375237 13
3526454363342763 13
6526251271765374 13
7254612557571466 -13
1675245533715543 13
3441132415713624 -2
2577136147334262 13
3443667377663444 -4
5345414261176372 13
2157241341661745 13
5446174635143326 13
5275567516674455 -3
7653133422426141 13
2764623452475167 13
3554217677235313 -2
5722533735522467 13
3715377564644715 -13
3721672254635243 10
1333762312341157 -2
4644142747551156 13
1732513132527376 3
7212174673563533 -13
2466765411773142 -10
5545542174114541 13
5442364335637232 13
5425356327447745 0
2114126465563674 -5
2353247746516171 0
2515251347675151 12
5311316313567322 13
6461432734267776 13
6762661437547277 -5
3766453115524345 13
3372463462335753 11
6436473161525566 13
1666322464576532 -2
4767574476414577 13
7516175277315741 9
7145264224316112 13
7762612736576353 13
4652412362542154 13
2776573475677526 -2
6765232177777656 4
5224413421675123 13
6146142541746665 -12
4744567731431573 13
6326171714467545 13
7357267223332652 11
4277552572371642 -2
4276576541215265 12
2662337571137224 13
1327167345462563 -11
1325473351527754 13
2223654325752752 -2
7236446664131626 2
3472653456271735 13
3112157714427164 -2
4115317517313332 12
7733224664636335 13
5331351351576374 4
5572722733532737 -10
6614145342461171 -10
3763644442733263 13
4412532713723674 13
5231137723511411 2
7325336762137156 -2
3677127152625151 13
7217747453656571 13
6436417123215372 -13
2757341346756275 -2
2331313517176652 13
3551351341667136 4
7642424415764532 0
3171734757135372 13
2417456453661773 -2
2413511166672247 10
1122764775724645 13
1441613276247766 2
5662464367533525 13
7122233351341457 7
3275234574567127 10
2122762572475376 13
2744422333462634 -2
1633764245211732 5
6147736576662217 3
5623461364671254 2
6577227431133733 4
2617117622173755 13
2572232154625743 12
5246172175642632 3
3733172764416474 0
4761611766236123 3
2642265325576144 4
6551236514155333 1
2142411622747647 4
2365144166256423 13
5754154227642314 13
3753175774132555 -4
5472461445331573 -13
2145553242353516 13
1642124773765511 3
4132313356455157 -13
6764356171751572 13
4565413327336642 13
2173324336727125 13
2555723631374623 7
4256734366332471 13
6514377142236113 13
5545566164447237 -2
2737173661145541 -2
4514773441476631 13
3412514525762124 13
7244261714721241 5
7466334771516114 0
7325726254471312 13
4565317213573434 -13
5157773413142462 -3
2647137421135267 0
5476174442517757 13
6537527671135774 2
3274465342521556 11
4423672711556322 10
4651423576461724 13
2276244734351777 0
6743165125447416 -4
1563664222665761 12
3373536633755751 13
6726313361174163 13
3752467723232655 13
6645321255115765 -2
1367142771471221 2
1316313243657363 12
2537645746636146 13
6326653432463151 13
2576544575423123 13
7652646523437623 -13
7626547347471352 11
2153477347766247 13
5445662133356414 -11
6113324566763255 13
5173461444442152 2
3655757377564532 0
5535475751774111 13
2653133645553156 -13
2645716275552576 13
1421633336216257 12
4265244212537416 -2
3433442357631626 13
5313366724564757 13
4353542727733512 4
5147115641347233 13
3726455561223215 13
4514576716615654 13
1232614346617742 13
7421134346733334 -13
5744267124166362 -10
7551626632315133 0
1775536646154673 -12
2574553134337111 3
3335723521476342 10
2354471142713164 4
1471766344216736 -2
1136642675512312 0
5325127136377437 13
6345163341473675 13
7242764625452153 13
3362263334554427 13
2273764551474175 13
4746122317256777 13
1775562571134156 12
1176233454162613 -11
6724436262441417 13
2357136547246523 13
6223266645767411 -2
5766536131334322 8
7146511454436511 -8
6354446332124311 4
7546566173337666 13
4355777326242142 -2
4335745635534173 13
7666141476575161 2
7236656317667325 10
4571254644377254 12
5347665623577735 7
6142143476631122 13
7576745261356352 13
5173542135736213 2
1373255511563333 -1
7426766411355357 1
6513367772536266 7
3276333635654444 -11
1447266652175176 6
4456227442144177 13
4252727514575425 13
3124532553364225 4
2236176537162275 13
2663723217472235 10
2644711255124274 13
6266236261575177 -2
5752553263576657 13
7154763145631734 -12
7617543414411277 -2
3764473722752541 12
3172227334562443 1
7667357646555554 0
3665734651515233 13
7614615551345271 -12
4654161347653322 0
4612567467141751 13
1557417676473317 13
5321476454731531 -2
3535641717235234 -11
1356234475236444 13
4232656134416523 13
3632632712514176 -1
3175462377627775 -11
7376672224462632 12
7154754535665346 3
1645762225652332 6
6316672257561724 -1
3425273757733131 13
7615463156715575 13
1213214761532145 7
7567742747416233 4
4674554421676643 11
3577172443555242 1
7137626723741763 13
4714453474531764 13
7522235557623277 4
5457613632441431 13
1117435251415423 13
5561256335175517 3
6672335732635155 13
2722256111166567 -3
6347242171224727 2
2714427153627365 -2
5663456775234147 13
1362474452744236 -5
5116763335673213 -3
4263244167355556 9
2372172736447471 -3
3324415661775231 3
6314633417653617 13
2437323341767214 -13
1164456657673173 13
3265216511531551 2
2366143567142352 -12
4311673414273741 13
7165142423152221 -9
4253762124547756 13
2114445477366376 -11
3121323672111315 3
5311367454742122 -13
7525442455753546 13
7325773141274771 13
6336244531663156 13
2264762464573351 -13
2317275446227555 11
3667234777217344 13
3464643761463257 13
4773252535335526 13
3346416761734451 13
5711515432216236 13
1642427356145121 -1
6652142212423771 13
6775543665152673 -4
7265376746311645 13
6474375763315615 -2
4112544713225347 9
2176412336725373 13
3534325121671354 2
2363622233732445 11
7572211646725223 13
7336552463217427 13
3114261514565265 13
6377632375764126 -2
4372232566274173 13
4773726364335743 2
5535523462175237 13
4413137471766524 13
1536767172672272 3
2372262342651457 -1
5433725312314174 -9
2354275215476712 13
2655435743765654 13
1557557211123551 2
7434244312623557 -4
6436355767167663 4
2634771214755534 -12
5753724441276443 11
3262315153372424 13
1673511273245733 11
3343466247711377 13
1563437371462274 13
3426757256547136 13
1241225267172567 13
5724553333316235 -2
7467471116731672 -3
4756467277473761 13
5421636541764376 12
7237465726772563 0
4662276372174233 13
3131675445354375 -8
6441542733511512 -1
3172762137643356 10
3455711517453364 -9
5731423153332355 13
2441644442376767 13
7735142544644137 -5
7667117253214366 3
2144542673667142 -4
1475417721627265 -3
3364362334652127 13
5546672314576377 13
5255566123172272 5
1221747452234274 13
7212711164555555 -3
4435755464767265 13
5757221212664674 13
2676535451246314 13
5332725217766464 -11
1746345215512217 -11
4512771433766346 -2
1265533644333555 2
3165652476565216 -4
6325737354574445 13
6533571764311224 12
5216677414137325 13
3674261664254254 -2
5621675216673423 12
7632551375175411 -7
7525262274277635 -12
4535516632555672 0
6172346652472374 1
5633642276463611 4
3365673474252324 13
2756342231261671 13
4532361121126615 0
5154137161354445 13
1336717611443673 13
1743733516612334 3
7135664575712424 13
5155256472325512 -8
5525244633434454 -2
3644242577263672 13
3765243674413366 12
2215543464411727 -2
6412517125464514 -2
6342421764124521 12
7551671115552622 0
1377672171375574 -1
6631656353756277 13
2333644247467136 13
1766513374741623 -13
1154116663165614 10
5242263157272144 13
4322177533613637 2
1174417626537162 13
4615133235723617 13
6453773626163427 -13
1746773152676213 11
2345573627661354 12
6422577364235254 13
1366741253417135 2
4521267671254225 -5
7673157112226116 13
1762556727124163 13
6334577416423547 13
2725623621632214 -4
1534447431172624 13
6532667626411134 -2
2765534725573311 13
7135653737756267 13
7413776763611121 13
1143136455314717 -5
2174724665611211 13
2432734127675365 -2
5747366434135415 13
2316555764174515 13
3111627375337213 13
2634113526433642 13
5314541263223354 13
1175172243553455 13
3656533741621234 12
7563621365465543 -13
4422133675621137 3
5151113247123577 13
6433525623717364 -11
2541344656746253 13
4762463442446626 13
3273735364171737 -8
6613332517723411 2
4616654134477671 13
4523721751145224 -2
3247471772715534 13
6521163143124266 3
5364344433366371 2
4165466333763474 -5
5673177224477135 9
7145122275643437 -4
3152127211354664 -11
4663332212375446 3
5564736144345751 -11
5271377612273256 5
1215113561474755 10
5411254373733327 -1
4461737332766443 13
5631375634631541 0
2316671733556223 2
1114265256656313 -10
7621161232255127 3
3274467156665355 12
3525657427713742 13
3444624646312573 13
6117567723433542 11
7617226257134555 -2
6462471355142151 13
5634121456477712 13
2243137376354713 10
1761177734515446 12
3744573334434611 13
1452253521553224 11
3324556637163131 13
4234467742637636 -6
3433375272555757 2
6432672442775264 13
1566577252756163 11
1741365113334256 11
6147435313251231 -2
4753746154666742 0
1121363472333464 -4
5251373122171253 13
2451153511212661 13
5547522634556623 10
4761276636162144 13
6527463123745564 -12
2766435553256252 0
4673146712427537 6
5146564145737476 13
2171443375416314 -11
1265145545763526 13
6517117717733135 4
2161134565661463 -13
3422174524123161 0
4443576235223665 -13
3721536452142375 -2
3445546254377645 13
6562343511344717 13
1754132623335651 13
2531445177434345 13
4776635352113136 13
2147723371232337 13
1352214157624224 13
3465216255775163 13
6577344521252662 0
6757351353217526 13
3513645425372354 13
5375347763452161 0
2657173656777122 13
4663772441137725 4
7435517266643463 -3
1474313562321767 13
3362257451742563 -1
5625535153222337 13
4371466646746143 6
2176427765517253 13
6544724764151362 13
2211167513754476 13
6745474331511612 13
3615775132726137 13
7355556722241515 1
4273726711346462 13
6553634674237121 -10
7116236543514735 2
5646361112736114 -13
1424367724361553 -12
1433554722357674 -11
7267573666155561 13
6442122133523745 13
5475334573571674 -10
4343245364616422 13
4267651577255723 8
1266467422256644 -2
3426757717423414 -4
4274563752634152 13
2765724117344127 10
4136574553551415 13
3313635724467142 -6
6135653124251347 -12
4745435473241112 11
4445312451566155 13
3225436147764364 11
3534111457273255 13
3742122747537632 10
4641337221255146 13
2322425611213336 12
6325434176367432 3
1724527254561162 13
7733642721314312 -3
2236527673555315 13
5255256761645474 13
6317365415731123 -2
7147777446731263 2
6533217451423665 2
2765141726166247 13
6642141135563173 -4
5757722512377126 0
3663773311347737 -2
1143536751311153 13
2121751766317231 -2
5774734324627334 13
3257644613473642 13
5435277223674317 -2
3577315666431176 13
5174631157257624 -2
5435372127235676 13
4577721734115234 -1
6165342732464427 13
5546252514675316 -9
2112327253371411 -2
7677624341317641 13
1713617335352761 0
3615134264266546 11
5125635151544734 13
2762641365544777 13
6615251254554432 -3
1741255675412775 13
1657443145777176 13
7216464561116725 11
2562761765565372 -3
4573317254622225 -2
1165151774137427 13
6632752771721117 -2
6172341343137124 -13
6117651545364736 -12
1373644125556264 13
5546536561231656 0
6647475753512335 11
4147626465352755 13
6615341237676452 10
2555547527632164 13
7633421441226217 0
1745556442411212 -4
5523445472342232 13
7332131525567115 12
5155176663457212 -8
1474174161123267 3
7356725617347722 13
3644321555162451 12
1444333751443466 -2
4457632747421265 -13
2162417225535741 9
7327727217546367 -9
6221653234747612 -4
1646715571235624 -13
5515742215547536 -11
4745642717233436 13
5573152433342626 13
6715766774756361 13
1177255563312651 11
7265673663273151 8
5126734525774446 0
3454347212231526 -13
4371341447353675 13
1371273324336463 9
2244467763217376 -12
1713354456422231 13
5313763525773523 -3
4511124371236664 -6
5677132411512765 8
6557271261172422 -3
3312155126241226 -7
7566617243574326 13
1436626361354422 13
5317347711566561 13
3345257176173414 -13
5616347732564551 13
1441253352631176 -6
7446743723662357 13
5561254442662166 13
5615336226376171 0
3621452651412444 13
2445442274152521 -9
7775567262661223 13
7214333563666517 -4
5621425645137211 2
7574263266157162 13
7654566446635672 13
7245135234365623 13
1265545457667277 13
7772143516447247 4
2263341645522622 4
6355273371374315 4
2232327456335726 2
2763135671247446 -12
7233143545617765 -12
1716732221642374 -13
6621562551742147 13
2277735565744557 -2
2637712177375624 13
5325152366171667 13
1513117434777551 -13
3356336254115465 13
7552367221454675 13
4724633776675641 -13
5527715126724356 4
2625452352577363 -13
3355342152535647 13
4517747622256351 -2
6763174772234722 9
2441621134667246 -3
5471155114112644 -3
7776664536266115 -2
3523723123312342 -2
3563444137337641 13
1135237467337667 1
6537132553741567 -2
3443645342513245 -13
3673652237262212 13
6332372347746227 2
4257133353366563 13
6551137771531627 3
2163555445472543 13
4151237713215113 13
1741434456564421 10
1447175621516424 -4
7647141562335351 11
1133323564556766 12
3311762331625327 13
4664477237756636 13
6625115535776177 13
4437656737336531 13
2147676415613347 13
1214467545163624 13
6756331254121353 13
1614446224555437 13
4573741161675123 -13
5454375525463114 2
7342441742732567 3
4353176462443137 13
6556632371125312 -11
1541445317114774 11
5444661641754525 -12
4367242244322474 -4
1216532342646775 9
1237675622323171 13
3423641735642127 13
4565535671551276 7
5776524462474667 5
6521736554427566 12
7772636215231265 13
6364132476321216 13
6446735222124324 2
1714216144554315 12
3533315132255216 4
1127544166764773 7
5761633656421614 -13
4624576712574332 -2
6333356363455715 13
6771141614254757 13
1652736721542316 11
6573374217152214 13
3162374776737662 13
6671262353336113 13
6227116376332525 13
7177531531166557 6
7464565723644552 -3
1673413622651613 13
7133523256556473 13
3237715373532274 13
4742473111335227 13
5764366372227764 -11
1354273551611673 2
6614276275461632 2
5341432433662337 3
6512335226576642 3
2453127123674226 0
6333441637642125 -11
2655576734367444 13
6474535623131147 13
7627361135376666 13
7365132216162551 -4
6152215264362775 13
4426472612562561 13
4451324155574772 13
3757117167762222 13
7175546751464643 13
2376566623146744 0
3531536127364256 12
7337611642133516 13
3644274423763734 13
5562111443473377 0
7371542614461437 2
4213525512765147 4
4576537214773665 2
5434751346617375 13
7256422676371245 0
1677263555636514 0
4523665126527564 -2
4521421574416247 0
5337124525416613 -2
7345442133475546 13
2643654474222551 -2
2236276646213523 13
1467562163715535 -2
7127744553251375 -4
6763526625121532 -3
7477447473531426 -5
5747173242221413 13
