2752765626474361173223236446 6
1253763437221551732751527461 7
7241461722335334472516772454 7
3762567165731755671216537461 7
7324432527126734672353517356 7
7114676116575123277557551236 7
6435462547452466173376217742 7
1741777415327361651716452222 0
6657436511737675412614465355 7
3665322556746475445224161726 -2
7124134357554261745655271761 6
7737375112725645425525241746 7
3375457365174377744611621641 7
7734337711337112652255152523 7
4276665731342146641547315317 7
5426424612466176572523647372 7
1761654432175755753416711664 -7
5722132776351561725142267734 7
7767143311352676734321741534 -7
5213274243321632112154366513 7
2446511512664731562254416767 7
7233752437167644245413431351 -7
2347462321547273663131167524 7
1561261667233261645323371474 -7
4136627215377255215214737553 7
6475627177371211632555364657 7
2113345774616566561572222216 7
3362175165355152132357246677 7
5134347412116342134266341656 7
6245552435275671464722344521 7
7275451456616551772213146447 7
7316632615175672225172133763 -7
1455543622624511541662754437 -6
7445274616523622554273133331 7
7736177436166267144224214453 7
5337432244477462525627677245 0
1221245647745643136322466747 6
1732356556721611273526412714 7
7217333536457643341517711746 7
4216126614673662232145543254 7
6477152157425112662674652163 7
4775526677216535116743637552 7
3715211444727355711765265645 0
1437366451457647232163446331 -7
7331245672423454325775732532 7
7642676562451275222154114757 7
7723135622426613772711155476 -5
4616652753573112617621553751 6
5617756322316753541235373616 6
4375421642377315727722663325 7
7236475614114755366445463152 7
2213272527366715763253763673 -7
6227425441236577535526574311 7
3714477514442132621665165572 -7
6545357266511412773115266122 7
2267744743157523226255645314 7
4426715372162211251457616552 -6
4425245113743135421634161522 7
6315673372412356245371674674 7
2677347116633436442117753356 7
5756351653233122751625676731 7
2251642575415541631446265367 7
5417147526447235316217664133 7
6111456451371546446257565261 6
7375553521215112665242312631 7
4457633513125124517743637577 -7
6127525335154477335246417775 7
3562646617474274142227343575 7
6712667162165572255377632135 -7
5321461675274673126223762451 7
4766557723321766515111524476 7
5343453116421737746631162671 7
4127642573771152263422344137 7
6376413143742716477133152563 7
4462161551635122344477124657 7
6546411272371641217254427237 7
4621457172436235247712115733 7
6236457162341437746343122751 1
4356776312214121734656552217 7
4217246613757256712752321147 6
2542724453161675664227352541 7
5264761311733456435557344372 7
2212541637574137254171444557 7
1433467137365623142763215216 7
2151561774514636354553723147 7
1747417444133567566516416375 6
4165376444155576453212467131 7
4167732725744713134465675125 7
1714473773226621353531725326 7
2343135472421627314752553544 7
7426273352411647363157356445 7
6445132633377572222177275313 6
7527274357265175521146432253 7
1732311563162223352146763555 -3
1227446631216574332561347777 7
1641445375212314744651276132 0
3432275676747515135543223245 7
2637732622662377645131755551 -7
1224154137774572636417174563 7
2523744134437233456726765174 7
5362473517724577346321521427 7
7235742536327716512421471752 7
7222153732434177432665765667 7
2437147126414227167313526331 -7
4653146546416657314462731531 7
3273466656544151744311612615 -7
1256752351323147246426727437 7
5125277767652562141655432246 7
4766774455233421315364472616 7
6656672333174744726736122475 -7
7247121645767243143536517353 7
5421742234653167417215214715 -7
1353556657332772645141263237 -2
7156177415713313666455514732 7
6171136425334517366133146672 -7
2756366317667422137164531715 -7
6175764621361447215773725512 -7
4415575331167426616333214636 7
7544246374222527736155767315 -7
7272656516114347633136214637 7
7751241217417125156337632543 -7
7516472337143764521571276212 -5
2145671454336545121451463621 -7
7245154735736421275543643365 7
5123131256142372247645475546 7
7643154461257252643531462232 7
4476421567265543663376727543 7
3457566524357665421256333723 0
3475571362116126657626542433 7
4276223114466324373643461712 7
7732167247466423344721453551 7
7777144532623317552653122651 -7
7232561566573114147674272125 7
4453477225343427266165155233 7
4363421424413266627551356647 -7
6214255211523654441761414362 7
3754636762235347167535567756 -7
6731224616441625216145532731 7
1336722267524115515132447454 7
4745131321366635526467525312 7
4127162177512573322433474531 7
4653317112646425517571243636 7
1663126241675625165273773351 -7
2413613524161535615355666714 7
6436763422656525315315323444 -7
3666571133743721243655222312 7
6324742267413473151173173731 3
6176112713125557716373252422 -7
2673245435113762612626171426 7
4767162161744322115433234374 7
7232666551322371763444425665 7
4562227531776554244751517274 -7
3416721572273253255757463123 7
1562513133653541741523243466 -7
2622524625574324536537744154 1
6476762425571736772254625215 2
