1461477451134525376227632776136453 -4
6133655432314527175163772472521612 4
2571216652631476133743374125756521 -4
1362613776345474753557612612227125 4
5162433527713754155652123666721474 4
2275276673134543313621547764457321 4
1536725675524377111457742421626633 4
6144133257734713263156655247463521 4
3316754772671522262555743144463462 4
7541127725546613223122653416133566 0
4663767625135751773222553131266317 4
6241677331167214653447511546737535 4
2444721726515662344135743712765156 4
6667261225367413377635422534711142 4
7134416657452721652343741552373236 0
3531123764151457746762562371512536 4
6562477653151475434231217313226744 -1
6571763314246234214354556722453157 4
2125565172443717466367232326745146 4
1243463153112433157257725524215463 -2
2614326376673171521236754746241445 4
5145121261664623315557747227654773 3
2365323165214744466156773245275775 4
1352375126242462541367377713153621 4
7737147522365536127327366421434126 4
7652462513257745115243162434153174 -4
3576244521271265537245747713134636 4
2655163447335161573374251437266152 4
4341326721537273151347572266675112 4
1223467617765434375762267113551122 4
4337162153367562441752426426764317 4
1257356323345364472451624625471612 4
5524433224551314515667641777222766 4
7366351376531114236522253425177766 -4
1716276462661133245457312372774315 4
7412512731134673274676576562532415 -4
4175752336121631666137234426423755 4
4257255457351176431227644431732673 1
5772431466565132112674413235416725 4
2431673614246123737155125635764467 -4
5313555411626626337247465254723767 -4
2436157356116712341224235246457351 1
6412423136223557537431251744574257 0
2563256546133267117755122146276353 -3
3237441262112323456732765541556634 4
1237516111557465343156674257244267 4
2552111472762617327124357375435641 -4
7627366725244416115352746313541533 -4
3141254767721416562327352372617146 -1
7367657316276237115314716241432542 4
5633247613612677452651427465325411 0
3417257443455361652316467452651177 4
6331711537225175767561673264465125 4
2436755341333444167721146152163522 4
4117762325611477533715246265343221 4
2623515366362237611417554224517674 3
5743547243143517116527622241572146 4
3542126654565765272134771344617623 4
