425667163756 4
625142477622 15
172613144731 15
756563421217 0
254335435246 15
241712672365 3
127115447645 2
537135166437 10
542761127364 -1
351443125763 0
241673552321 15
467324257162 -2
176312421734 15
436656221315 15
765167621442 6
315246261137 15
554462633414 15
147665626432 15
237712321316 15
724275221512 -3
321753547762 11
142772636473 -12
763776165311 -10
774311115352 15
112362364453 15
646647664713 5
373671176145 11
346624126543 -15
557422625176 0
654111457732 11
511754156541 -4
651521345652 3
222331141623 -2
662341351342 -3
652312541475 -2
665462137435 -1
151251522633 4
774663213617 9
135417434152 12
253367612745 1
334642623726 12
341354367733 -5
446572365163 3
661461312272 -10
443145163372 3
253313273661 15
672774545124 -3
516777163653 15
112252457716 15
617677334552 2
247176427645 15
445763667323 -13
712417553512 -5
431345211471 0
757217475255 0
352362135537 15
667756212452 -3
437657654472 -6
672675422573 0
261156577446 -2
566734375256 15
466312723547 15
321443377533 1
527622361757 3
236317664576 -2
532455353665 15
616125311635 4
574534413273 15
143275775643 15
144675312241 10
146452254337 3
112761441525 15
534472537677 2
742675723466 15
455357665241 15
272261534735 3
634727235467 0
457135571621 10
335645567341 15
631575344137 3
235677521361 -3
362726374544 15
661273244177 2
542175744131 -3
564652437614 -6
567753145212 15
655112234444 4
656417772357 15
532562363167 -2
434755572645 15
414422146247 -4
443676634275 3
614173464764 15
575667433421 4
742636321674 -8
457333121245 -2
617432641445 2
712576216445 1
652171213633 -2
772621214334 15
561622177273 -2
652573751143 -14
662311551256 1
423121722535 1
526746535611 15
662131336235 2
432513563714 4
452751633256 6
223727621335 15
572653154225 -2
253767513724 15
456421322745 -14
672325156571 -2
422672211657 12
265166564751 15
335257466466 12
141576577236 3
611754446575 0
225344242153 -14
666143774121 15
265172244331 12
537536253641 4
175737341422 -5
564134557142 0
421375576645 6
267743421257 3
252414145732 -15
347266532241 4
454154725327 15
241567223761 3
162526227561 2
143633742425 -13
227263764733 15
314175666265 4
621174563621 -4
273611323422 15
523114475323 4
314722342444 15
543572736467 -13
353717656552 2
645263231271 8
531216547267 11
514675375157 15
361646554372 -2
413147354654 15
523722143764 -2
535362751227 15
423717256341 5
351233545416 -2
311665472434 -4
276124312656 15
554614722751 3
175223467653 3
315572244747 12
144323345567 3
237451264421 15
222577657645 -15
217247434626 15
646126145277 -5
524347552121 15
777615635361 11
537426536214 -12
252237576535 14
255712345711 2
763774325666 3
671733527354 3
362764374773 0
367424612165 3
645656361335 -4
772357435117 15
114542637553 4
736335512722 4
451322653477 -12
152575617344 -14
737764613475 -6
664571154417 -2
327252767346 15
366334527261 9
746141263235 7
552325265773 15
371563262771 15
141271263514 0
773612361556 1
315414462354 2
117722415222 15
136342664216 11
666543341251 5
657452756712 15
157725341161 -4
556527744123 0
531216731634 15
323476776331 -2
267367254321 15
213344744266 15
322624461733 15
333117522314 3
427557647555 -2
345274566647 14
335712127245 15
545462247545 -13
416325175216 3
236135274134 13
745654645662 15
764252311416 -5
676623534555 -2
754262175155 4
527727361475 3
416713552744 0
241646754156 -15
311447372566 15
416742516325 4
165634247766 -4
422645751616 1
235334367522 3
733351725612 -11
432517673422 0
726712416532 -3
442715735137 5
264423317222 1
541764631243 12
474714112355 2
331474776461 -11
713665572315 -1
731367315672 15
145455173657 1
417253712555 15
123113274355 15
617115323324 3
766732724756 4
167271362624 2
427775232134 9
367334217425 4
454236216431 15
175432325675 -1
673131462621 15
636441772521 10
735157523763 15
614234774176 15
142532261355 -2
542444117211 -4
164545236363 2
244657474561 15
447213455552 -2
535673122546 -2
141562645174 -15
326264457163 15
377744452456 15
255731543522 15
655472443151 14
721241353722 6
645562462466 -4
345542426216 4
173462236562 15
315734512266 3
726561541762 15
473425273777 15
416423636423 15
741311566713 0
635377661253 15
764273637115 15
126555245731 8
327244366237 15
645161711354 -12
171277134342 15
362541462213 3
611741372634 15
732164773614 -2
665367173575 -3
373226461744 15
722736542755 13
623412772216 0
562246534712 10
267373624471 15
464416731743 -2
754454436256 3
546761154335 3
216621222436 1
767422573354 2
253422472377 -4
457276117666 15
413476757561 15
765736257214 -14
615317247515 -2
566446375647 15
434162731714 15
744361566674 -4
136456341675 -14
657651257744 -2
232347343751 11
116721512536 15
271144536516 -15
263416357645 -13
766113423132 11
776416322463 -3
745733425536 5
267653715757 15
622756372675 15
335436637631 2
513125667324 -4
374765426141 15
716526423467 -10
655254476451 15
516342172773 2
435313227136 0
667326361547 -14
676511663411 8
316511436655 -2
417525176773 0
154275263415 -14
311667732652 15
527412251463 -10
411716274325 15
512566233447 15
641252453643 5
341534161576 15
134657346141 4
346174557611 -3
437345355125 4
136125621624 3
264374235741 4
352323675616 15
471375157325 -12
315331745164 -5
226337266324 0
526151126746 15
141364234132 -3
773145544456 2
427163643233 15
316742756265 15
454563624653 15
743645541625 -1
244455446563 0
613665117445 5
474432177326 -2
722623353555 10
656461174472 15
417341422615 15
352557176161 15
222571417571 15
414553375272 12
133421723426 -3
756244247211 2
272354713662 14
441373156455 -10
524374522415 15
272163652475 15
746163566455 -12
257533223646 15
776212527327 15
121717624366 15
542421226363 3
667463564423 -2
527235254145 15
642452672465 15
522623576133 5
133645577422 4
327574656312 -11
512572414175 15
323247216771 15
341763315725 -2
335352151564 2
421477124766 15
756274673573 -3
252642611741 10
212372657765 3
677151256136 15
216366664472 15
743255734615 -4
344226643751 15
557347145711 15
175267177566 2
167222576577 -2
431657756227 3
313631227415 15
223231166147 15
463345175267 12
351113557644 15
575252613473 15
235453437566 -12
477451156254 15
234116754354 0
746734752742 -2
567522426174 15
642772571433 -15
352457546217 2
433211455271 11
745375232341 -2
742661322567 11
125472637217 -3
156524442553 3
257232476356 15
357616554667 15
643467617711 15
743753162461 -4
546563153277 0
325463467765 13
772455631521 -2
575352267433 15
515472463161 15
621165572512 -1
525562175566 13
414727527466 15
752221414254 -1
533172474622 15
524361164712 12
453431622621 13
523755524434 15
177347422136 12
555726471372 -2
346113157542 2
613567632524 15
176153432474 -13
451743656142 15
165622634215 -6
571264557136 -2
762776336775 1
576626667241 15
727125515241 4
144466735512 -2
311123313713 6
446214164523 -6
611617725143 1
564375753652 1
367115774472 2
154524157743 -4
257613552643 1
114551246512 15
436667717527 2
266716672334 9
553571547324 -12
716332553552 15
362526627475 4
656415572623 9
245577551434 -5
261134351516 -11
171426341427 15
471576365214 2
636631477711 8
541512646334 -6
454354141247 -4
523535435647 -5
513622752765 15
565424372776 4
176243314612 13
547616452243 5
542161357745 -4
232273165456 -2
235716253545 -10
561331231264 3
347672763736 15
641163717677 -11
242764127415 -10
213745374634 15
777551652527 -2
363466725634 15
353433712465 4
751434135163 -7
374713724527 4
655173372164 15
264133411677 15
143761556234 11
622154376516 2
714315261325 1
555715232427 15
737465176454 -15
412571366725 6
717224265556 -4
443327634474 15
426324153475 -4
327245347517 -2
677453747625 15
625477533467 -13
551337516434 3
643373715734 -4
143267174715 15
344261125616 4
325246415655 10
776575435244 3
254673676522 6
724227172251 15
345145214466 4
151672734771 4
636234572416 3
731114476525 3
512364167431 -2
522425353674 -3
351245323716 15
562244634313 -15
726745761211 -2
415253626357 15
546527216647 4
176612421173 0
127772364255 -14
455126214124 15
416321545326 15
262153654672 0
415157737442 6
577441313727 11
171215332423 15
722315164321 3
454236731625 3
543546221733 2
456142747546 1
146666415212 1
553441664243 15
422534574154 4
445221237116 8
566627527471 15
722355414142 15
224154162264 15
742652132763 1
147157621542 -1
346161725411 1
673241755244 15
156316724542 2
644325377135 12
115617442747 15
214615413122 15
441526644413 -2
545722216671 2
542315166263 -3
622566544715 15
432657417715 11
111241655374 2
565141771247 11
225111623372 15
721234313314 -4
111613373572 4
365333641773 5
641245756624 -13
167446235541 4
321743537577 15
661756261223 -4
767433431472 15
361413123551 -1
421767722563 11
331462612635 9
224475323774 15
341762556723 1
751114663174 -3
727657674154 3
646165512247 15
454611546654 14
671253764156 4
472733357621 4
432753163436 -4
425367132676 -12
442213257676 -4
515335674742 15
747776523464 -5
232174347655 11
633211422357 4
152231677661 15
375155363657 15
344412466232 10
374143145255 15
636211242742 3
554335476363 12
416754261516 15
353721321772 15
124716117277 -2
521364221572 -4
125375225146 2
171234552621 13
357625411751 10
375437515464 15
425476724147 4
365776457215 -11
476575361377 15
424355636762 15
446651142315 15
362235357617 15
754662125514 -2
277353167372 15
314231137554 2
162463416724 2
471121424523 15
447527616213 -2
625777644556 2
536151377726 9
233754413715 15
376412762325 -2
711514532213 15
244331264671 12
775124626557 7
715355647121 -4
524516713645 -3
447145347132 2
235163737174 15
166735153271 1
367246325254 -5
144715742527 -13
511235675464 4
364747563517 15
711637724252 -1
617761373123 -2
737367615711 15
361157173672 3
435565512226 15
761362222273 2
416274323315 -4
372534532453 -10
137546736156 15
777121265435 -1
236272164644 15
663145431571 3
642124757137 2
657365543745 5
244715716231 4
556466427612 4
724252451675 -11
676251223765 15
662127561143 13
112753743333 2
656546147217 -3
267511136332 -15
726547115572 0
132243177627 5
554742245336 0
653212262717 3
561736421725 0
612351343527 4
327643543531 -15
341777126537 11
537343423116 3
153754511447 3
321534665527 15
771536712736 15
743227413653 15
272562344176 14
156646717125 15
243461554214 -15
236677543234 -2
541231467564 -2
425661744412 -2
446367423436 5
254546674415 15
436322476544 12
215564741317 -11
435741562154 15
171665452453 2
643163137424 -11
223646353114 15
645214631761 15
371544526717 2
276472164521 3
142475257233 -7
666735446435 -14
542673237142 8
743157564231 15
271462235515 -2
333153662714 3
621323225351 -2
114675526711 5
537127744727 14
551634514122 4
456261744273 3
573275714213 15
233662634542 15
451251163564 -2
421436754647 3
573241757423 15
232134146557 11
222514364332 0
437575676241 4
235111264546 15
653623424771 3
513713447432 15
115551773432 3
713556157467 15
267163362511 13
631757435336 4
343311542177 -4
124644533517 15
441312152527 15
426757127742 15
254727525636 15
475464515266 15
626232536136 15
226744677417 15
373267647463 15
726172732315 15
542771362775 2
247651336453 -4
546176634515 -2
456733126632 2
664527345325 15
612746544251 15
152753171237 15
753453167436 0
167237734442 -4
547613163214 15
147566217262 1
373762252454 10
214643126676 5
653673641723 -2
275177722451 5
515132447274 15
573751621551 15
636527455376 0
722751562146 10
643632362647 15
317352165722 1
623135273177 15
455116475767 13
455143345751 15
513173225152 15
446257233337 2
332755644415 -5
715265541212 -15
721265623651 -4
551164454357 11
623732612257 15
422722573341 15
645676533277 -13
636131172134 6
725416647642 4
143233134643 15
622374272643 15
226267723553 -4
622423445254 15
634365147636 -5
331156334277 0
515226415172 15
424332445573 15
334611554355 15
677232341364 2
545125533737 14
314424336247 15
671133246745 1
137554676561 15
655324522216 0
426762244356 4
177311616273 -3
512347436532 13
575773773634 11
234511161465 -1
517212462441 3
645165474553 5
517136675244 12
662472765163 -1
357541456324 -5
552362157442 -6
566247442351 15
533614753234 15
452773543124 -3
447225317461 -3
773211251625 2
544416133365 0
725626742116 -15
172745665743 10
756455253475 -6
234426746115 -1
716132466555 4
363312231744 -4
643216741522 -6
641146355412 -1
212774115367 10
774447166215 4
252431152616 15
167261613223 -3
154136126762 11
167136225434 -2
715227567456 15
452173247372 15
536454364317 15
364465613712 6
671726411115 15
675554141656 -5
512241117125 15
432564224265 4
755454534473 15
651465426517 15
267355146512 -4
662634577764 -13
261172427163 -3
123117662623 12
435314123744 2
716624277332 1
326335151414 15
156451724151 -15
454634315732 15
634555114661 0
325476512733 15
524253742271 15
451214771572 15
537153576216 15
473133424735 15
174275137531 5
713555256361 -2
653677751752 -3
555372372721 12
662173355464 13
656731611374 15
521167535667 15
415271424371 15
761532651436 11
334644371474 15
253167545411 10
377653747234 15
761532633151 2
122257757373 15
715721645751 15
161673432324 -12
513655752576 15
612141634772 4
271134634316 -2
323533746577 2
143754135273 -1
672556171752 2
556214443112 -6
654731155221 12
454412512647 14
115717445743 4
617171753645 15
462312655247 15
447227114165 4
423335776461 1
413137564414 15
324121362772 6
344617557313 -4
215365143751 12
444146265253 9
436316355236 12
232414451565 -6
245264572644 2
774457462315 -2
373456324327 15
726657523265 15
316154142637 -1
766535413422 12
125742331437 15
754271475316 15
156437442356 -1
523126576456 15
623172114461 15
133247273216 15
771666243375 -4
665737251652 15
752722621342 -4
231723123452 -4
253264576142 15
312652741532 -2
262764777242 5
271742457353 4
746237261131 9
674425315123 3
341221741671 2
653432164536 15
216537742125 15
233315254714 -3
172573166743 3
753235465633 4
475623261574 -11
137367752137 -2
256431375443 15
533224123243 15
155621725761 12
323172473217 15
265764143463 -14
131264145465 15
717645161174 15
211342355764 5
426335174257 15
374276242717 2
632274276574 2
151654267431 1
231617477275 5
552612776672 -3
452737474624 15
632423335117 3
232115247417 15
537226614534 8
342646134452 4
412524636537 6
163756421572 -1
473256431521 12
565767625432 15
341224116261 -14
746546513233 15
256374341531 4
164656127451 -3
627636523233 15
517542764736 5
177421733555 -2
153254772643 10
254743622147 15
127173216545 2
344412536616 -6
742525451457 2
661261573735 15
516633547372 3
235672614125 -2
537412343515 2
127227567463 5
141212456577 15
133555351723 2
755661421653 14
322264564117 15
334357122472 15
554742417711 15
227517311773 15
152543154313 15
144632542663 -2
567154765236 15
677766234243 11
372546724547 15
276137647215 1
237643645175 -6
776715422217 -1
417477135226 3
315416624147 14
723443216646 4
423423377411 15
532655737763 -2
514246152351 15
275145422264 15
754462171523 -5
343527231152 15
742624363753 -13
642737736732 -1
766543622674 2
534651761635 0
724442435131 15
477413153261 3
646477514763 15
715475446775 -5
457653231147 4
562146555311 3
674537475153 13
377265755345 -13
562774216456 3
331256234677 -4
517121726372 15
457241571477 -2
617635222156 -3
763514314422 -1
154671124313 11
426564215575 -2
463212156126 11
311262544567 4
566727542533 0
177423234544 2
763715547256 10
744124275232 14
614277443517 1
367511257113 15
272432465644 12
424266751415 -4
216541162276 -2
367251113566 2
176677215167 0
356161534163 15
352146255113 3
234365222164 3
621717644312 15
543546522211 5
122577563534 15
437516321226 4
246735326451 12
551275343173 -4
777521247626 15
355631445334 7
224646376551 12
523111453342 15
452661116575 -2
376422741655 -7
627531244137 15
245727332665 15
154732612561 2
577361246745 3
155276276263 0
633715526117 10
731645627745 3
664151432467 1
752577146716 -6
446635576716 15
427736315313 10
276455676377 15
613115546315 -2
741356275522 2
652335621356 2
125164764522 3
755236274653 5
176764234751 1
534764216536 0
776651172213 15
226716321465 -1
467573123275 15
711527331146 0
643724525255 -2
226377241266 2
614611432323 1
356556641561 15
125257261626 2
112116357475 0
317634565317 0
656762123413 15
237154445773 0
261421615643 11
715474262611 -2
176623514126 2
676237444723 15
471462124362 -3
411625434634 15
632653611773 -3
176717664665 -2
673241633537 5
212757533714 15
546235627135 -1
532452741236 3
447335742163 -9
375657562122 15
551456122731 12
461232556273 -15
461765643452 0
335215646576 -9
465363175314 -5
761751473367 15
763233234256 -3
124255541176 -3
361136352567 15
767532611712 1
445553227556 -2
225216311447 4
313321662112 -2
173135761147 15
415162631732 12
535723416511 -2
633156614354 15
561411742635 -15
115646172324 12
434617741223 -2
574272354541 15
171326656145 3
235135165211 3
771675243731 4
534476522164 14
526223633674 -14
263445537731 7
326215645353 11
732373325447 0
532531365125 9
345172155522 2
343666375577 15
125167337725 15
175112331136 1
362321417315 -2
611272417433 15
145347214572 5
243562316651 15
617516152354 2
726764235274 -4
677176527351 15
611467541325 0
534476136755 -5
252616175637 15
146442316363 15
326216736455 -6
176464133254 -1
417274151766 -3
632557341131 14
326414762326 -3
412242531566 15
277733653741 4
512723743744 15
124171573245 15
431274731627 0
367132277341 0
523634167665 10
423632741514 -4
332177145172 -2
463372362747 7
235637114757 5
444721224463 0
244763347552 15
536255627274 15
273456545641 15
772471636756 -2
671431711233 -1
561635246247 5
763567753267 12
563642561372 -5
345125616571 -8
371755643427 -15
537477267513 -5
212317426435 -2
634244214761 2
722726646545 5
723713134166 15
675132615464 15
411255671423 -1
462513676467 15
345766624337 6
721427355141 15
634546761264 -1
116243721556 1
755125764243 15
574535757274 15
377456657552 1
553723633676 15
671253662552 1
152375736312 -11
466536542771 -2
525657471417 15
663421422343 5
332165171455 0
714524712361 -2
313572641132 15
762441747532 15
117226652353 2
527616764754 -4
576764536341 15
541436326774 -3
557722563365 15
353753627731 13
166265331524 1
641132544676 -2
772722763641 15
465311743646 1
365631626254 14
725275414641 15
432615723531 4
215442177631 6
452537755457 15
661453447642 12
531242257623 6
157662477755 -2
227523567137 4
327566432175 -4
226463543451 -4
164276647316 -2
273261142134 2
315753261671 15
543446433175 8
731512112762 -3
674234427316 15
456464222226 -8
377525452136 4
411554733267 4
463135475324 15
731471447644 15
514451467521 15
433763767146 -2
264547563164 5
772751223474 -4
665713146447 -14
277364456411 15
753747225553 15
612336344371 9
315335112274 0
111174775632 -1
531157176227 4
517234721656 2
533562416763 15
765756127123 10
173673231224 -13
745257563276 15
773665455442 15
533563224711 -1
626153315744 12
421623273713 15
226745526313 11
511762574753 15
566417144425 -2
225764634776 5
433125531652 13
737524635453 11
573114725575 -2
756223624632 -2
323755442352 15
444264355723 4
213462443117 1
637346262471 15
447535513613 -2
744256363572 6
224131373761 15
676115721163 15
142635334521 -13
551263212417 1
532664374165 9
374362762327 15
362434772154 -12
737142761253 15
132732122142 2
527643147551 0
313222254642 15
312521611737 14
773235642227 5
142113745234 -5
472315254117 12
752722454632 15
234435516162 11
361552126312 15
663372627273 15
165734152425 -10
721174742164 15
432416155743 6
335436472371 12
457576327417 -11
142313751567 15
333556341171 2
745213577463 4
467355157264 -3
352562761355 15
427163423761 15
147356612774 1
325213367437 3
653654151322 2
156616732453 0
651634667422 -9
521653371455 14
346115164664 5
162713363675 -15
167623615225 -3
641124576234 -15
537622774734 3
764232745175 15
612535613522 2
351237434662 15
753767413625 -3
164451542277 15
226557476322 12
311263672467 15
421436515653 15
657464512724 -4
543114531167 2
577222116753 4
114236752636 1
762371465235 2
563376513544 15
463352453563 3
357676141211 2
154461763632 -2
437215331124 -3
727615212345 4
754462122734 -11
125713361443 15
731437515674 3
472345141666 14
563457731425 -4
677512565236 1
227533254751 -2
262272671521 8
556562343752 3
757546562371 15
735413547243 11
634465252344 2
346525631447 -3
257531475134 5
524144151364 15
146171623457 -4
532716137753 0
611212735763 15
345366545776 15
422153247375 15
526426551422 3
541413113536 4
254355737167 3
234112262756 3
626522131732 3
667743346412 15
647611612363 -2
414766213423 15
275151323311 15
241712146115 -5
737474331127 2
412215631375 -12
731351714757 15
711455367644 -4
653234365247 15
363444175641 0
227152641574 -5
341251426616 4
155641234657 13
547746125222 11
526433731127 -3
627557751341 4
261374675613 -2
257231374543 -1
534526741257 -15
631574744322 -15
671722741365 2
243747145322 14
762246713557 1
524512413414 15
436453413453 15
521345111155 11
736347161272 15
375324166231 3
372113466245 6
764337654362 15
412526565135 12
232274647437 -5
571764313576 -3
536312542613 2
143714113664 -15
472175652521 15
534244473362 2
474121453676 15
155657764247 13
166451675367 15
773432217615 15
464353511721 11
531441734223 5
533474765516 -4
411165635751 14
657146531313 2
165344317356 0
333425552632 1
276154531366 5
467163635256 12
615134162624 -4
146144321757 0
153364362724 12
542145746513 0
137344312626 13
611652241237 4
631127524523 -2
722235117622 2
167327237665 -3
727567152714 -11
772533436547 15
462412576251 15
464575643162 14
463255655341 3
125766446576 15
112476756245 -3
256735312746 11
672442711653 0
256145571163 5
566124643574 -4
375436164241 13
532176257562 -3
672215566333 2
341217375665 11
224773646512 -13
766577362475 -1
531336127467 4
327425617525 0
317161644222 4
537215544465 -4
135276342434 15
524657614252 15
117252631256 15
754537534164 3
243634277274 -15
765362336116 -4
444613772236 -3
516453372142 15
612464227743 4
354764137352 -4
177334723422 -1
257626257446 15
457643757145 15
266172146163 15
367225432767 3
214515667635 -14
332324343657 0
755733732251 -3
571313753726 -3
744622175143 10
316273477555 0
332737544154 4
613447625167 15
213314657124 -2
561713542647 11
617536334245 4
643217144351 2
633347426654 15
433356362162 0
313654341557 15
166344463522 4
535426523763 15
355147466562 15
621346331551 13
573417236234 -15
653467537212 15
325472764274 15
771431755322 -3
165676522337 1
354232441645 -2
533622745277 3
255762367121 -1
571247411417 1
517116165431 2
616767322736 9
664165534432 15
125417742751 0
464175352431 -6
672153161636 -3
431671537677 -5
141226573125 13
253757467364 15
742134532233 -5
521523732543 15
573372547211 -5
714471723417 -4
327122467412 -3
123512737215 15
413275664437 14
257563216667 3
444371233257 15
551134122457 1
271657114153 8
734347755216 4
446676257651 -11
424714327631 -2
376163775621 15
566124651471 3
123755541472 -11
657713151153 -4
142255555746 4
417166147646 15
752415136676 -5
455627715556 6
341667561251 14
537617554232 5
722275572531 3
412551276366 14
425277337111 15
172375261652 -2
342554361634 15
515643226467 9
551122272611 4
625546671372 0
473652135437 2
714512136117 4
731672273536 10
241416535373 -11
466153525472 15
664237337466 15
627535671752 0
661724552524 15
546341647671 15
664144213431 15
465631123327 15
756644232551 -15
756454361151 9
674125336474 -7
652325274512 -6
471226461753 15
332547255773 15
617524426764 15
222721575634 5
271235375611 15
573374132674 -11
673111562361 15
626664372473 0
331611276625 15
731421644365 3
642155714314 -4
716152171263 15
245664621143 2
673446736151 4
557521611766 15
161334741326 15
536142351257 3
427776671273 3
366474513122 7
431774251375 -12
447252341772 15
214372563555 2
232246456271 14
421326415364 -3
631334174254 4
126245447622 -2
722526164174 3
162166222617 3
614116363741 15
434737216465 15
422455161723 -2
647424452366 2
145611556262 -2
777643234534 3
416525563541 5
426147642536 14
163425427513 -2
241622451535 15
577265746424 -4
554236453117 15
436275213777 14
213144155143 3
573115612125 15
621257153431 1
564272735547 15
551741447371 -2
461421616772 15
771323317435 -11
217115627474 15
645114636746 2
561637174457 15
413254742224 15
312642122565 -11
436743272471 0
576256345776 15
562647751317 0
316737663275 15
213431334272 8
145564371372 -15
645177264337 14
631674215153 -1
225147717523 3
131476234614 15
537467474163 4
764415434171 8
327324255411 13
133754332344 14
353642171374 -2
326461431152 4
412534574346 5
112245624743 15
741444521147 -3
742122173254 -5
223413414712 0
341741234256 4
216564446352 15
516464273262 15
273421531741 2
541775653463 -6
111532517373 -3
116143726365 15
131365755357 -13
643313753612 2
731457454233 8
162155521352 2
576412212122 8
243564265463 -10
653331421676 -2
657435611624 -6
633426777457 -2
346537754177 0
141734255234 -15
561244566512 -2
613642116222 15
541247432467 14
653776146341 4
247472715542 15
421676376515 1
627325651243 -1
523254721656 15
461434646533 15
523134212756 15
356371262735 -3
323446316112 15
125737411556 0
561455434235 15
261375251365 -15
613212544526 4
324225457377 2
527763225675 15
163574754433 -5
473116571472 0
527254617474 15
323615544476 15
436652263152 15
627533574536 2
125136443272 -4
643437575426 -2
226322673377 -2
711445316551 10
272766556133 15
413712445714 15
756456173744 -2
331351114667 15
734217325411 15
114276356262 -2
347532122317 1
652211676457 15
246636267375 -12
433257726611 3
564456517143 15
536574644166 -15
264231214736 15
465735423154 0
251167316154 -10
757775231166 -1
137662551277 -2
216265215313 -3
563442676131 15
715316127223 -8
423356711427 0
566241352337 4
456334116777 8
251572735354 -15
161317634247 15
321326675335 0
715631431542 12
624617623735 3
264323332547 15
266253462775 -2
521346141646 15
246211452263 12
617722654627 4
454752156762 5
245721713647 14
351344374745 15
777521354745 -2
127527115335 -2
755175123625 -2
454253656477 15
642546754521 4
752634635511 1
675723462442 -2
126472325616 -8
737523413165 0
537237166337 4
174543363255 15
632167147546 15
744435436132 4
325364734357 -6
716211137622 4
614713743432 0
174527251646 15
537452534375 -15
347665741451 -4
461351624676 14
312767446512 0
556366642337 -3
661317132274 15
776143256216 1
145527742757 -3
567774515123 15
512263723416 -2
714653372735 5
656543272157 6
675455357212 -4
337541216567 9
226442127751 -4
711776354566 -2
176375142625 11
211446425154 10
163673163461 2
165334322537 15
666747136121 3
365751666724 14
413713673272 15
317422225454 -4
132644666262 -5
532377415744 15
733571414456 15
717526253462 10
752351751763 2
245753512447 15
632121647574 3
412235763434 15
456541757611 1
635756413624 -1
352371624476 -15
677567257416 -3
422461343731 15
124624231614 15
631155617412 3
557156462321 1
167365222672 -12
466216137527 4
421462353217 -2
351643514362 10
213313765774 -5
262111137637 14
647576353476 15
342535447725 -8
123651741567 0
777312654427 1
521156174615 -5
116322657137 8
775374467333 4
763237515271 9
771525257711 -2
667771611562 3
732222167312 -3
514713675652 15
567572542317 4
232627146317 15
231347517537 1
245746727726 2
677255244465 2
134662476726 11
174667245752 15
174174235572 -4
726361455734 12
126754533614 11
654554156334 5
427626324736 13
215356416374 -10
615453631415 -13
131543442652 0
162124771155 2
513227641342 3
417223765561 4
645726621413 -2
126255674776 15
473742121625 11
647625236573 -2
442142216552 -14
327543772624 1
651624643412 -12
515212335772 15
156767217236 15
165327631357 -2
565611461234 -11
371615733261 2
125327672615 -3
757422157235 15
552576471352 -4
476611625214 15
622263173142 7
456666747653 3
664123251144 15
771464521733 -6
255271745127 2
531663367351 -3
273424677673 -3
657177154552 0
551233425621 -2
671276743332 -3
164261376374 -4
411246764755 15
644556241173 1
535345276451 -3
114673455152 14
157547246332 -12
451662113577 3
424736242367 8
276312313264 10
435367162416 -14
662313252453 15
231776132442 -13
627541315123 0
357443655776 14
235635231314 15
254343213767 12
723267654157 14
215436632762 3
756737115766 2
114315346133 3
232312411561 0
623574734757 15
645724263317 -3
352614726657 11
332475421216 -2
566774231411 0
452277415632 11
522265624367 15
315557131742 15
412121565673 1
362177767311 2
246725274473 15
721144265235 -5
313771435451 15
545414321627 -1
553156362463 4
564332712556 12
112521226631 15
763752221774 4
425715475173 4
754372137562 15
335632526353 15
514211516266 15
747637612232 2
313151653573 15
261372542345 4
551234522436 14
135752257624 14
114243545553 3
365452151423 -1
276544662153 2
766614571521 -4
133614275737 2
676314372526 14
221764324561 14
534212536774 -12
363315772767 15
242111761725 15
537165365314 -4
342136612612 11
473566351162 11
213413247744 9
415736554614 15
672236711743 15
213731427426 15
417366714362 15
715434644347 -5
646427516273 15
652525724472 -10
543453771153 15
316727615236 15
237432556326 -3
533762414665 7
126537773127 8
165147367164 15
761255251733 -4
753426677221 5
511125271362 -2
274222657533 15
713224671227 1
554231423257 15
127146545551 -2
375271326265 15
135616544235 15
165727465723 -11
431245652456 5
171322254633 3
251215735427 -14
462141737765 15
621744534275 -3
456427456752 14
753261174156 4
227611256561 4
717241471662 7
344572614267 13
215634254121 15
126311625516 -2
244672611673 4
376723671461 15
413613653225 2
655575151261 -4
452431166435 -13
765724172576 -2
222663313771 11
541437361616 15
312541644626 3
716554746451 15
463371742553 -8
265533322676 15
552467173124 -9
674123151362 4
771342463176 10
277745664521 9
137675223353 0
252771453245 -3
674637212554 3
611246352552 12
327477336311 -4
612317452373 -1
136622623741 -2
742752414313 11
776473462523 2
133122777756 2
145136776253 1
441564277324 -8
273233121371 15
432666542733 -2
373152665561 15
152162342125 3
457664647453 -7
272317471614 15
513567131124 -5
517437327157 11
761511517456 4
317325721231 -1
735375457613 15
665551742716 -4
222364156364 15
475773615153 15
233442446365 15
167237752627 2
624317742654 -4
153576631627 15
526473647357 -13
677555345123 1
243746115424 -4
343127673572 15
474642675356 15
555721212167 15
616142663741 15
766665432177 3
323437574573 12
244631217377 3
717645264631 2
546557111773 1
542447316712 -2
531111522737 10
714156224152 15
732553752143 -1
761536511732 4
257214234354 -4
554664772116 15
773371166452 0
327677243115 15
466154136731 6
546511562677 -5
415473341117 15
431335162765 3
252144217535 15
775467115462 -2
653217264731 11
124527327171 8
127752275617 2
722641415517 4
354216663447 11
562457741524 -5
727615642437 2
234671272565 15
315367226444 -2
743444765452 2
547421673135 -4
415757763753 15
476377612612 4
414313345215 3
667452324167 3
577214121326 15
142461335775 -15
573652275611 15
521263477175 -2
375331451554 15
116565473375 15
761243574363 1
164667672742 15
621275362435 0
541537253716 11
134477726334 15
447175344535 -11
573175732611 15
314564571256 4
741176573213 -2
472172216564 -4
325463717715 -4
337614543263 2
623764253327 5
127545176567 -5
467525253433 15
563733177342 10
411522746243 -3
657351716624 15
473241263351 15
524755213642 15
676277244451 15
755672354422 -2
627561741532 10
625466534277 15
343325676577 -2
126174736452 -10
527622156663 0
764436341731 15
767114345571 15
256151226743 14
376717543572 5
377156733166 10
243556267611 3
561553662224 2
265774154235 -3
744713122763 -2
232567753271 3
442723625345 -2
321167675677 15
452567524713 5
332556111135 15
157276415132 11
566443614445 4
114746723717 5
413672724273 15
251471763443 -4
514321672764 4
711457237625 7
656477261547 -14
265215172574 -3
537541474322 15
441516233374 -4
123466512175 -4
425662763331 4
641275763623 -4
226342615231 15
344766162221 2
426662141537 -2
671163672221 15
645361712246 14
346341747337 -2
644275376714 12
346366233777 -3
776775175476 2
741343762427 -10
335627142616 -10
343472256555 12
364333415744 15
167434346166 -4
321345363542 11
563645751237 -13
675657623652 15
545267137125 14
414213567757 14
355355174463 15
525646727415 -4
453353621217 4
541253421257 15
774435643621 -12
411571435252 10
163344547754 15
714634132715 -2
632437616615 14
414333267351 14
145174542532 -15
222755525652 15
452775633727 9
346752113556 11
671332341262 -15
215373152146 0
613543727664 -10
756271474332 11
363725262131 15
157123425217 -2
272245114325 2
455157723564 4
742637615317 -3
612353624755 5
464533711324 -2
161217476557 15
245745447724 6
274356752152 3
537665175221 3
311645453516 -13
263163345144 4
223337535576 15
175441266613 14
671216431226 15
714222136517 3
442517537226 3
156711537226 -4
367156354214 -11
545633454722 5
761314675131 11
613423654412 0
412572465163 15
473674551745 15
165212165532 15
265162557732 15
234747247637 4
755266264214 -5
265363135637 0
175214776516 15
136566226112 -4
521654472646 12
316174635356 13
243473367271 15
426675615531 4
453373637266 -10
527465771624 -4
121536754672 -4
764376546535 0
251426113546 15
136373765217 15
612364711756 4
172237344246 6
163316734416 15
422674524635 -15
421565727635 -10
627441374263 6
763163171234 4
661217264757 15
745232622324 -13
157273365367 -2
545735515453 -3
427335112115 15
157737144175 0
217566456137 0
737163164623 15
754236564446 -5
444662561657 -1
374214327373 -2
116315413322 2
632761556154 15
253466315475 -1
237117145361 -1
661744262352 -13
166577556224 -1
543237763574 15
614552364637 15
312533735671 5
227617156214 15
773461664731 6
615414223145 4
572734763423 -2
233371554725 15
312623476225 3
725465276416 -4
572433263276 3
625577732261 15
267755331753 15
541656143725 -5
274775355331 3
154244643371 -5
122353642275 2
623247374535 15
775462543146 12
173262436343 15
641257647734 -12
155262674434 -4
234261773534 12
121475456415 15
352144346635 15
423643527511 12
372154452333 5
644132736734 4
421626241733 13
573656133745 15
422623663527 15
252257173264 7
235444346721 15
663421324573 -6
731234746261 -10
371644115232 2
624117367312 15
613522513247 11
576741167653 0
457733312344 -1
347725641163 -11
522241733254 15
672612643711 0
462146565574 15
127436353557 15
442531366461 2
425721137123 11
657764143375 13
161272451261 2
246341753716 15
337774764734 -1
651623344211 4
616525372271 0
113363124626 15
653344572476 15
541113653536 3
647445364136 7
321712665624 -3
163257542451 15
316276317424 2
336275113666 -3
142563225173 3
235677416162 5
521546367165 -2
742434665627 -15
745441743657 -2
644212574243 15
311461421765 14
254333164655 15
121734371145 15
442627537336 -1
651241625364 15
647725212136 15
367517435364 15
465311776675 -2
212346167546 15
461216311424 13
112637745121 0
151643526727 9
315253162142 1
432113273512 3
215236233572 15
535773153274 3
672353241556 0
634234757723 -3
441227623145 4
721442365132 3
625666262371 15
754736243751 4
454261567434 -4
663445274472 0
163771356142 11
764473223674 15
731562627361 15
537756362367 1
765317232441 4
742335337462 6
437723553157 15
764335155564 4
224135622746 -2
117214534777 10
145677767672 15
135623157362 -12
141335147466 15
613473255772 -2
613237732437 1
142567631345 2
434157115253 15
327725461264 2
326644762766 15
745354424247 15
747651333634 -11
725637233451 4
215415611654 -6
564237522112 10
712313136434 -4
464233613724 3
713637517645 15
537351474673 -5
154613776323 0
236173565426 3
615436766346 4
722454343623 -12
347765635246 5
666227353463 14
267537216573 2
246521434453 13
653561771221 3
576355616143 15
225637712474 -2
416347726267 15
122725374515 7
262744547331 0
167146433313 3
555746377314 15
167421745522 -5
315314172366 -4
364671336754 15
163465437717 2
242377165734 -2
251572323716 15
732247141535 -3
454621123154 3
272316654161 9
124312441263 15
622244271313 -3
241755267663 3
776161641433 15
214365335156 13
636722317614 -2
115543226723 -2
454735125643 15
735274331743 14
472475343423 15
447166313762 15
574436561356 15
361443475755 5
637216157226 -2
163422376164 -5
622513734325 -14
441144772656 15
352571732747 -2
457123762614 -2
461714713657 15
236465724367 15
515362321757 15
677761416731 15
555645141375 -2
562433574753 15
543434115641 12
246255463757 3
114757146764 15
262752477263 4
735643544625 -1
636162174647 10
137772325251 4
556164762335 -4
345713553545 -6
424253651437 -2
723462415347 6
772556166351 9
377461313652 15
572433637231 3
717715732617 3
771164642153 -5
737355371662 1
736572132565 -15
322335477146 12
645527176743 2
114377371361 15
651431615451 4
357421115346 11
234323511132 -2
147523661124 -6
434532565417 15
717767156361 15
161357715574 -2
645127123415 -4
112124564532 -5
472533563265 15
444226232457 15
652114232431 15
631472517447 4
231346544347 -14
762642764115 2
464322274176 15
465672315212 0
326514546663 -2
232753246157 15
676275374254 14
342257734531 5
674622334375 15
651724553324 -2
355246515574 3
464263116725 14
612552747466 -4
344221322753 15
744123214363 3
741657721452 2
613436656357 12
475642153437 -1
766211354426 2
634367145625 -13
462131626741 15
217424623345 -2
541241414555 15
653346136775 15
331277655241 -4
221667646146 5
532643746115 -5
734112725114 15
277644467343 -4
362464471134 3
241256112436 -4
257366356335 -3
155763651125 -3
231341737532 0
674745142552 15
362453237666 -3
236155171357 -3
517732361325 -2
571142534371 11
216675237425 15
323622347377 8
536142252621 15
562635741546 -13
272653523724 15
137514337722 -4
425326231131 14
717216426664 -1
411345123466 15
376432165423 -4
412372717515 15
255636711223 2
214176247365 4
157326625542 14
221755327471 -3
312656343525 15
124576173742 4
214266455563 0
663744611273 15
731745165227 8
237541436356 -4
737677466215 4
131231225747 15
315574373446 15
215772157336 3
112613175617 15
447452575622 15
135172761433 2
617337754115 3
737645126273 15
375552271713 0
771755364146 15
146652736615 2
322125771562 -3
211227216376 0
566475131162 2
747536762634 15
153514667134 -12
445615361764 15
444757222564 15
431625322361 5
237521213257 12
572161617326 -2
216631721135 2
465476357664 15
675522227734 -2
175212731741 2
447742324516 3
517764534736 10
512173271364 2
346312176727 -2
265671126536 15
652342153617 0
576631244244 -6
476124437615 4
571737773652 4
455237572366 5
165132354542 12
564546465163 15
574663332557 4
751421423751 2
227625141514 15
122257744745 12
764124433622 -1
655473243722 4
341767546545 -3
732557364625 15
357461257132 3
671323274271 0
423513711276 -3
467114716622 -1
132423432731 15
647373277435 3
575437466262 15
522636641516 12
523162155632 15
532616472132 11
777634546426 -5
545142664176 6
124321322645 15
633761477461 15
473256624225 4
173365145514 15
654147475366 15
111764562363 0
664275321643 3
145325626445 -4
166317147332 15
324254544113 15
251467653471 -3
215374456457 3
265427316164 3
233261516345 15
115767676477 15
436754215652 15
436215175672 1
275714662676 -14
314571337566 2
415557324444 15
542714553116 -5
727425312636 14
547546523325 13
226656371275 15
552246436537 14
122155542464 -6
451251433256 15
666355221347 -2
334524274666 15
472674211226 -2
527236457567 -5
736512721362 -15
433536315544 15
735153246251 15
611535424547 15
663754321734 15
673264154422 14
163462557421 3
755577367226 9
554322732723 15
343751461623 15
723321271631 5
141773447375 15
124357355633 2
514214512432 15
373374561641 0
524111247727 15
722631523624 14
322761252766 15
335732766572 -3
132146752116 14
242512334145 14
265456721524 -3
436231571377 4
747262724137 2
467467175514 -6
157411136421 2
525214475666 15
625163717152 15
267417172722 -7
775153443225 15
342514273137 15
226723373241 6
161355725344 -15
315473316443 -3
713667453623 12
271736151526 15
121136227256 -3
243361327255 -4
753776567176 15
517361127357 15
771465165455 0
334225772172 2
447362352446 8
221115376162 15
651745725331 4
614552746257 13
771143152573 -4
547524133762 -12
766123233121 15
171676222164 -2
263461362372 11
616437275637 3
513636124457 2
125156736327 2
223467334752 11
514473254646 -15
427357554635 15
163534124651 15
771142437451 15
175652414714 2
414264216331 12
423521717243 6
325756351722 4
572612745376 2
177755573241 15
332651742754 11
646337456615 1
572743113514 4
641525644621 4
316644154772 4
111527631465 2
325462331216 -3
565177554213 11
271227756162 10
126735772653 3
122775127152 -2
113112452467 4
133237452676 14
523723356162 15
512467543553 -4
743532463675 15
375332637456 4
321763561657 15
145627332375 -5
662215346773 -2
451741636327 5
366464527165 15
753172536235 0
454361672751 15
464625247217 15
433716752265 3
455475231212 -5
726231275431 11
422711625113 4
362542563527 15
356273355723 3
676763252445 15
535656672535 11
217235376762 8
712257571532 15
566126734227 5
271612214337 15
311575316227 1
564771153235 8
636773463254 0
413671252527 15
551456412733 5
545763241315 2
656255721674 15
315665733537 2
165375472236 -4
525553373175 8
252764636112 15
112125763617 15
512215567712 2
771653173626 -13
354731467154 15
244654132363 -13
557143162453 -15
552467235346 8
742722335772 -5
556235235272 15
612714456376 15
656111731475 -3
347511263656 3
343443735624 -4
741236734262 7
231126564241 11
316266555411 11
544632622746 14
542115364624 15
347173422525 4
356476572631 11
165124765211 -3
614751762644 15
227234311162 -13
175252536511 4
553161733443 4
342622526754 2
652436435571 0
263275252663 0
436545152622 -2
212764532316 15
377723255176 4
657573715142 15
575763134454 15
273122157342 -4
674563733432 13
465716327521 -1
662321712275 2
167577123311 -2
561342566327 9
755644566545 14
352761332243 14
724446537355 2
324424172675 0
353742623655 15
547364774442 -4
725225435617 3
643766715655 15
736615122576 -13
357617453234 15
211544213777 2
714515576231 7
575611266422 11
423614646656 -4
126314237472 -13
141236433536 3
725612613671 -2
436615512547 11
262711436361 6
465622761141 15
727541435353 4
323616264572 -2
544473353612 13
452773511276 13
145332337722 14
435713672321 -2
161227564675 -9
134271744366 15
614617331627 15
311664155576 14
275166335513 15
425326124261 10
264343217211 1
