7311632421 3
1363255622 -2
6127633266 4
5733513641 16
7141722225 3
1765627254 16
7471552635 -4
3265652452 8
4363131736 -2
1431657457 3
3511644624 0
5173166661 1
1514621531 0
2652255553 -2
6436361223 13
7725355464 3
4467227464 -6
2517277576 2
5534427153 5
5166352375 16
1234367754 0
3344243546 16
2316332552 -4
3544331644 16
4542615555 5
6714762244 -2
7237332263 0
7646331312 -4
1524524427 -2
7365217473 16
6115232762 2
1443521111 6
2155631633 -2
2713224511 4
1716715265 2
5256361344 -2
2734122221 -1
1263515511 3
7711255433 1
2265472652 0
4664771717 0
4427571253 3
5133172316 16
4412652431 -5
5435115615 -2
1634342744 -2
4534147643 16
4157751665 0
5254341542 -2
1715525145 4
2615743352 -1
4171142251 16
2774422153 5
2471134744 9
6126451215 -2
4725327432 16
4463455126 13
5677656645 -3
1122112551 4
4212135241 4
2413224561 5
6763372735 5
5512433642 12
5672125222 2
6531122713 2
6145416531 2
7154725652 16
7212317646 -1
4231722716 4
4265142123 3
5136676123 16
1171241274 3
6623232616 16
6374557512 -5
2612143337 -3
1265731547 0
6744366237 16
2446666246 7
7114234462 1
6436643214 -5
7315331571 2
3712765111 0
6715115521 1
1626444152 16
5745225141 16
7336363451 16
1614724251 4
2142467122 10
6534313744 16
4773155237 12
4466225157 16
2551542135 13
7674327355 16
6626231416 -5
2574342517 2
4645752537 16
2523771367 0
4473155717 3
2473535315 -4
5776663351 15
2373667622 -5
1256263214 4
5154272346 16
2326744332 -2
3712171175 1
4144177621 5
2455145537 -4
1374211534 -4
1572443241 -2
4575275213 0
2613235741 4
7152734156 12
3513457573 16
5454167524 -6
3552162277 4
4213577235 2
5562474221 16
6646415771 16
2462641126 -5
6654241154 -6
2365412467 3
3135567424 4
2455316554 -7
5542662117 16
5121146434 -5
4745153653 16
3247673346 16
4223257634 10
4257247716 0
5163671437 4
4321433476 3
4321721651 2
5411336363 -4
7252221715 -2
1733315314 0
6747614623 3
7754315257 16
5251457714 16
3667556456 4
6447755311 16
4234157152 -4
5257745414 16
7537261356 16
4116665373 -1
4123531545 0
5777362451 11
5552657322 16
5675454512 -5
6155767737 16
3722327513 16
4437472741 16
2237714745 6
7336545437 3
1265541471 -5
6372631255 16
6272545126 -2
1137637657 16
3375612317 -4
7446635235 1
7375574525 6
6721473231 16
4117134475 13
6573635547 -3
7143513731 16
7172633355 16
2757277724 16
7541337162 0
2147366726 16
4365763761 6
2672551343 -2
2514635571 10
7313157626 -12
4212227527 -1
4224445426 0
2472676425 -3
5152177444 -4
1761246323 8
4156221713 3
2722622153 -2
3652462667 6
6646441115 2
4635671271 10
7233751553 -7
7513542545 -2
3534163454 16
5677115754 16
2655451473 -13
6557755452 -2
3267353263 5
