1245153 5
6174774 2
3461772 4
7216337 4
6333731 3
3657623 -4
4521161 2
5553142 3
3612436 3
5653541 -2
7334525 18
6313774 0
3463736 5
6525735 3
5147657 0
7526634 1
2357673 1
5162542 18
2663667 3
3347277 -17
6446167 3
6226173 2
4247136 0
7761661 2
6744757 3
1415423 2
6415527 18
5233273 -3
2576564 -2
3344752 5
4152132 -2
7144467 -2
3647134 -5
2366743 4
2216224 0
4214465 3
1536271 18
4441454 -3
7132564 2
2463253 -1
5213217 -2
1451737 4
7466114 3
5434534 3
5253241 -3
3555442 2
6151415 18
3121216 18
2543236 4
5541224 -4
7646721 2
2717277 -3
6336627 17
7144133 4
2175633 -2
4444427 3
1734171 2
3264471 0
6717365 0
2653431 6
7272145 4
6125663 2
5532325 -2
4275223 3
1221171 0
3353627 5
5161275 0
7532135 2
1164651 4
7372764 -2
6744462 2
5127664 0
3645544 -2
2774311 4
5523754 4
1567445 2
1543532 0
1455445 4
6467454 -5
7462532 18
1761264 -1
4175511 3
1532121 2
6763457 -2
5266551 3
4543311 0
3712737 4
5734536 3
1151334 -17
4444556 -17
2421217 -2
7351646 18
4155211 -2
6451621 18
5657774 -4
2533363 -2
3553523 -3
2517474 -11
1461476 -1
3324716 5
5261154 -17
3177477 -4
6357622 0
3617344 18
6733422 -2
6664416 -2
3577352 2
6346425 -4
4352346 -2
7374277 5
1554764 18
1152267 3
6263215 18
4753224 0
6652517 0
2171776 2
6636664 -4
5244473 -3
6612734 0
3662537 3
6411721 5
7225243 -3
1367662 3
2676527 2
5146154 2
7672166 3
4117316 -4
5447172 0
2173632 1
5742462 -3
4164654 -3
7376551 4
4471753 5
4613617 2
5255726 0
7415724 18
7115335 1
7247132 -3
1632277 2
1234573 0
2311327 1
5147142 -1
3613465 4
1535532 0
7614446 4
4446226 -3
5146437 2
3365267 3
3537222 0
4452577 4
7367766 6
1422666 5
2545266 -3
4417252 -3
3743622 -2
6727361 0
7111312 2
2535577 2
5612354 7
7541112 1
4171456 0
2325465 -4
4717374 18
3563455 2
6524527 3
1566661 3
4476753 4
1766731 3
2152662 0
2771511 0
1341473 1
4317723 0
4774431 4
7517557 3
2141374 -6
1374474 17
1514634 18
5366767 4
1566775 1
6673747 5
1157172 0
4566156 9
6343152 13
1451352 5
5724567 2
4323667 1
6541471 -1
5452443 4
5144636 -2
6432135 13
5156167 0
3216355 2
1563112 3
6361431 -2
3577643 -2
7315161 18
5553254 2
3626775 2
6777765 0
