637757725264143662261251327143 6
626155275213554341774765771336 6
767361513413573635221427356157 -6
513124457354423512621623665723 -6
676132512674652512554362174344 6
734161363717416214663547521345 6
347263755317274356163614272463 6
423776771533266231271551645452 6
253471376456154122432362641567 6
573672214414734621337262661714 6
617613451426526335242411712335 6
653377422462354453452411777136 0
551134431335461127515776723653 -6
117174375646246544253264657216 6
422322577417437346112567465657 6
437136452532345361736752211754 6
374462753275325726211474615336 6
136524114163764554726522274676 6
725626124437573735465355611321 6
161523413516633751727752466123 6
446317345132615256367542542157 6
164267341156325616423725772311 -6
247732763775632266434161451321 6
345176174373166542357215625635 6
244543343113625232141536647767 6
756263167163161247352243572551 6
646255273346521341311254377345 6
336124155172531641532127463672 6
553127733761746225446224115556 6
327415762416524521635662337452 6
614525456737177716521173365344 6
666376234275351375422424115726 6
432237534356365443652126211567 6
164232762525474361653471577163 6
673127254165674436452352543156 6
466111745437521274733553237641 6
342763421465375161555134227432 6
637232155135464724276626145546 6
341742361232117657517563454433 6
436651652242676515371754123145 6
121531461532721676741554372766 6
163562737115314465675513477721 6
711224256247333114255716713456 6
213675675624343275277613317244 6
642167222572561674114776353544 -1
751237241665343616416675141332 6
775566344546163333721261364111 6
554156622267145711477643753321 6
723356416751217664436525121375 -6
631354727732176144612245447175 6
117646137663414553542252224746 6
324573562375571741713142342456 6
632121571547433175643476162261 3
357251266774737562543731261343 6
341375174336227365247162647324 6
561411326336163532447125745265 6
554632732127757646614732265755 6
254314136571116655375122764362 6
246572576437154416234313255167 -6
276425254313626725147754112411 6
357244114766765622172471541343 6
123675464371251251376617571353 6
244441523217556776512612473765 6
542133621177336266625713254755 -2
776432154435124637736326741653 6
451364752713175124146352252676 -6
132111555445633462375324374775 6
645743373575134261726355125413 6
531154357177262413621556425273 -6
634432313675764552617713541273 6
151355666143114332235663167275 6
524765632413737541361732472142 6
524646642763764712511347427312 6
731742422674321236217765317665 6
724355741137743636616252552574 6
542265523611366473217616114724 6
723346112514654224752161663734 6
347743457653613312362716117525 -6
475276151431715526575633334742 -5
774575555213412566362477331132 6
277367745536335713521511627415 6
544574663772171145153353126134 -1
226467514561531536511672677735 6
563766221477115651137723143435 6
135761731165432221364426775456 -6
662651116412213673345431456224 6
267254271314746117445233756375 -6
417613562544574631757115471333 6
471643167554712243365331627432 6
276345325517113371761443424276 6
362214115651377524366452624413 -6
537665527637116654241173475214 6
251327411132766447575674762341 6
662156221647152343537177321344 -6
435374122153421641774657756165 6
117354463275376214175425646152 6
716524675163743632535617351372 6
453545477727216337546415624153 6
753131621574166751744545162376 -4
624755267612135442617732437613 -6
361324766512677357172541344226 6
122666555324353571611721346473 6
216153411135375626145672527477 6
376414527234465317425635261452 6
167323171223525235773474466354 6
241254464623773367715732426621 6
216334175564263144153551421367 2
155126567172712346346627237743 6
441244576714757361132377565525 -4
761752677217415253143523443656 6
726442437216365124625713154175 6
553634452211136647224762255133 6
163116744714742566614265172272 -4
376513335664472235775611163712 6
326574573124127544565643116623 6
351762356536515326117262342754 6
544514133177266362275637622655 6
741117753361351563124757456436 2
174772266661451253226561457412 6
153317621724562321654257754644 6
511724475221367621441447362152 6
266455123775346376431722451122 -6
713223335776521546321431656225 6
157756672322262543424414661437 6
167446435564432375253632745312 6
662725437352547122343263456165 6
316131521214376453671525244247 6
761743316556245725537716664441 0
527465665727211435543351217217 6
763575541447352355666224717714 -2
723127524152566661673723341315 6
526276646545732215271412316447 6
366452433544232475711277776164 6
775223742317713262641663555563 6
275772426345122113351555766642 6
151165437333446677162152525224 6
352721666271712744371436475356 -6
535731447614334262326551675416 6
424716353321323575554536272121 6
436266573375512261152715143724 6
457765257421236331415634127713 -4
417213552663613211777632243256 6
235132637456254466137225467157 -1
341462716157755531754232237416 6
165365675457312123354467247336 6
317555634673635214362247131654 6
443567513217261624344127516471 6
337465414657462252177127271133 6
132713254155641616772553673135 6
425232515447771475754622617336 0
173667735344574632421321735616 6
717337554357172223164645563123 6
662115334271164745722557613756 6
336576511741613225567212444762 6
156322172224416743715541537567 6
321763462742421174616345752764 6
525442117531165533233326456721 6
457666633514267171573254143225 6
772663234236417511515142737326 6
132755442173633271274364513627 -1
647764363147762736133527122412 6
427367343526561755512174572371 6
345277435161172563433414561651 0
537433644557726515745621224471 6
153466234112637754213535315276 0
677274211625411764326316534624 6
132445476512625633417563572276 6
641344566527213317222167433534 -1
436416435256677717551154627213 6
754337661122674612536211577715 -4
316771416537256756642772424642 6
323722355267136656347517347241 6
477465211756365534516332734544 6
112266151723737757432762651533 6
576672652374464715211161124624 5
165137337412671477342556521162 6
165573273472144264263477235134 6
411574215343213217672422656773 6
412463753721325411752364634727 6
722262441631357745351773315612 6
426275713111264417335347625674 0
627133251175661542573736247647 6
324256317763112164573412674236 6
167424576264125725114367143635 -6
621716476773465264351134515472 6
575611164471322577426541236363 6
321527745457655612347346746611 -6
345731452345613272626744713715 6
244134563143272715323513145167 -6
567145261374322635426373654121 6
135566545247355621411464712214 6
254724715135524317366327376213 -6
571551264364427411763617226377 6
354345642327635631247756421167 6
235465414527231231171267146435 6
467574162331126764243167153526 6
432112125654277455664347376341 6
134725252543771631536572216166 -6
645773545336176764231712222163 6
212341646775125721551223567337 6
475441651163775775334346262621 6
565657756537176227352113314614 -3
147516356676321326312447437514 -6
347174221441362667564752352165 6
313566465475521712427535672614 6
714567463611737535425516227217 6
217165112455573321677662723733 2
551327332223653255161646216177 6
623621156643523127446341753261 -6
776463535541262472326474512661 -6
253651766477516175221443212513 6
245345727511254766375344622263 0
774635741312664641217323151574 6
331351711743524555367562271442 -1
671327655445567246274463242551 6
665657274375432632127115256726 -2
754561627356131737276331312252 2
