435462 18
575651 18
543263 -2
461524 18
342132 3
753511 -2
424146 18
772336 0
112242 18
312465 2
346531 11
677746 3
734372 3
672245 2
644751 4
151253 1
255675 0
235121 5
345247 6
144443 1
744457 0
534554 2
154325 2
565322 4
111214 -2
624237 18
475757 11
523153 4
261643 -2
464445 4
543621 2
353121 4
723223 -3
342711 0
143266 -2
134546 6
317377 2
541765 -1
412475 -2
615156 17
275234 0
125425 2
377731 4
765226 0
154324 1
774635 3
115657 4
516476 -3
664351 18
163673 -3
167471 2
362242 18
335331 17
222474 -5
472214 18
135747 2
626526 2
462522 5
735312 1
763675 1
157765 -3
157731 2
161561 3
435454 -1
331764 -2
237465 2
543763 -2
334574 -4
475753 4
474324 1
545562 -2
741626 -4
452171 0
552545 18
277436 0
136332 2
527167 18
757417 -3
165254 4
521263 3
547213 2
421443 4
766743 3
745365 -1
166215 2
426143 12
173515 0
621223 2
421661 5
122517 2
377515 0
154176 4
547327 2
555124 3
511764 0
664473 18
433173 6
651126 2
654113 4
323675 4
466554 3
761367 2
312471 0
266625 3
241473 -5
144364 1
622532 -1
621264 2
775771 5
246432 -5
522573 1
462453 -2
561463 4
372175 1
627166 4
652565 -3
521433 0
331547 18
712422 2
477451 17
275542 18
512515 1
167271 0
476214 -2
226641 17
423214 -3
643317 -2
623223 3
436774 -3
166447 0
325442 5
143133 -1
533115 2
627444 -4
472245 5
155452 2
433521 13
546231 2
147275 -2
346465 4
225345 0
433471 4
441262 17
147336 0
743626 0
514221 17
436227 3
357764 2
724322 4
636212 2
635165 3
274214 18
554254 17
774461 18
624132 18
212317 5
541262 0
337226 0
661551 1
165364 4
545666 10
646674 -5
271433 -2
674375 2
631412 -1
463161 6
347537 4
262425 18
172426 2
116662 3
612513 3
763264 7
614214 17
364663 17
764543 5
737376 18
745755 -1
643531 11
214452 18
312765 3
367176 1
553565 18
715467 0
175553 2
521361 4
477235 2
155327 4
654744 2
752124 2
344513 2
741364 -5
474647 18
615444 0
327732 4
224221 4
522376 2
353126 4
537756 4
266526 3
136255 0
