2764637675733115572 2
1545122677436744517 -10
2664531245767331261 -11
5526335723175415144 12
3224526326734133164 -9
1654355531617413254 7
2264151673733722661 0
7614623543315775331 1
4725533475432315535 12
7151341525446767754 12
5664761166414526271 -8
6166152454465664343 8
4771667327567122466 3
3521251462626522317 12
3632342335776556237 12
4327246516535221664 -11
4521711611246677164 3
7477225773421656371 2
6623341261535125475 -3
1666532227262164716 -4
3226474762214271163 -10
3652332554741411263 12
3674211554637476563 12
7764321562213547374 12
4137767765275623561 -1
1617423321273155363 12
7513666146157222137 12
3153645372241345275 12
1137367233714541537 12
1477466441272172122 5
5754245534774642225 -4
3247316113257514313 10
6754634167711115767 12
4177424274773347124 12
1777352415232333656 12
6173662777334673463 12
3431665474555522764 12
5364761223546465115 12
2655235461733532531 4
4764421225115674764 12
1224356236115623561 12
2623325727646522351 -9
7545755761571456461 11
6257341775562645755 8
2336215367726427325 0
5643133733534254426 12
3471351532414562472 12
5166672751726451466 12
5171563773162415367 12
7212143623775114445 2
1531262673341675433 12
7353351551514142567 12
3262754344775637746 5
2775615122325475126 12
2441367177552561632 12
6427751447365411416 12
6161362472655732372 -11
1231743672574626753 12
3455462262242414715 12
4774111552246171221 8
6517317777661555241 2
4731121633134734653 12
4364733776446224316 -11
6351271664324636267 -9
3671771746422713641 12
2363562116474222747 11
1544476653634271252 12
6511756427744441367 10
3612125722752121117 5
7616333265747427735 -3
7117573516653334533 11
3765741421765472565 12
1475255375434324542 12
5537463372615625144 3
6316614725125365125 12
3512664436411265734 12
6755642417613141221 12
3562775642321771747 12
5732117275365617743 12
6427655471623744215 12
1772763252174731131 12
5525733753317336761 10
7672223123367422651 -2
6722314426777514514 0
2731421625537271375 -3
3214713623742314664 11
3276257254377322663 -1
1632542275235473547 12
4533452235764367633 12
1663767361615473212 12
6454474133721775537 12
2411226314136671631 12
5774552575275446622 4
6375237177314331453 12
1246212773724651535 -10
6617542213443274323 12
3665327427515477172 -9
6521211442662732467 -4
6142151777332245152 12
5115714742335712732 10
2413726124145662471 12
3331227455651236136 12
2756422317533665353 0
2511445153251363664 12
6732371674225325255 12
5651524736416627121 -11
5431315415747335115 12
6123233444734634516 12
2621416335777712133 -3
7352733255233411752 12
7151662314745231736 -10
1332553223152465631 12
1253446542264656126 12
4211771544326437455 4
1112767577465666472 -8
7175357731237314143 11
7527341176766362447 -9
2453661165661441414 12
1166632533264517516 2
5711776536541771636 12
4576112625567213245 12
3623563611716353713 12
6212362273615514434 9
3451152563175743451 0
3772265237711621135 2
4364372116644474717 -5
3675255167277161655 12
3322235172315731275 12
4513155462441156323 -11
1371225462132517761 12
1147421143725273763 12
1173722345442152477 -7
4615133212422633244 12
4657632753772533765 -1
6724773126256231446 -11
4172447345523164475 -9
4215146562766477556 8
1326627745751312266 12
4467723511121634545 12
5473664412771341431 12
2217155574135374375 12
5677671761142655721 11
7424626672114227477 10
1644347331324774664 12
6212413514122764452 12
1767442217765323474 12
7655432372674366426 12
4645627516473231151 12
4555274156164232757 12
2414677166662774157 12
3112554652443623371 12
5433456142342435241 -11
7116325427754166111 12
4326245441522463246 11
7561641431277717535 -4
5334145753627643463 -5
4531665277222666426 -11
3752361741747464171 12
1413544757331363322 2
4252451457211576533 -1
1176437373322461645 12
3747655662123633123 12
2444166136543712371 -11
3341412536455415615 -11
1715264615434256663 -11
4762672276751417753 11
1742217673735776561 12
2355661625115413627 12
4431236765662131524 12
7766575414333515742 12
4712372362711315724 9
4313342125314452467 -2
2424323617573562556 -11
2266513262372515733 3
3647644545145656631 -3
4145342366413143362 12
3612514765665216443 3
4366322516654275445 -11
1223131166134522664 12
3473113447246574732 12
4577647352445432653 12
4625226546234325761 12
1374523776632334257 12
2463275154544366155 -9
7331334455254672113 4
4325473213623241167 12
7571276632443316461 12
7673332131755753215 12
3555226517526122115 2
3672365373663425361 4
2734452462411354257 12
4427352531737237541 12
7711252561317773641 12
5775516477543125711 11
2516624322244731675 12
3732261555441651726 11
2177367241426717412 -11
2564356675576237314 12
7131634556254534751 12
7135432427764425471 12
6225146635347544246 12
3576121733546664411 0
5674677733145773344 11
4166216523171413645 -3
6541723475513472566 0
5523265153363734521 12
1551267465647734442 4
4513112355467652335 2
6112267165546557662 12
5536744325212275261 12
3356342143375267462 -11
1723611224521166425 -11
7236452654256572622 11
7637313376311464744 3
2354726536173335423 9
3321661726614472733 12
2617521444113611565 12
7753121641435715516 3
3147164273355515765 12
4616636136436153251 12
7763246243215621154 11
4171657427654245122 12
7513151133774423364 4
6573442663441423175 12
5427665173326551442 12
4346544223765422451 12
6362111751462615661 9
6147541227514467446 12
7444575771453113742 5
5123645324716734377 12
5777433551675271567 -6
3455714345751111337 12
4112534732645727234 12
3521355263312532621 4
7771611571426247644 -11
3172641735146325732 12
3362732257643624541 12
6616542744117315611 11
2275437753353572257 12
5466127174566624456 12
4722214645741773257 11
3253677431361545454 12
6517522566462111355 -7
4766612265773437237 12
3147255343452326665 12
2173776174365442771 1
1521542522665466727 12
2315174431636521117 11
5417776667155513562 2
7463764123461364462 12
7756176733225452652 12
5736233616677174735 -10
2265223753166517663 -3
1126124467226347753 12
3163743777657741114 -3
5364175774252463476 12
3461644331271133131 12
3431744212752726167 -4
4332213756241452333 -4
3232515254177421252 11
5155244321527527637 11
4527716536424733225 12
5762672351661555262 12
2663326432615445212 -11
1676141341524153364 12
5134166516757444215 11
1253614554653414235 12
1737116136136541553 -10
1211746632126564517 12
1674574775222613653 2
3577527261335134315 12
2663417713231627166 12
7477652576171173614 0
7241416335377251362 12
4422514245114175712 12
2346256353334264716 12
4315235442661731672 -11
5123116117324462522 11
7557374331721274462 -11
3136536534314512155 10
6167143124162535444 4
7276354455647556411 12
3614625546472477761 -8
1752576172715532272 -4
7652352212212313671 9
1573411232574456473 -9
2436152364114234127 3
3425147311652747457 12
7311651625135265337 3
4421756526145276534 12
1575273757143312657 4
3566356672141153536 -2
6315357774436673775 12
1614112255766474535 12
6154174656214311346 12
7256766345117627523 -2
3453647655443267617 2
2316575465731777142 -9
6412711777513543364 12
2375152744475427424 12
1576656133533216224 2
3423722357656351425 12
4252173536742625315 11
3215252135171166377 12
6533221535715522665 9
6364262333475655314 -2
1672655627363544472 10
5476277223221647471 11
4144152721154733424 12
7557224241542634254 -4
4355257644624733714 12
1471636212236747172 12
7335455617465457237 12
5115765531454137127 -9
2426437622114255473 -11
2147547653417625455 -3
4257735445256653516 12
3436235221647271141 12
5126242512144777665 12
1674317767776136165 2
7262333117114533442 2
1163516636552325113 -8
6355645767255456133 12
6665124562712232613 -11
7117617323736532441 12
3661151611251563727 12
4317125647775645127 12
6764526144141422717 12
4255721665415462512 -3
4112563331616331235 12
1363372476257416261 12
1715327246635477133 -1
4736653365473432577 -11
3177154677461634451 12
7575255171425744643 9
2545617246776567342 12
6772243155114354512 -3
6617366522632725657 12
4662761554163143472 -11
3563377156337722636 3
6512672771314216542 3
1766752643517757716 -2
3761221641126565362 10
3741445642561764166 2
2441515652314235562 12
4271715126776766551 12
3651364613137771657 12
3444645215312266344 12
7514221766233617674 12
6365572675175625222 3
2425656755663133322 0
1351557167127566115 2
2116724542277534343 12
2164412552663111265 1
4675163474356144361 12
2413471345611267264 -3
3636731726542254521 12
1326572277535342751 12
5346463555117463477 12
5217317342452137167 -10
2667652111725556261 12
3245565317642563326 12
5315677222255464355 11
4665651724112673662 12
2575452217552361267 12
1753532455366153215 11
5256372577633673337 -1
6461462173244117631 11
7232543755552764732 1
4341721256154325217 -11
6374145641176741726 12
7171453446373624514 12
2146431462432625572 -11
3154426166731143423 12
6726264421124517517 10
6513757663677451431 12
6446556376132662147 10
5263776626337533237 10
6614437114525236646 9
3676631563723551263 4
7311734627767112271 12
3531767136114344144 12
5452331637531734252 12
7573364543322655341 -5
2345622666631777421 0
5653257137616252311 3
4531531316772535135 5
6734255433717462133 12
7441236132346612773 -10
4173741177233572534 3
6561564177314517272 12
5423164417114674637 2
2253273277155176556 -2
1345654347557513745 12
1511176554557241517 12
6125332773675457512 -11
7122562163157751531 3
4445526112166263356 12
3774771163353122663 12
2125534665412652522 -2
7453772657453274431 12
3345324166152735467 12
5421151332246765655 12
7531521114535646674 -11
4532235121542772445 -11
7772626527561373171 12
3643722512764666124 -4
5767436636454462544 12
6223543664722445147 10
4453463525734312353 12
2313326362573667562 4
5175263413211166357 8
7151177531245311335 11
5412542761247231536 12
4557743273516151673 12
4662776667534513521 10
4512261254547631431 12
5444253135225142577 12
6232444412741124161 2
6425325543656652232 12
7614615114325241613 -4
5433341516626622315 12
7154323432622257412 -9
7446427657611751461 12
6272332751337271133 5
3554746652757333176 12
1332633117323676416 0
7552322116442375546 11
5562343463116577364 9
5476115263446256166 -11
6247732425365744326 12
3714353342612572652 12
7762275754414456426 12
2272266554242467557 12
3736626461215415523 -11
3714321151727556156 -1
7453461532677273625 12
5113642227513367544 12
6117413447476511212 12
7175551127442664453 12
6462513673476324761 11
7262226637743715767 12
2334622735776217623 -11
1163717663145455713 12
2113433634143547414 -10
4656232765772535131 12
5554124337317475444 0
7523177166333373474 -9
1764772353341264716 12
6344124152173756514 -10
2316456247327776423 12
4124617544376676731 12
5415354671675275133 0
5124733115634526572 -11
4662666361125274134 12
1416635344511134463 -8
4542432754755241224 -5
6215676252157735117 12
7315715577462336564 12
5746326464127777123 12
6644132415213166773 12
5522633361174376574 2
1253746144456446176 11
1462453317622433272 -10
7216354771673513457 12
6643253576726145615 11
7567767755112217116 3
3733522531727423513 5
6724271331264662622 2
1253241373663471267 12
7716423153125265366 12
5757746553242751652 -9
4527771142626743212 -11
6551626245715126535 12
4132464677757325721 -11
6431664213665411311 5
4452225543533327622 6
2744541753754612664 12
2451755124542262257 12
7632755237521717341 12
4666512244247367231 12
3117436523124652477 12
3445247172252561742 12
2131767444362173236 12
2744627243455462272 -1
2173641632672416465 12
3423175776573223474 -11
2535265416731552277 12
2452335314335675116 11
5112521137676472643 12
2242731211757756713 12
6514142361461227147 8
2464127137427465215 12
4511567353346375126 12
1277165741127524436 12
1332766531372512157 12
4477455566627732766 3
6672431166422773772 -11
2346453451133275273 12
2112747577615656225 -8
6656634534323524512 -11
6713212552334211363 12
4415516222445657117 -10
4234176561465761572 12
7162565777351615551 -11
2755244473362761525 -7
6115546173745143371 12
4221432614457211631 -5
3632531236365366161 -1
1623263175526126725 12
6226566743661533315 0
3572622374525554651 12
2155615667427317452 -2
6122167526246316546 5
4521416574272655337 4
4223576756757432123 2
7122647744436215362 -11
7117576526226444156 4
2414553751465762246 12
4233266536451471147 12
4656541714611323422 0
4352533135256427172 12
7736244715425775471 -10
1335274271622651361 5
6577714672227342251 -11
7436116314164253611 12
7256332172777671223 10
6145136227654321124 -11
5724264236167341317 12
4764555767427316357 3
6133744455532627615 -1
3644441775164132675 12
5437315655223774664 -11
7335233363424154175 12
2467421624336572116 -3
3122775613215262237 -7
7346175111643544214 -1
6646452223411434375 12
1733136627257123322 4
4571123726567471463 12
4354521637671141656 -3
4175475665334712644 2
6211737375433657366 10
1373776421157133171 11
4655467517317551457 -11
2114773165374643173 12
2574352163557251157 12
7666224221747167212 12
6744612555774555341 2
4246224263673427266 0
6612711757353166726 0
1246335265512173122 12
5423331546757143241 10
1234371464337342655 3
5756211161237653264 -11
3457656256777644427 10
6424336275665553311 11
1652326144462656672 12
1654165321727177333 0
4421725621731752216 12
6427367337674646754 -10
6417132153553171166 5
1667436651441722472 12
2664547645147663273 12
3714116545551675417 -11
1346742764655347176 12
1274643141572653615 12
6662677134433423412 -2
2127736452567754652 2
1624143167544374252 -11
6126736762263255355 -9
4167132524123345715 12
4743656577732225217 12
5736542536674415717 12
6747745327255165742 -1
7476465627175752252 12
6523234314144175746 12
7272177243311173265 3
4147773754134332371 12
2326576744663763115 12
4356541416473462622 2
1136423427257661712 12
4277554771331664114 11
6466744554473671543 5
4141233234236744577 -7
1444242367775362317 -11
4157151574231766553 -11
7334471424555351636 10
4112412553233276473 -11
7235352467774147715 -9
3573316377572615323 2
1466175537314153632 -11
6217317454442632451 12
5553632442223135155 -9
6773561657245764667 -3
3773437564622611663 9
7245553141627322357 12
2466535633537221644 12
6476153145256111177 12
4671343247744711676 -2
6264442511262637136 -3
6165567366577757723 12
6266123763147425326 12
7673271261717664741 12
1237641231446476436 12
5176652263253142567 12
3626436647254667772 -11
1561755377444746173 12
1734735332542772372 11
3142225372165623435 12
1727227766654116431 -8
2127227755162525677 12
3164111137775634217 -2
1716176251115264234 -10
6364237545427471464 12
2613572213322335416 10
6442436352145435532 -5
6256542156246224324 -1
7677427715515156211 -11
3461135371273216632 2
3461163563645654224 11
5431434122761567175 -10
3227376242641516153 -11
5741442273574726721 -4
2615133717524443435 -11
2645571173572312666 0
4351177364657377446 12
6342565717621433624 12
2337537565337424773 11
3166737731122434547 12
5342252771337132734 -3
3313316532671165732 3
1547734145537653772 12
1635566112464714727 -5
4546165531175433636 12
3345624752141573413 12
5774277666413113622 -11
5356752765466512326 12
4767727476453224175 12
7642551611613712621 12
2317166651533612764 12
2247353723715733664 1
6437455514331244166 -11
5261643663623517416 2
4362261554273134371 -11
1434145177444157511 4
2547411572736257667 -1
2723127677376351733 3
2424475633735534642 -11
4361172445672111671 12
3711646741252632251 10
2274412654336411544 12
1667434514311577664 -8
2311263216317245274 -8
7511247463477361413 12
6434336746173356277 1
5664126474412241527 -11
1224546513754274267 12
7313576137543643227 -3
6663722354115642523 -11
2343245432245733216 12
7716531346466714333 12
2214563544551251421 12
7437334115176671371 0
7777166445256236766 2
2345514464447615331 12
4631173442135772673 12
5425261244427341116 12
2632324664777566632 12
2372312521351531472 12
5614227225477364266 12
3671455313524177477 -11
5661667766427742544 0
5176673332574713764 11
4353714346367614236 12
1342641556737362656 12
7434634132454236647 12
6332447675442575544 -2
6711635445156412134 12
2233274232616566761 -1
7145374162446565763 12
2175146563546552721 12
4135346251371365513 -3
6154655623111364734 12
5132332146645167153 -3
7226571732327632715 12
2162442566164374566 12
1144462313545527214 12
5373644144226422327 -11
1434343325763642731 12
3467222176133215645 0
4562251443713352661 12
4763227522147426746 12
3145642155153563233 12
7426475172151641371 12
6231562515557651313 -11
7535426711555241262 -3
3465156243415754225 -10
2374116143647744714 12
7246664327674361717 -6
4463372441512765652 12
3431521313621247463 12
1453525676323137254 -11
7373223632111354171 12
2317714254372674167 2
5237264143735131543 12
4425363574722664223 12
2735733361752446651 12
6361373637133467416 12
4144277737131266724 -4
7116325617115263226 3
1541746643625543632 12
6415677324234657274 -11
7277432621435146156 -11
2374571622742457523 12
1436413453371775752 11
3353565632176427716 -11
7131257723556212155 3
4177766753176546124 -11
3676177257735147531 3
7631676376243531217 12
2511634757212146156 -11
1114371765732746215 0
3276322152614424136 12
7423175734342162252 12
2277644266432746517 -10
2726315372332312341 12
6422443666467647572 2
4554731144553536347 3
7727534134472666643 12
2265676132325636156 12
4527736565576327247 12
7146751223611457671 -2
2767233143561162543 12
1757173312763652236 -11
4125414376151412274 -11
3111273146243242412 12
6215447167164173244 3
4532556662114717575 12
5151224317455623465 12
3175652446717712215 12
6721625462364225166 4
6255373734722151171 -10
6675731556417424552 12
6517277766723421562 7
6373266177673171271 -2
5245213324417773443 -9
4571656742773157515 12
7122552726636745235 12
5256531227462642712 12
1263556462763137723 12
7262724335275151447 -11
4241613776613764374 12
3562176164761373712 12
1736572274175765414 0
6365314667522227225 -7
1371264617444511174 2
7276112223627773764 3
3466462243432352356 -11
7535477124414753412 12
7156617361472367234 12
7614514127367774136 4
3661522156162275735 1
4322453726426433273 -11
7446773725566437545 12
1511772176366436437 -8
6766255346772161747 12
2131442576261251712 2
5776437312221332756 0
1767573272551374655 2
7216734112742241653 12
6474126372664312444 12
7571234733512772755 -11
7322154125722266615 11
3622627251357536546 12
6347165511557467266 12
7135755623176134415 -9
7524457212166666351 12
1115651446466134732 5
3527544267377522477 -11
3172341161175264333 9
5264124455267474274 12
3413572473461627764 12
7612535775225654731 8
3734612525514757736 -4
1715472753651551426 12
6345243635474334113 12
3237234445157213361 12
6176242231611413544 12
7132456717133372717 4
6623575423615173214 12
7631411541455277152 -4
6265732545527765313 -9
7463333763417464764 12
3257646511271472541 12
6711546262167115257 11
5556142535267316352 12
4131373616644342716 -8
4713642267732522663 12
6176457457531123461 -3
4774253731612575224 12
1422114253754721512 12
4667435537535217735 12
5645526332552141251 -11
2122247574274414646 5
7174357622571675711 2
5611457661727422416 12
3451132164166743327 12
5675734643246263555 12
6752231355375623617 2
2475346777332432254 12
1755733122737451213 12
7657137264462456632 11
3121773277512733567 12
4332716766437746332 -11
1734176433523175336 10
6162664555525741662 -8
5357423555271227165 12
6721651237561637551 12
3312272641533162662 3
3461433526715271461 -10
4637311746141125757 -11
1246772322474154546 -10
3345644634765374415 11
5612725625617233716 3
1136671456155335544 5
5463437474626616261 4
2567745713754257514 -11
1357142631645236651 2
3637663217444111535 -2
5143423633634276776 -11
5732641165612651335 12
4117446116773527266 -2
6416771523752675115 12
3656676251521536622 -8
5252254666611112727 1
3165627417361344337 -11
7532572736727412276 -2
3661764256711576156 7
5354614611642463422 12
4256645374423525144 11
1547616336722557331 -1
4231732442727567627 12
6162653662552574772 2
2454225734476115132 12
7333527645564224552 12
3125477576223771113 -2
6447722233135215556 12
7631714467173772322 -11
4332346144125655264 12
2161323551561652233 -9
6311741735457571574 12
3511275125277132753 12
2372337165776241477 -9
4614563247144572561 12
1636544521246134134 12
4545643442625715423 12
2312311755252374267 -2
4363626376357214164 12
1635411731673651677 -11
5317337365575725466 -2
2463425372635627555 12
3637775467456535576 12
4725755734336116234 4
6276232245533233556 -4
1326753727613532526 12
7236361716176523233 0
3734214472623646517 -11
1542471166716652756 2
4673253174556515765 12
2347731226172714226 -5
5731437222571114712 -4
7744727633247461366 12
2755415331336356174 -8
7415546717452674753 9
7737442742412323353 12
1441234112251177665 -8
7616775264523754412 12
4573576743575622111 12
7555674633443674733 11
6421615355353271733 12
3461313467132164321 12
3224765411367422411 9
2713676134665413416 5
3413164674633746732 1
2416565433233443362 12
4474631425321144561 5
7416214477312125455 12
2321122561762475351 12
2624324464143126176 12
2242544656175365352 -9
5537663773221757345 12
5567712531243717261 12
4544664612741747623 5
7626671253166651274 0
1276315362353443314 11
3362212563572375577 12
6453464644712312767 12
6465526151337725362 -2
1257665736263514633 -11
5144741116717762433 5
6317413121627275421 12
3266153162572354165 -2
7543726552542457411 12
4157431443275261352 -2
1756746254171377233 -10
1623722163335157477 12
4577377763255625216 12
2146561371665757462 -11
1277245175336167115 12
5174475715334554452 5
5346126545536577265 1
5743421252235447442 12
5762557664431761737 11
6621235362624312335 12
2512546635774336172 12
7742463373171732172 -10
3562431776545621767 12
1342772321641423121 12
2737545432772431732 12
3776572461113367722 2
5753666675235734413 0
2426714131451343253 -11
2412115276354327221 4
6773254467517421367 12
2563144662415646547 -10
3236117423651276512 1
3143137266117271354 2
3265423166265467144 11
4671545311746573646 12
4365515475572472312 11
7535111214562366162 -9
3456511276154711647 1
6276317735716372321 12
5735345253241453157 12
7746372332452561522 -11
3124723367552413143 12
6624651672434661533 -11
5113162674743162212 1
5611622542571775677 -2
3512437131772444563 -2
6235161211232314536 12
2153433154466164746 12
2644631652427544254 12
6461334622257742226 -2
3544776644625235553 -3
4722417644572667252 12
7422322671713417653 2
1716313471736757275 -2
3321634226266511215 -8
3332611746462524572 10
2366522534162311253 9
6316552547213274221 11
3444613215766232222 -1
3425173362213171571 -2
5166565514133133651 12
5353563516327567334 -5
3516337352562152261 12
2457751121671526371 12
6764522646151461754 12
1667243366561535333 10
5631766215276266242 12
2174272774164112137 12
3414317121764433473 12
6663551153671132561 3
5747116472275677634 11
4626545361471132717 -11
3132672477527467675 -9
6326713722267211345 10
3173151136416537636 -10
3376276645645651741 12
1246462127116252162 -3
5726475762154553264 12
2432144145153774623 12
3213533663757545513 11
7464721767315512653 9
6313274451267347247 12
3675176116617343327 2
2312364363457466731 12
5763371572433373226 3
1753654571234316156 12
5716677776341352756 2
4543723625631637352 12
1471555245452156341 -4
1451412236471465453 4
3633212262336772643 12
1177145556343144132 12
6776542731272132463 12
4227542445431742376 12
5643457212175477765 2
1645262627755264236 12
2521121235666375334 12
4355332524361573173 12
3732435775465721254 -11
3742147661175655114 3
1513332164422363244 12
5164477237672764432 12
2337574214516635617 12
3472165674573655226 2
2267236516275636145 12
6352353122134452653 -10
