74371446 3
72622445 2
32324715 6
25344641 4
17352163 17
32571366 17
32357176 4
15426741 5
36426425 3
17267134 -2
11573447 3
31272763 2
65755676 -3
47167124 17
74256435 -13
56552643 -2
24423466 -2
35744365 3
14713663 2
76123322 -3
31724173 0
14423766 4
77413621 17
26347227 2
15776335 0
42247633 -3
36141713 17
44327474 -6
52642661 -2
73123151 4
46235464 -5
77227667 4
52364426 -4
53472145 4
45675257 5
52266472 4
46352341 4
54673377 -2
52227331 15
56173626 17
75231174 -6
46464454 5
36555751 4
54773332 2
76634731 6
65172351 7
21215211 4
76153371 1
25264142 5
36614765 14
62647767 17
33336773 3
54522466 11
26423376 17
57451364 -5
24774464 -4
46127154 -3
42256423 4
65665423 6
22753112 -3
14742364 -6
34463737 17
43134523 0
44313254 17
55252216 -2
54117264 -4
21663634 2
13136627 -3
12774455 17
36252362 1
26642473 -2
57644553 4
15715321 4
32264543 4
35122447 4
56115315 2
53656516 -3
32263133 12
67333616 16
66344157 4
67242243 6
65451345 0
24625462 -5
64643776 -4
41144356 4
21215515 2
52373325 0
66221171 16
33744534 -2
17714322 0
53247712 0
35531342 1
76714467 3
45431721 5
33515137 16
57426647 17
47312561 3
46425436 -2
46256757 12
11217344 -1
72116447 3
15355516 3
51436447 4
16154553 3
57453341 17
51561412 2
63474427 0
75615135 4
22642263 2
31771662 2
57254246 17
27772732 16
41555473 17
57252633 17
12564737 2
74437417 -4
72166721 3
77766155 1
73414667 5
11764627 17
44624543 6
31675332 17
51322654 12
74626413 -11
65566645 -1
12146151 0
66575345 -5
56726217 -2
13342522 4
45267521 4
51212376 4
72454562 2
73223766 2
45541641 6
33675757 17
15342414 -12
67173322 17
51564113 10
27157234 -6
41314374 16
56762465 2
77521627 0
23456622 1
15366227 3
43636711 4
55254555 17
37746742 4
12455651 11
64435577 2
43246226 -3
72644474 -4
46163667 17
27313443 4
36663353 11
43533514 -6
34616454 -5
65157651 -2
53266671 -2
21313361 -2
56445512 -4
43612537 12
74216477 -4
54455127 4
36336774 -2
72115734 1
33745461 -5
76316335 3
23251265 -3
76213743 17
63267315 -2
37146666 -1
13523763 4
77462673 -2
13141632 17
34741173 -6
31576665 17
32124265 -3
42461217 5
26172135 17
36213235 17
27631467 3
62364436 17
34611312 1
67176563 17
45156264 -3
37414551 12
54612771 1
14653254 2
12644232 2
27236737 -2
74536541 0
14354526 -6
63321562 1
