764174734167426116243662512 -4
115747627355632522543342753 8
167654775531271632717115342 8
437435564567154751315437431 8
323774616561257323325146231 -7
167211645765237756337253142 8
772546313554441773653336674 8
456722512656742573714215441 8
526153213544221554476321352 8
467713411325255754662734146 8
135662725641466726733533141 8
532221746313452516143531317 8
474144762327517715675561261 -2
557366243737534663114564625 8
765661571451342216672331355 -6
374671244515125136321673644 8
752142144233214166661174426 8
514623536575243142451612517 8
525632157311475366137724717 8
155415577361215733732736626 -7
212764445157236515754147627 8
327416361173655462471617575 8
675433232337165677146471536 8
762154172572641113325766155 -7
647144722625311771471716663 -7
742116677525246614411265743 8
241424657756225531471176726 8
645553224451645115167132612 8
672151551216633316255224437 2
356447131615627324413416531 8
213715656621167123564365377 7
441563641236643752425527452 0
543552126667717515263146222 -7
253277516721256626753746671 8
271462535214563556465377212 8
545344663171536431631771452 8
466664164537322756771442721 8
466333712476516742613311314 -7
457316277565431417516772415 7
755332632161571633157157776 8
372142771521527644224177133 -7
775231347442256764271115512 8
347577645167311257262635635 8
124352475365517654532166671 8
266376622672171342744251641 8
513313722265662716351114762 8
162614226471444576611516323 8
414175225224256366625453544 8
515735743766111766723674634 8
627154466116775215654425723 8
537665332527121253542276777 -7
622661475254516113244435143 8
774716166432522227415661267 5
633767121651757647451533616 8
274542622316123343343772474 -2
466435566362736334247147114 8
566717563672751637415313535 8
561654746453212544164137271 -7
475161441337762766223221754 -1
473732327335475554546175422 8
356127716554277637157536411 -6
715663533552372362412165522 8
546413773636632621713772763 8
671167652541237224742312165 8
523632234745664131175122523 8
646317625277462466323531441 1
345776543562366741417265146 -7
343565526741114267122514451 8
363213555374663775557216731 -7
617241751571266451536764571 8
331763771552247154612463175 8
512666131365233565274352211 -1
772175256375421133557721615 8
456136557753322451746261632 8
665453221143554775234221662 8
615124624341674435741226252 -7
621253521634156466742537276 8
247555123536763757224473153 8
241145315476126223542761263 7
431455231737435522537263712 8
757734336545123677553412664 8
713711522343211434447313557 8
342662125214414453221617736 1
653562215534517672261443236 8
537644451732176627617175521 -6
411636514362224475636534552 8
537564765347671523274666254 8
275762645341127556467153462 8
512536616162732556251377133 7
151624224426614162714556145 8
654723743211726711566122124 -2
127461576535674457234572252 8
424114315624774377752214226 6
315173737117123647376324566 7
415455474632552451234773367 -7
612722636736264271411373516 8
471177626412163662146547715 8
331745522716714747347225421 8
255422651744354221566157611 8
561517732632672344146427524 8
725331462132247673446727615 8
217126125345344135246174261 8
657457166517124752314551236 8
215545765663445314577472362 8
313164127247261336642557636 8
616457232766762713116432735 8
264277125141571544632775224 -7
717327245672242444716347613 8
447161243722157663374756363 8
435567125557571432241431436 8
672542613625762151451412514 -7
225522644166113236613316274 8
147535217652346561534727222 0
325155534572225641224117143 0
214551244124341461631252775 8
561255165122771363336376443 2
535574277624316115221767232 8
662354513164722355131736377 2
243247557546422651521564712 -7
426662613735174523152726623 8
153755734653535224473261161 8
777256433213342616546427615 8
446443741232252174235353366 0
511754247735424165157342315 -7
366171325616777155152123324 7
112457161432461234764542376 8
377561655541532712625331722 8
613323137632642261713416541 8
467223775433327411561353144 -7
753165563245657561262713611 1
275317657536426676274343722 8
525356761613657474251736532 8
341572421124175613723223156 8
414655656216544344136125172 2
566361123123713742775117652 -7
321426415127314342737224657 8
151256717313351623221773472 6
334533376771431251157712561 0
671755456771521146776562456 -7
425563122441664417675214522 8
624352462731775433165617717 8
351574573713724612563741431 -6
764341251273366556755615172 8
466142312734761261732652653 8
656716664361755152441234324 8
533637762244122715714151221 -7
373116564234572121166352641 8
467445156235345674723253176 8
272631356733735671124311212 1
557334211367341523516731256 8
543374473635122725225325341 8
577734535165343337145761667 8
276127477443524623331373511 -6
175262223564221137475351763 -5
316131137311662572267447632 8
342745727321351423711153514 8
532122475664745732253435156 8
554574474651331166764225656 1
435344713652352757641563414 -7
435415252321337352774172163 8
375322136455262375114267527 8
143642756361231526671722655 7
313611173153623567163222746 3
636334215347111251342776671 -6
266273757113471756515212332 -7
426112564111255427514663726 -7
735554672612513766523533663 8
652764322141622617363427437 -1
373612454141713352771573144 8
264522571114732547457713265 -7
454253527733247214176617437 8
616323566255517716352716125 -7
134224164622345713742111742 8
541215323361516354275631132 -5
551367325272533316647751677 8
173423131165545726777573241 8
326612511154357453637717425 8
643172736153555672332657523 8
772637623673455551335574271 8
616336536753371165141445642 8
562326124773327423165177111 8
517712374476172651224664652 -2
427515717234376122674447654 8
111672762474676322141651254 8
427675234415253777415312526 8
133344361454654213216756143 -7
633431747766775425366153615 8
145646353143253614627417672 8
537764155516231542511644464 8
335662172742335274133164212 8
361243217136557255421675533 8
571413234667416645177337653 0
155431243761672213712217536 8
126237664435261526576151257 -6
247451557346711744643217623 8
757214123133254262261141663 0
625511732125563376177727316 -7
623265247242654376763317344 -7
453667655274542416322712665 8
476147216276132352325517361 -7
435741274435573332317567474 -7
457326164771113533135237756 8
542735711213773327714512332 7
756554274157732167442116755 -7
246667557354471522334616152 3
115725674144567662466374311 8
755634453677736137124113467 -7
261625156253421735245571276 8
571551434522566461664757263 8
316526243474515125524674771 8
756643571623511341543134656 8
321336117273277671255637113 8
343572225513237451264173546 8
656531736521554111761377433 2
252355413472221531444666543 8
767271436715153213714136465 8
444761423677261215266647275 8
647667127447123666155245314 8
255277577524453351424314747 3
732757236616256355515674173 8
355527137327371175326434756 8
164455734146511512223366617 -1
714765744372145212251351521 8
