33126651542347245 13
44461327775235621 0
45755311234233475 -12
76213145252763346 -11
23512675124155143 12
35776266532133712 0
65126734126755767 3
66752115416713673 13
42775653644655232 -12
65741726124316637 9
65115744735516762 3
54655317442323376 6
11747212414165312 -9
32715562566314253 13
42476511523157243 -12
22667213357465561 -1
55415253476315214 -11
24716443125732677 -2
34414231553375721 -12
52377256236247111 13
41771723164457165 13
45512164367235275 1
61756512443247373 -11
56367414664215335 13
11212721657332362 13
64273516325612177 2
52467631353323714 13
46727562544135131 2
55436667475425336 5
37651731642671532 2
63214166523721662 13
41375634721123427 0
73113542572714116 -2
76477221637542475 -12
73427223765616425 13
45441224336275116 13
36656526714726345 -11
57641771632157347 2
66247767434322537 13
33316271673543255 -3
31137556623426717 -12
31756173127354324 -12
57514467434136675 13
53214457772674723 11
54413275331173635 13
14126765713352522 13
66454354551131413 13
54117773125544472 -12
74412234533657312 -7
46537132455752633 -3
27362325456141157 13
67234615643721136 13
13412316457667626 -5
67552377443764516 -3
23131467717652157 13
62332646254177316 -3
23177156265674236 -9
25412261633732464 -12
77352664611412155 13
74164763175165442 0
21623726311567532 -4
23453361741457533 12
65463142523223136 12
26134111526553166 13
31374237147627676 -2
43427637641233716 5
17754276313561462 11
55633721224261777 7
74527227726176524 13
64675144212452253 -12
67427743643243734 4
52561712566557434 0
75572613227545456 13
41231732435467414 13
16365471561513477 13
27134576576461372 3
43634145747672514 -11
73274514277213665 10
72666524544147223 -2
56647615712161733 13
32433532224446137 2
26517163156333322 12
74643313645115575 13
76132113623233455 13
66632512455261537 13
73424214263365741 10
72437635141414257 13
32767153163561774 13
54322775227763416 13
74214647611765661 13
37124636667173543 -2
34514777162523641 12
25764361627434121 12
72344416625231377 13
75546416357322764 13
62777227636317162 11
75172121746522543 13
24262313567145314 -12
32455435217251571 12
61614571234225135 -3
31716454277465251 13
67437421723126445 13
76467225425223514 -12
14137256355713527 -2
12675745754267715 -9
14763672537751544 13
53321157516621373 13
45311264212735764 -11
35556147536627642 12
51374573563233572 -4
77267713164552651 0
52346333564415375 13
41673235312772651 -2
32722751553771513 13
72152622671754143 -2
36566664432473743 9
24717542323614627 13
13536642124763552 13
17154363274657234 13
52254142225657731 -12
42361541275344612 -10
72123237164544713 13
43134326656221714 13
43253756517632162 13
72374136354577426 -12
17613157544556342 13
77357314134325625 13
36542757326264156 1
43424552271674565 -11
25476374331376152 11
14131155677624316 7
33147112126255713 13
43163565162661544 -10
55341344465517771 13
27366117544512224 -4
36754362555742236 2
41772344152173623 2
77433562155212431 13
53414756262553766 12
64351277741542227 13
53316726274162137 11
66331624255653715 13
65642775442753753 2
41125725133424713 11
66515742414124542 13
12632436261274125 -11
15324671621421577 13
35765131342217117 -9
21733243116466473 13
27635623144362341 13
25533563142522633 13
23175261452615164 -11
23775632175165153 -2
46612733747165562 -2
63251142447223314 -2
63224431667533163 4
56747473362113236 -2
65655217761714422 13
64255162772647314 -11
41423123757136277 13
16625614337627344 -11
53733624722546647 13
16655276232745427 -3
34716247513143662 13
64513273234236644 12
22657763354714111 10
13663542744312716 -2
72443142143121175 13
34351263423317276 -4
72722651434751524 -12
57163221723275312 7
72625415672444376 13
24243562647236563 13
77261537322444356 13
64531152432362154 13
15147456574733247 5
64156532275617143 -10
71176432415126747 3
31126554657127253 2
11756317176367554 13
34257235126446337 4
43721465534436525 13
75365366113543514 -12
75337122445564126 13
42765337523414276 12
43372315274321667 -12
43323731446275131 -3
12174145521176351 9
15774653423171761 -12
64751123352316536 10
74125232517465364 13
31611544656232741 -12
44253231765371516 13
45375712134725312 13
62115672373624374 -12
71756351135222724 -10
65532337272715633 13
51734237541455313 -12
52675775347354213 0
75261712156373556 13
65152456621235241 13
32243163237777264 -12
22345621467243112 -2
12161656211577675 12
11255435624734574 1
46472735313247565 13
33127627362377524 12
22574365143243657 9
46336275211654524 2
33327425561215313 13
62465156162757134 13
23626637511751452 -12
73335224525423637 13
31325674473223456 -12
44267376631322571 13
14722647264576511 13
55347614243142646 3
65574411337437526 13
12224654645573543 13
52733672446765533 2
12467775434556522 -12
41422422443311565 5
15615347151332637 1
62676345341735372 13
54164365574576231 4
13176364732554256 13
21736267561364751 13
27552554341633376 12
12453666513576771 5
22424731216517727 -2
53421431552276252 5
23547221272651364 -12
57675242516546131 11
64371337243643246 5
56612721533513377 -10
53577471176122364 1
26451157441113572 0
76235561366564423 -3
47421467567164234 11
42216737676546334 13
26543117315536774 -12
67517255436624732 13
13772132364565216 -7
41262437664237741 2
41341642355137722 -12
26251775161352716 13
76461452717437651 13
32137277561127635 2
75437656624152141 -1
37216154221312363 2
42754363174554266 -12
34312246746134425 -12
45224161753522636 13
16247612135341155 13
74345221272744347 -2
72736762573214512 -9
14152535723252374 13
56243773213673327 5
27645246763111513 2
37212455443654525 -12
25143322753717766 3
52651354576527132 -7
73125167645547234 -9
24133134465256173 -12
56523444147321326 -12
54245533154617623 3
47125365716642175 -1
25226133776751456 -12
67475316372511614 13
43536745245236256 1
33323475674577261 13
75416317765723762 10
53621111757371544 5
21453253613525475 0
11641375657537275 13
11317474252133235 13
76311752134616475 13
36256131547361763 13
63163324176237447 0
31352461575777477 -12
12143572412153612 13
51533367165124433 -12
62553413776261273 13
21737636442355153 12
26144677145423264 13
66242544755232476 -2
37431157566466327 13
71563142126237551 13
54525614232321633 -12
14477253524236164 13
16571262214637374 13
65432744337317126 7
24365236653141117 -11
36223465157767451 13
24554157326312557 11
37142627147753553 -1
24416237763714571 12
51132666427542361 10
27154412272521655 13
57643224155672126 13
21671642753333425 2
17631232453542175 13
44727336661732357 -4
54377674211731615 1
32451262437516543 13
37524642154757122 13
54553776576426375 13
21762252662363577 3
25275347131673176 13
61411423675571243 10
62764371411575312 -4
42535117664225136 12
55516361665232445 -12
45553173632264574 13
77554343553142741 -11
14134256726344713 -11
64357534252712277 13
74411734163765762 -12
35776246644721535 -12
27612216521435731 13
52652137172712763 -12
26561124234475413 -12
14163764743211375 13
43142146525667614 13
33457164133432516 12
56133454273647375 13
47141367722555416 2
55137762641237142 -9
76337232755247566 13
32722663516357345 -11
67347533754155417 -11
75413412626155614 -3
24753124762153464 -11
32457642117431127 13
25776155122543153 13
24111374716237736 6
27253754171366316 13
43255732357612462 11
36151176466316573 -3
66426422453351527 13
13633336475555443 13
67654317521712254 13
51164233615215357 4
57147726145565432 3
75465672122456354 13
51663262241544623 1
63226116545541234 2
44237745642667532 -12
45657251525142433 13
14634635217164252 0
36425625721433545 13
64727773622354345 13
71732434165674155 13
65126523734236462 2
61443647272435726 13
22145276657523361 11
64377424567233211 13
11456776421433174 2
77457235462471411 4
12543246764221364 13
34725543426576142 10
27772351127566156 3
51565127377262263 -12
73736475266565376 13
67437336227611252 13
27446117351151232 -3
23675167215345342 -11
21164272363744137 13
54221327336573462 4
75722275572766346 -7
56364332111456227 13
34636247122554415 13
13146223325266376 4
65762371741254514 -12
57336416122767512 13
64217341547336116 5
74717356565124232 -12
23461665524535145 10
72661513414212751 13
67655573627752124 13
32616576435152377 13
31626625737126143 -2
57674346562256374 13
74252471365347225 13
23343727567665763 13
53361231445375236 3
72431633523476776 5
54333661154225273 -3
33121556463554277 11
64543152125577127 13
64115237662524217 2
31754765623643475 -12
21575343315721636 13
45451523126472443 13
21144762364357654 -11
53712521317546326 13
53126635537724136 13
45474364732427361 -2
53571561363316372 10
74566451237527712 4
27317432236651554 12
52763451522466342 13
17356261446651412 13
76121576517412162 13
21344562757461131 11
51777431522154471 -10
22711157516356351 -3
55156223167166772 -10
55246144265373612 -2
14746535672534367 13
47177664373114345 13
57763176365247622 -4
26141123245315154 13
21526674126753231 13
24426166136723435 13
23131672152344672 13
15641431373524767 13
47237346761625271 13
76316614366634155 -3
63732717247145646 -2
54774131312622742 13
42323525274657311 -12
57455661266315627 3
23334517643512644 12
43364231765275723 13
57247371111343252 13
64545166631776417 13
62667162453173512 13
66114211737311322 13
71632447266743236 13
31457277424371542 13
52276443766532472 13
67317442715372243 -12
27352371477446131 4
73473452174326132 8
64173344357651421 2
73612316722242724 -12
37312463217554616 13
52116145677321241 4
51411572725235264 11
14654416522271767 13
62623174532772466 9
12334237527551437 13
34577317351321122 13
67661725541451522 -9
73617537361547745 -2
24743246636763331 13
77624541566323275 -10
65423134335161647 13
54542246472533367 -2
62373615753551421 -2
44477211635616226 4
17635347164437433 13
67636336242141427 -10
62432571231472145 13
51225643762671317 13
22725564233657524 -12
55413222344773421 -2
41216635651434256 13
45312135342626476 13
77375324436444264 11
42364367341235172 -3
55153521523471672 10
61771331223124155 -10
74672115125755662 -6
71267235714362423 13
37765713266156331 -3
23617746331247436 13
62771461524755632 -12
63541315614726731 13
56127253621714433 13
41622535674233715 12
32112565377632724 -1
22234513716646637 13
13733542246435751 13
21547163572513616 13
56532514423211264 -12
12511652711772343 13
67453551763446735 -10
12543746177655124 13
13615621561224152 12
67267453617263437 13
61152332374465573 -11
66651216273453574 0
45416265432737315 -12
33711472545477656 13
34167441511732655 -11
77742457641657665 13
24421456621317625 13
72467715257436451 13
77274571156574436 13
43743416326674736 13
42315552362234746 13
67147337721362134 13
35646477743326214 12
36771527266735535 13
22224175437752372 0
77514624546173463 12
42534765753677161 0
22271151654557274 13
42462751344612757 10
46522221546473775 -12
35267354246743413 -9
52544457463311643 13
42723772466615143 13
66575126233275765 13
21752632562372444 1
62314711436212447 13
55762652131552671 3
45441113722173676 -11
71154256673262172 -2
27456135134156615 -11
73231611627326552 13
67612536631171542 13
51521372337165523 13
35122211752127573 -1
45121655425132667 13
77716224544455743 8
77223671556161346 13
74714523273562322 -4
11423775435441546 13
43463475627527463 13
52245262717761673 -12
27635375665576324 13
52164642731724657 2
74725411366256215 13
16347672225634773 13
34237623674755745 13
53122774776644114 -12
25611372164617563 13
52676265155112745 13
16526177721377317 0
32627236134515474 13
41461435675623314 -2
53715676444762455 13
47457375152644531 13
71542535626552421 13
21756442132613772 0
27663252344575421 13
74332234524652161 13
35514516223273677 12
73761263452416264 12
37327455547743246 4
15753625361224344 13
23524367321536473 -12
17125261342647534 -9
61143632572464271 13
57735414471366724 -10
74374111222716533 -1
63243117574172476 -11
12356263175446431 -12
27425461252376524 13
27271322177754414 -11
43732233257677654 13
44226527411663636 13
47731666623574241 4
45515375211262724 13
53341434612644537 5
41772532574612375 13
36575231442726571 13
45261152732475217 13
61155343745557223 -3
43766522471457562 -12
31322374772162523 4
33144173144372426 13
51353611642177634 -11
36765427134346625 2
23555514666275443 9
22466132417567122 -4
35152112744376652 13
11747164467736166 11
56171546212346714 13
65412357345522747 11
67352347645521123 3
64213746255343612 -12
22454275463371641 13
66712115421536422 5
15311641575262616 -12
21627757257615542 13
77451421247654656 13
65131263766142741 13
24237714651136423 13
14566767523142214 -11
13266323517131455 13
27746577646252351 10
17145766276132744 13
12741461761623373 13
77364537327656416 -12
27551413767632357 -4
61165724271522441 3
47421225355156573 -11
11723336655223276 3
23157467371246524 -5
77111177667536531 5
11215734647646725 13
46516612211443425 -2
25345133451517154 13
36166512155256425 13
63674752466731711 -9
66217374543445211 10
67543242111763412 -8
63435732467563443 13
31273211642671374 -11
43352466717262563 13
67417277465326632 -2
65776365447132372 -11
53216433331777154 2
53354224216746637 12
15222243667674764 13
41767433412526124 13
67776625733431213 -11
32762537126166374 -11
73256761635654311 -11
61372376322656773 13
63717426356151422 13
76275143361552463 13
27723357143137721 13
11674344751156113 11
21721517645236472 2
76521644357417753 13
72221533457567371 13
24117456137135367 11
32773452174652377 13
27644244352611231 -2
52456143345764327 2
25165456427437553 3
52525412362776637 -11
32757712325156764 13
26465274132456131 13
43443566267312511 13
11654656137125523 12
46627467217542526 -12
76627122363513543 11
21164635446517257 13
34627672311664725 13
32542351245363143 13
76544133365454141 13
46556532514451721 11
45313243411465567 13
16357651427335341 13
63132615415273117 13
76411771321322453 0
24637613461512464 13
46457731357222627 -10
72741764313261115 11
54362732124454165 -11
75245565743741623 3
34263416154377664 13
47261625271673524 13
46761275645125547 -3
57557712621511332 -10
57357166367272151 -12
23141722534473571 13
67373433542622311 13
57127234213274423 -12
61215153256772526 13
31117412423676573 -1
76111546261574146 -12
47146774155744363 -11
51313176354265675 13
51333263244576164 -10
65662277252512672 13
34156462317736726 0
64537366161154512 -3
56342771731226646 13
31162624712456733 13
46752464314175134 13
77436475157211412 13
56351167232237747 2
54325563161527462 13
27617216323462456 13
47472273111166135 1
15335217172636452 -11
57563353241115575 9
52135154621576573 -1
17763164334356752 13
65356142724127361 -11
12254766177531212 13
76575175573416533 0
25747314226357317 -3
37552452574476711 9
23155672453277616 -12
62726451453165443 13
66337656173251115 13
72124445247517367 13
23417344451374677 13
55437276615432163 0
22613714553325377 11
34361476332653737 13
67565173634526611 13
26653477262132767 -7
74312711165416725 2
64357142526465171 -12
51533364612225761 12
75212747261362215 -2
62536435231521277 3
57623623556167127 4
23517467552213341 13
12146114375377255 13
22164645417573611 -11
76174232134377355 11
17615431544173534 13
17675625621346213 13
53313244665317171 -4
54347523772451257 13
65517723761352432 13
45167211764322141 -11
22354163251343574 13
34631747237315651 13
71451637731155353 0
64232665574722456 13
24115777212611335 -9
34333266652122765 13
14265246132643133 13
11756541246415272 13
22643544467336525 2
45413246225426431 0
43375612215452643 -12
47755211312374245 13
64472174556733464 13
44673165315152437 13
56334273264576736 13
74522326156362471 -8
33164273562177762 13
72616455164533775 13
65754334722567433 13
15766233516677423 13
14627571327646333 9
65224561123712717 13
45724616627257411 13
32763632171755144 -12
71311355766545636 13
77543463232136147 13
44525752244375332 0
77431526243524436 13
16146656377231123 -2
43646432727727163 -4
15767714453647172 13
54454611614725641 -2
24757164726645533 13
23413712527626641 2
32633424315654325 13
31356334637147774 -11
24255541772564122 5
44251677237142275 -4
26167643121435614 -1
17356147727162356 -2
12527624375765631 0
76344251637115546 13
76237431443164236 13
44757253631771215 11
54641315337412362 13
62643545134537426 13
52367212336714711 13
31466554145735657 8
55672347363117357 13
17561341652736624 2
42234476375552621 -12
75275437163732126 13
64342563514776426 13
53134532172172376 2
54461226235423616 -12
72315226451563156 13
34713356742316546 13
52463254673372131 13
17544345212133125 -5
32534455227716326 8
62443633614221657 13
52221547524611374 -12
76332464665253422 12
15751242646636117 13
72455653271366423 10
32765174115713246 11
36317662545344776 -12
65357332557342672 13
11676373421342513 -3
14663335242711567 2
37524215552435317 -12
56727134312472677 11
46321764321645624 13
47556173217311247 13
35537146173622514 -5
23345652233616611 -1
33516253621177776 -12
15436714437657231 13
23545463151741662 13
21757431522363616 13
26521543264714567 13
47211121562354553 -9
76447416265557731 13
24615263366334776 7
65312333435764256 -3
32313676147675662 -12
23533215644122166 0
64153475632711563 13
45433341762265213 13
43225121516232445 13
65735722551746346 4
54712533724627413 -12
26765347655232737 13
55576354466473323 13
66535123662477425 -11
33265566313774174 13
31347672576514465 13
47533754624511237 4
34611172732775464 -3
45237714174334651 13
72441235765546751 2
35325245536141274 13
62326534351556171 -12
77523517463552752 11
14553356315763262 -1
54175357633421642 13
24367431161667512 13
47126365271347516 13
21447333163221466 13
71367313324252763 13
56273521347474463 13
63122477641331312 13
63646451172132535 -12
65122541153647422 13
63436512571112524 13
21235477764211527 11
22543745716216373 -12
42664526661254746 2
43365743642711476 13
65316132347317771 -2
66425457132424336 13
76217345212546143 -12
27537443513572211 -12
12417653656261755 -6
26346717544317225 13
52134632177632465 13
14435325673127661 -10
27162742454374327 -12
65772743532742646 13
17616672157752334 13
12666422331446175 13
51542573637654721 2
51652327167357374 13
13254132545437766 2
73256345641436211 11
67517643762565322 9
16342716524136112 13
37321617675435762 -12
65647234771117532 10
54357234765117361 11
36676144524325351 -2
16646272174775172 13
12732657163654522 13
37747612362126612 13
55217756121134346 -10
46531672435121472 -11
43671157362714225 13
45635722767152623 13
52215733374426563 -12
47334514416165523 13
42233136762525414 -12
65421453522462373 -6
23276173512674335 -8
66267331344565155 -12
33411621446611352 2
43347436372617436 4
35247534446166213 -11
12144234313342564 13
32571564644363747 13
67126613612424144 13
76111573227244545 13
15625644772744535 -9
13652175722614623 10
74236733712643415 -11
41567352346734455 12
57615716416273161 -10
44271744533171662 13
46136155374157616 13
76331554112636223 13
46371752172343353 13
36335473714522117 13
34547245575764743 13
57132642745744142 -2
25713477161456572 2
21136414713453267 13
75425624634773265 -12
33576235146132561 13
71333745252142345 -1
52177357664521117 11
46726653341116243 11
25161325314771526 -10
62573453266114524 -12
52241274775156153 12
74121466572624532 13
65647571173632415 13
41367571646323461 13
57345256111637652 -11
75272433441672651 12
67324526345411467 11
14116724655727533 13
74646136132467272 13
65426415411563142 13
14616442542723552 -9
21537245766216564 7
64757326461511453 13
21577543716321124 12
21153562235746675 13
67321327314365761 -1
21745136772156434 13
46513274274242733 2
46752162476751356 -12
65227254457453364 13
13117252621557717 13
55441445214365573 11
31624667267215235 2
62474517445245676 13
22755411672565611 5
43365677535225242 -4
17546164265733446 13
42731524675437661 13
47177256623451245 13
75155677422343346 13
25611537626724514 -7
17217652237445626 2
56434163117337562 -1
23771465633653712 3
16517437235231512 13
22217412161763637 13
12122661714275357 4
73652144771167436 2
12376515155235744 -1
33747262447123254 -11
36251175266153362 -12
71553524527236766 -10
23145737216515714 2
24752443526666557 -11
31442127674413136 2
65445157412772322 13
46537653217344773 12
43647346223574174 13
62457665531171325 -2
76664624574142457 -12
54521352373766651 -3
53146757664324773 2
25476743361566272 13
37726162126424112 13
13613567212647743 -3
23774772543624542 13
36657277654435267 13
16437755137531134 13
21257472471434551 12
67221752267323771 9
55542775436677332 13
13115253764166643 -1
44652721427671452 4
43731726543333711 13
64536414321216755 13
46267713565327531 13
51431322143155117 -2
27643127511367523 13
76651213423745762 11
72263674271127533 -12
16632466475737154 13
13515765465224453 13
71152626662645423 -10
62255437637165567 -2
55751663431646672 12
32765317664124526 8
56774344376631211 12
61774645532164723 1
67164577236255112 0
73126723252663664 13
71523666432152576 -12
71553754555126467 2
76246417373221427 1
15245162674132436 13
62543671623271512 13
22555267234176247 13
61633145155762777 -6
17437323726145742 13
76334552742755417 -2
65726147455177713 13
36111627572442627 -2
47462673135436774 13
72113261527657245 0
75613532674346322 12
77425175741143357 -12
41516725671324416 -2
25544363643227577 -1
23617123575124773 13
61645313256237763 13
16423622243371715 13
67134516422342517 -3
27375357146661417 2
45667372324147111 -12
75647442163271411 13
57432732743611254 13
51655312131176375 13
54514713211732726 -9
26354357676122417 -11
64713273466474531 13
71261634215472135 12
74346645441176733 13
41413725734155371 -11
55233174563625417 1
75216127433546166 11
34511767657235347 0
41153115235767444 0
36144637646113552 13
57134116236656727 13
21665177235475574 -1
65631717654723547 13
45711676654722612 -9
46547737126655313 13
26563174447563371 13
46472573531456125 -2
16671324614251713 13
11525547745361643 12
77342223471255357 10
33344375571276225 -2
15715631256772735 11
32246623162245517 2
36663271664357171 1
12712313574245764 -3
41375113423726257 -12
51331142235246114 -7
77612425336114523 13
51355646753244234 13
44256772343115436 12
71173357213271542 -3
17515452342741356 -9
34461716517225144 -12
35767433162551227 -2
17724675232451643 2
11376267317254624 13
53641167227646773 13
31476556731711247 3
37456127262656471 13
27624153453353511 0
72422546252273333 -4
31313252542263164 1
73356113411167215 -10
13473364755656723 2
27155477643662121 11
63152742626537755 1
53461663576541565 2
51337723146731443 12
51642374572622312 10
23415675356411336 13
63257551435473665 13
11177215455522432 -1
23125567234746236 13
52163426675155231 -2
67446532376612425 13
24327553357366572 6
37766275135547135 3
34327657143514421 13
53677163337434235 3
71357344126157732 12
75374445217261333 13
34622465774437541 -2
63742455572241747 13
54341134461565747 12
15724731636244662 4
54421354421631221 -6
77611437243615532 11
25264251445533474 -4
46545265317127256 4
42316113674532776 -12
74265351147134176 13
15553311773161644 13
12736467634451523 0
54123713624326156 -1
56131134654237621 -3
32642341231143673 -2
74624427167331146 13
65456312122171777 10
42635777453523314 -12
54671462744353353 13
15223357146765615 2
56234722771276756 10
45336237127166155 13
41677621273434474 -3
45137736257121352 13
45162372413425416 -12
16476431675537117 -9
62414525667712655 2
45653362575734671 13
54567421342157263 13
41134573375277466 -4
36734331625612743 13
67727533423144176 -2
56543242366614736 12
37135746741226437 13
11675175342564423 4
25235745516611545 7
16261777154253215 -2
17631642443312657 0
26445376174217175 13
43435132644517141 2
65542437366113126 11
63267742663121754 -3
67536355135276341 -12
66341275136771617 7
34773637437677131 8
74463352724155361 -8
74214312511457254 0
72674335531642436 -11
47141617456252635 -12
22434156155451362 -3
65467221627616673 2
14772545232313756 13
17624343712556744 11
17335516764253654 13
61337634765476415 13
21164565416754431 -8
22477561327713561 10
55257745147312275 13
43744165266713612 13
35235661114771146 4
51521451347277334 13
26244171723213645 13
37141124464657217 13
64562325614621374 -11
31341772576774176 11
45375264337452536 9
42563332171576726 13
24413273561216673 13
61127222642115755 13
75742525411243676 13
12425562131424366 -12
54372645772132275 -12
74624637531525142 13
32455666327371211 -12
74577343356617645 11
56236727113272414 -10
14412742637314155 -10
24124756356713217 2
66466245653343727 -12
32166345226211434 0
12376531461442653 13
32144361465457132 13
74235734526476127 13
27643777655526127 2
57642365311263377 -2
43571736127724554 4
36125374371366754 13
13445376337672116 13
32441653352171545 13
63673266564757344 13
41737243141763413 -11
75564334251221433 13
61131777515322443 -2
33422515347727713 -2
12654531414677347 6
24156166367445724 13
52152713422526654 13
51562112754766437 -10
34171671522725322 -10
37215657263432246 -11
21374674644215662 11
76241653361215657 -2
67621636761755713 13
31147656777213546 4
12757367232637223 13
65774314244476725 9
46315352541422637 13
71511146235416252 -7
67623645536121451 -10
73314677341722555 -7
22316447523263264 13
15111534661222664 -10
23652421475777674 -12
12151743614135366 -11
21422544731236646 13
62746374555616725 13
31445675334615713 -2
33337524276745745 4
42172753731461157 13
65731671412457252 8
74537344151122762 -3
52756451335522364 -11
45216426441367717 12
15612564427446354 13
27245132237714577 11
32563626744515627 -11
17321657435311554 13
46576331461525725 12
74553554772662331 12
35124547356437527 7
37143767152166541 13
41456635544615462 13
53411233342312457 0
65744734372152173 13
73221261614427654 13
16551622727431637 13
71645236116423345 13
13726743146241442 3
53466732353713165 -4
33714612357524472 13
77545327653174211 11
31361723117641747 -12
24353335774362322 12
46713763471232751 -4
34746231222554535 13
76361314455141733 -3
62112777651514221 13
15153422352447721 13
45136452672347736 13
26123233566475243 13
26154725646672157 13
73626165431546557 13
63115364737633512 -12
76263325563441237 13
33763514542624515 13
76374557111352337 -2
14577543211264332 9
36425127356625515 0
73423422571556111 13
27615661437547664 -3
14131776635426765 13
67132274425373366 10
13556243252744276 13
33675672317254214 -11
43757527442256334 13
26425543116525163 13
64146357462451471 4
26466325577435545 13
26745124353264176 13
12163474222663152 13
21676435362527156 13
74261256433226154 13
74651447332255721 12
45417335262276653 13
14754765541413226 4
65336427311754212 -11
74572343635474353 12
47737562132532615 -2
43171172727532466 13
53734172363742266 -10
15671624425664165 -12
45441532523216711 13
21666425542347514 -11
37422555733755647 -4
77313274245747676 -2
36317542271731715 -12
62545127336111472 2
46737116247137421 -1
37311177326244262 -12
66652773114367463 -9
52477174724624234 10
51515526747644421 0
51536615722571631 13
33516712642572713 13
51254673321426157 -11
13547644517116362 13
35133162573476452 -12
25417457315653114 13
26572143322131547 13
36627652711424115 1
21355116352632114 -12
27754125256263133 13
34117353421532152 12
61135512461142653 -12
77336536172361322 -2
16176736564672246 5
54662431163345124 4
34453134662742532 0
27444571731441223 5
26511366632477172 -2
54627547731736276 -10
21177734246323544 4
42364726517647732 13
41166147536355332 1
34621211431326667 2
54333617736142247 13
12516766714324475 2
11612754277231321 4
45541423612317257 11
24417517136244256 -3
21747367512476561 12
57553236616125743 -12
67762336345647155 13
43567142123325561 0
17327246565354162 13
26531372162752315 -2
77133763252577424 1
76243377153465716 13
65326532522571336 -8
56417265632712442 -12
31572715625564132 13
56236612725441451 -12
35126537412273451 13
76613221373245642 -4
54672375343412151 13
42254426467551671 -2
76735541721631433 -12
44213245126727711 12
77521331276466341 12
63442644211553675 -12
61424533216551772 13
74711535522173645 13
27241456653261134 13
42741511553613543 0
76465125211345261 13
65717255274234373 4
76157732324254346 13
62511764364724275 13
51323565651733767 13
53734612543542356 13
47545215232217443 -6
12612313353266517 13
13715444345421677 13
31546636441775121 -12
73652326414613444 13
34244243517653225 13
66112117562546575 13
61367575673314415 -4
13155547633472612 2
66567174572724555 4
32222661541676124 -12
46624442557746661 9
17657427163367356 13
54371643667326442 4
35264172454357526 -11
55426251154227716 -10
36347375224712161 1
31653742237534156 13
22567677637245113 6
61121136754532216 7
24566126471532725 -12
76477251274257566 -12
57522545674315264 13
51532374363412736 -2
62157121437236663 -9
75312624171246575 -7
13533571725232741 13
56127563544747162 13
23664575255762256 13
62343417412265667 -1
46157334134215542 -1
74127736752462636 -7
21157257713451654 0
62274544315554546 13
25125722113357172 13
51264574632574523 13
73477276433675116 -12
42122343672571514 -12
43577273246364116 13
54453675735331262 12
14153742416672746 -2
42513644273563443 0
36443227612535474 -12
52613574642412563 13
23725462775124623 11
26137262454345112 -1
46661373521555374 13
32462754612135636 -3
14725662754536371 13
75757754333123417 5
62717542471225221 5
53247172536514312 4
74365136556451321 -2
31243245456642711 -10
63274566172556631 2
11134715442567437 5
64372375224445216 12
26754135133754134 13
63243247356227747 -7
37322471554773615 2
73564542752317462 -11
47361642515237574 13
73617315661347522 13
25416766274565721 13
36626325524514474 1
64341365562422636 13
31713275733367445 10
27724522146475675 12
52774673162327372 -12
76434364456171152 -8
57137166355423725 -2
66437143776735451 -12
17623571544426462 -12
23677322374556624 -11
13447137617561245 13
55545723774573261 -3
73412556511116324 -3
63652725277134713 -3
51772154637325254 1
53272111145634462 -11
12517371525643652 13
32214553567234771 -2
76675327461416632 3
46244716257654517 13
32725776741621313 0
26311727277411134 13
72326261263312533 2
56172445651333624 -1
72662456572746223 13
43176442753761575 -9
74321577565644156 13
13364452173132275 -12
57427711626543513 2
53134126152275313 3
24722676756216376 11
57364211657351376 -3
22465716116362464 -3
43517273211661643 -3
11743577675546211 3
34721712263455634 1
77125231153465371 2
57424174461257273 -4
43274635771561717 2
14715724536616562 13
36415552633651557 -1
42365454154321117 13
22546136127774464 13
65632172123565261 13
17434512513243226 -12
21367216133777442 -12
56257624633745655 2
53135633454232737 -4
35177137241467415 -5
47763216475541371 -8
15356672642471214 13
56524421742644325 11
37445246762517113 0
12732332421752544 13
66677534272725161 -9
13573665473152623 -8
32764123136535547 0
63522772146611132 3
32414564167214523 13
46227253672755755 3
17614152726445457 4
33624551715162117 13
51733272364143437 -12
43116551362724716 13
62141627342331762 -9
53172655632351641 13
36155657461242733 13
54647114216335535 13
72756651445531143 4
32626541674577273 -10
46327173176775432 2
27151373416223575 13
53543421175313221 -12
77727164363632554 -10
65336412252772371 -1
64754215713237436 4
35551322617446112 4
25442711536274332 13
37767644113464526 13
33677265424166152 3
16141127616253562 -2
21352513771457156 2
15252136141524344 13
14322644714325767 -12
56657273572333447 13
53217327711153265 13
51262243647654614 5
21223552145663321 13
65771515727763423 13
73634735742251456 13
17232655412651544 13
61376523226642424 13
23557435162417437 13
66531443542173375 2
75432371362171534 13
36312557124623574 0
75123214353445247 13
23116732222442361 0
63577223344516756 12
46127153654133537 13
16257265277675466 13
63443264274142411 4
63254335437576514 0
25275676433314454 4
11653371523522644 13
25425364333267116 13
13647676173724615 13
16673273662431143 13
11537741223741752 13
62275554616121347 13
34157416565147533 -12
56263523144117543 13
51431541237677323 -3
52743661177743641 3
32227711566627151 12
33256411447523674 12
22723662611514346 13
55231214472675256 13
54417473273146352 13
71552336165422141 13
25445636511367172 0
21673165434747546 13
47577422132532766 3
47615315621422643 4
27653247327144613 -12
16754644225773143 10
14675564561521717 13
44316517346173753 12
26512734361624643 13
51472461654337571 13
11546527464531276 13
22354462532155372 13
12763156514763245 -11
51765211523542757 13
33447714177256514 5
24567327144211455 13
57243562711611145 13
54415756431722763 -12
31666771442735251 2
15664352726733441 12
77336467145675312 13
35623343177364711 13
26213533266171575 13
15143135271737732 13
13154266631723524 13
51551446673723174 13
56566244657276653 11
43161333654337762 -7
56536177553622223 -11
36445476515672121 13
72566472311562143 13
32411671271325573 -3
15467242764527111 -10
16217153434262551 2
35464113514665725 -3
52662215543332621 13
66156143171624545 6
25765546734421534 12
21547516251157643 11
35772514211627453 13
51524554732661775 12
34411146744567753 -8
51762532721671175 -2
62251744374352276 13
14532151673772124 -9
34567175676122314 13
76542244533667263 0
64222164572451756 13
67221116546437521 13
35354277321263642 3
74365226516351646 -12
47563455615762713 -3
11125247636213572 13
47332236342552776 -9
72524756666472111 13
41674517641246227 -2
27476725434135633 13
17565234643717225 13
24423331751121273 -5
43323771757162512 13
12657245544123556 13
35766514416743476 -12
65713711356563722 13
17235532442541667 13
63251634332611736 -9
76117662431167631 -3
67141351712642662 -2
46213475252632714 13
32734427634544143 3
27612446335726633 -11
64435421655277361 11
13127126616673553 9
72661411212465327 12
56524373461521127 12
76135371532162643 13
77164653543577543 4
27711611172457527 5
37272312544175541 13
31564317516432412 -4
52135314755144173 -1
45732246722751571 -10
31536436275477265 -11
64341344544161772 13
63662544326127317 0
26411542167134745 4
33544743735737112 5
56351264342751114 -2
51673633676764431 13
36772562635417465 2
77623174314254267 4
61631353246252172 13
57225447741761617 4
63323144136546177 -1
37376421631436351 6
75367566326713123 1
14715213653374267 10
55543342712277647 13
77152461114644333 -2
61666243752751524 -4
56366616311225776 4
21644672345715231 8
24633722145347166 13
62442614136271362 13
13544731734727514 -12
21614713524645755 13
21164275676341376 -12
73453561466457764 1
63232575147766645 13
57513262373511267 -12
25717267433236611 -2
33151177455752633 12
35452234623557715 -12
62314234417732252 -1
76677222314556647 4
53131722525612237 13
51122641641737577 -7
56426235365437631 13
24331747224531621 13
76127346461351346 11
25627264312465563 -11
71137621345315253 4
42442313476123117 13
74577213752421347 13
43235231763761135 13
35432152355415146 2
23152443347721745 13
75741532154776642 13
73112451627673526 13
61534757366536224 0
75215245321137166 1
42312376652544751 13
61243446655156144 12
36431145766361743 -10
13572732431241656 13
64371557624666112 -12
61451743572221355 -12
51256236231774116 13
47575572151461533 10
24562463361211531 13
76626376232714471 13
65546376512615236 4
57155364647371356 -12
66761347152516214 13
32164656324322751 13
54154324732511652 13
67716164372155144 -2
31565273264115235 8
54721373645357256 13
63211164353476472 -10
73422577426425634 12
53351133564147724 -11
15347352745432262 13
43565224523411167 -1
75614114433417765 -5
22421143573713452 -3
45526331423555427 13
57155273575773434 13
11544374657152362 4
52252412167634326 13
34213351667461672 13
71312264471757445 13
71255737124317541 13
42423753431652166 13
31445752412346412 13
21117443753572573 13
61542146347763576 0
71425456626273612 13
57367745415136641 -12
46432667251575227 13
42312366455732367 10
57412145536376514 13
57473534414673676 -12
16532146711333761 13
51346231333676754 10
17265724347325436 -5
77415452375213762 -10
32643451376651447 -2
47547271472613434 -4
41173136345576741 13
73116675647647253 1
54345772231375152 13
15442542667273374 12
45174523731243225 13
73176724553714346 13
52433774533113276 -3
67113442442563121 -8
35613447372476127 1
13137625174152445 2
77435156513534427 -2
57465216672213752 -11
27111166322516247 4
73514251344216661 9
43327456132334567 12
32257147173714253 13
54244415735621237 13
72154665753347176 13
56735744623217275 13
32641133562424516 13
71553713764223757 4
43677323746156125 13
56343576617127142 2
41562213256237674 2
42373336156676174 -12
26221254365167373 -12
52272546677623157 1
26511216772534675 13
26432351165276624 11
16354744171273265 0
77723222156665434 0
33575465621541126 13
67662141537535722 11
36331667742153725 2
36447246542357314 -2
51744674563135471 13
43627226344535641 13
77766122442335161 -7
33237562116314614 13
12462466533252477 2
44552276134237425 13
67273542263646214 13
41354312622541541 13
76361124115575142 13
71643726525115544 13
13266552634267154 -12
53265716133354716 -9
24466742573553546 -12
42214377564237653 -12
21342664756132356 -12
16357575341656672 13
75665266372361173 -2
66661736735316542 6
26537534473221636 13
62314347416716756 -5
53426453372327616 -11
34251616242663556 13
52745617745465135 13
22246463375275661 13
16263163175654337 2
42764717653713317 -4
27562517167321776 3
76122116735223254 13
57547431762175516 13
52671341367715614 -1
35262425635177435 -10
34617117456534577 3
73154261262217615 -4
55673574143526222 13
61361755511234326 -11
16645555236244211 2
31224223123464751 13
74116113574232721 13
34657715216242267 13
26425461235315616 1
17751145227666721 -12
73225632151452417 13
64176735531476566 11
17534524377277356 13
14616342735232575 13
22216761452647576 13
52556411416453547 -12
52662337541475316 13
53451152724411772 -7
63767261163527524 -12
26627647743532213 1
56164231743571721 -12
54214342653362315 13
57467352431625527 12
76536641672517617 2
15527753473411162 -3
24613577241745247 13
55645657612177174 -6
52647622561554134 13
16217336553774412 12
37663125546624153 0
77154556646333712 -12
24513647627112337 10
57615635742153251 8
42563617541471373 -2
25741351524137346 -2
51724157261672653 -1
76534151527576423 -11
41336556676221522 -11
11273476536654462 -2
74465522431352652 -12
24715436751232344 13
34663217351662144 -12
47475251754621122 -10
52516661536725633 13
61446153333123125 -12
47326241456121552 13
57146341172252736 13
63256351427321526 13
25422314647373551 13
41162462455563116 -5
23615143474555647 12
21322417245716256 13
44316566572722676 13
13214522416523675 12
52252234633515374 13
54121754446672114 13
65217732626357715 -12
57776422441363332 -12
56165643256724115 6
54764231746562315 -12
73344711632556411 -12
52266315373416553 -12
76237546327467375 0
26635454437626314 13
36745322775124366 13
51644541723173355 13
62674251572416157 -3
21126466624755733 11
73724441156554247 -4
42435744576656314 -12
62655577341366221 9
63224467127751621 13
71641232631373577 13
13165675642551167 13
45421154135326762 13
53774714267234541 13
74331762241547555 -9
14536236627466727 13
44113555576651527 10
57256331126715156 13
11223523311373166 -9
12545546541721251 -8
65241214766135653 13
13512142445756772 -12
65474126637216561 1
45665776223341131 12
36437721734472256 13
53321474645366763 13
47321662312644256 -12
21262367363364744 13
12247253352231641 3
46756714415214767 4
65226614735523147 13
12646544573712674 13
33251221367453511 13
25373354275266372 13
24626314334355336 -11
36225727741544373 13
54237375425164764 0
25634517414733215 -12
43317223641643251 13
45717543522715417 -12
56552423372472676 13
16237255336213534 13
11567264557232317 13
61376237453255126 13
63437235264151752 -1
72652171141652156 13
11235663141723472 13
15451753624157536 -10
43541637146373125 3
27313462574276237 9
14347176462521642 -9
35472371274674724 0
62617317737153775 13
24527622776661176 13
34437662353426127 -12
35275244727646217 -12
41765663416543526 -12
13425147752646673 -3
17333517667255342 -2
23444775211554663 -11
43352172117517665 -2
55721332175334671 0
23762172532371616 13
62451774361334712 13
76561741754531653 13
72466453721566123 13
63277153773274524 -12
15716141237774553 13
33326673544347471 -12
65732163223545662 13
47417175633724765 1
21527624337643176 11
46761223617531245 0
73272734165142427 -11
25536524263116547 13
56722557662645231 -7
43412116326255725 13
14453463573564516 -12
17435237416736112 13
67457162132773327 -1
71164634213525352 13
23236462763564425 -11
13157735411573244 13
37745454327122131 13
24127463544266154 13
13526433547622211 12
26124474534761213 -3
62574656133165174 -10
71525536362342121 10
51231625726675217 9
23617154771137166 0
21534657562445773 -1
51441743261777356 -5
76155722733565427 -12
73673324112224765 13
45456362271151557 -4
25446175373353672 4
11572143145773442 3
43265172651165735 13
62263733711327545 2
52747436517321114 13
66315336545775272 -3
52537462226413117 10
72545133541426126 13
53261423722326571 13
33617645135246224 -12
42527651361633452 13
33545677254645216 4
65241411374241677 12
36331266751161227 3
74664211213417256 -2
16612351554241676 13
71667531735432215 13
74343714552767523 13
75436444411261342 -3
11523521572413176 11
22357133741526776 13
45723211542512547 13
21357561563371674 13
62155457241276516 13
76614356616734421 -4
65477442723613567 13
74651774556162425 13
25117732227565716 13
52571554747216536 4
21453164551353153 13
56547457621142251 3
45471475345372216 13
37373651222174666 -11
65334662354573124 13
21312674162157163 13
75632354771551646 13
67644533263315452 13
24644767121351276 13
21515144277643656 13
57473712133436226 13
41171352676654144 10
57312366547424364 2
74267351522721316 13
72345775237634231 13
65542566261577172 9
42316736455145122 13
16711523264446323 13
33721644615726265 2
36231412755651353 -1
66737567657532442 13
71124473766224421 -11
52413577142443174 11
75725176563414324 -12
52661265541624657 13
