5264123114176446344153315677 7
1432632642452574656321215435 -7
1376154345217557471127216436 7
4661742716452365342162377121 7
7174515126174623556323474637 7
1367675541163124531516223777 1
2164754633522667312124366477 7
6541663427235225117771372344 -2
6345352673271352617117352732 -7
3774115774334552143421126763 1
5766533215254472741631352337 7
3424751652712637345345162443 -7
6524212353367542145577676261 7
6634655212377126617455333426 0
2636643327711461174412312736 0
5423124716366631276273334145 7
7543633762532661573276141747 7
2537411132735764624357716722 7
7165365411667531247262374246 7
1426117634627652427774346114 -6
5576573222313211433724472565 7
6365217642243712547134424156 7
5266137515322473773151622444 7
3243473435124471616122751753 -7
2753277217146132544166552776 -7
6431727222764355411267436172 7
1773377565544334216574556441 7
4115775164527216743661247331 7
3624174332375176155126741274 7
7316124715257263743772252651 -6
6463372731141125237635125277 7
7734526741561433421324553761 7
1367273215534631312531547714 -7
6127346724144517152672516145 1
7266743425344743115465316521 -7
5357755541231452732236114633 7
6316344737556654431122327751 7
1133331764277555132472264652 7
2453465631651573327724614671 7
1157675477256643147326525456 -7
5454216337554176364347221371 7
1347551173255272443666664712 7
3277443135567616675323422542 7
6544622621135742527465134127 7
3314517745336177241561212752 7
4374664217766516551112532267 7
3125431553316165577426616424 7
3356745674467235111424655216 7
2524643251533714174312215746 7
2113136546335642542544416357 -7
5516274172132127547172653372 -2
7612125445754337526547311466 7
7256123265343456514371644646 -2
6314672473125274461264775746 7
1161735332655276263773157164 -7
1167437136253644126235537451 1
7345276456322414554724761173 7
3216635227325734451651771674 1
5423745217665466713225274415 -2
4311654216725173363775661562 7
3411663151646556255347726234 7
5643216522564317165147344337 7
5657337521643425441377367172 -7
1633137251625561241574473742 7
6471145524632645313273211521 7
6565274621627212477715536344 7
1746735143453265346254177765 7
7467462355276424731756451145 7
7151113225543472122653356372 7
5633245155761174362232626317 -5
7341641177766124144766212235 7
7564157244766436641225313743 -7
2633146125617731441754754356 -7
2412331135674543657734175324 0
2432276641117656314323256267 -7
3143261324771572243243465677 7
1436625215374523431246617425 -3
4735253534646662727321113471 7
6551271246577762655411263424 -7
4552171162236356617732143466 6
1455465417263452736117263533 7
7221251344345551275263743671 7
3143156137767137253361474526 7
7755115236313473154742546344 7
7615137656412357142243343555 -7
5324754227113615763466523544 7
7113474245544661227321654315 7
3677222412512765413644554371 7
6115756273453652311246562537 7
3155562473221214353766737457 7
5123365315623671753271672174 7
3624232163144156556552374117 7
4747167514135364267431232171 7
3216641351365774126316673541 1
3562724456175414274276533337 7
4335276321112473675654711544 7
2411136143526164231672724477 7
4155515222761267135437743436 7
1572423676355161567744765331 7
1656547314474262251571625415 7
6651335624341237111722173225 7
2746257154352162144665633561 -7
3373712665423741752412512365 7
6572533743645243167136175572 7
3462732642776231431125665545 7
1626237631351777533742256665 7
3142432761723544174615767734 1
1742335231267647646221751632 7
5636346331224174623772674754 7
2517643127154357732447413116 7
6716457145164355277723143214 7
6172226421643346474751551512 7
3762211354147276166341137756 -7
2242676774745113523651352613 -7
7627627625613332551514423474 7
6531776413216526731214734464 7
1264533274774535114417177624 -7
1163433546715462622264741715 7
4557743421564212161142373526 7
7772442553257535613441742362 7
6773127565455621726364177514 7
2441541266211363676337151522 7
3262364514337446756712557354 -7
6113262537134554741441623537 1
4554172315366542647241371772 -7
3115274573565153244362163571 7
7563464547217467642312412527 5
2422613114467345137766515627 7
1416735736463173225735572223 7
3637142222465217337641417367 7
2444571173632541642561551676 7
7521445213243762715567663523 7
2757774563567265212115132346 7
3342513311424427154647666227 7
5472137167444115774223354612 -7
3415561564165345517362376713 7
2347574572771131216322651534 -7
1623771162512257552725647464 7
3417512551452237134651471456 -7
2466333152577214611737163456 7
5134253166154273316127416744 7
5414322652716376625562774354 -7
4661264551151477727456167532 7
4351221667765474372537351564 7
7532765517115167773356444642 7
6551227446546156331245121174 -4
2214557745166646332242313154 -3
3542327161167553765747543146 7
2613563465567144374245365122 7
3146217571366732257563575467 7
6721451673326537573414122755 7
6544175634777114335246127253 7
3655242266271134374254647266 7
2556365143664341355415142167 6
7662371212356133575526431764 7
4713516254716475123512346737 7
6357324131276211575524772256 6
4663671345362211522723545441 7
1174361642223347667412454575 1
1153352145367723716346776742 7
7543641462225154662173473241 7
2621771245565623333413134767 7
5225374632663211142576177165 7
5377666424437427577511221442 7
6455512312661131172572463772 7
2311654352467224462735637741 2
5326145344112173362544716757 7
6761746176154521751232361233 7
2751125436365774756312156164 7
6335754657114342775216513617 7
5223146522574721355773447431 0
4455633234675572236227411416 7
1361463265756635312212446424 7
3271577455632612462154642646 7
4754272426711765535113123734 7
5661643735611226215471755333 7
1727176575513472354622133142 3
3461631157163224763314726572 7
5524211537766441357233236612 -7
4335677546143175365127172152 7
2644272176571753533361326414 7
5147732274271442117614563334 -1
6377235754313642567625176435 7
4672126456753461571421727533 -7
5777142151553536231663643522 -2
3431562272234675753567137141 -7
2116237353145471563715462472 7
4134653441274353622724576515 7
4664342776313472655315262172 7
7142653121162365664434342775 7
6674121634433111255252676675 7
1527624443763712552315265743 7
6345737136265765133674224517 0
3621567124141175167244624532 7
3176272312347534165435176576 7
3471624761132671566776557421 -7
2443126126576733127655117125 -1
2417311222767764315657213446 7
5252362531327574751441433623 7
6526715576471461442221354413 4
5354114627727613363414617246 7
4215257637462754141367422116 -7
3564725322452745525116267164 -7
4612267255367764752731464743 7
7621522337466647552523134651 7
5772113763543246211752736112 7
1235775255342762724273145431 7
2764231445722656736456342167 7
1776511647151357626421453352 1
4454477722233536713146762251 7
4227316727751511312463531634 7
7611542677474275623136521174 7
7634151531476615427222556432 7
6773317721361514524632746511 7
5523735311573647561146277245 7
1652571137651364745772363657 4
3416152462527747143127716567 7
5752211634666233644113742516 7
5752366714732467326124157336 7
5611732734655527361224642131 7
5214126673333532224357771557 7
3613453472235561346166746712 7
2524644566321376153377367251 7
3532521723717314473731661424 -2
4277146345323241215547576153 7
5572264765547161327332613634 7
1346145111576271253762432424 7
5115435752216412417337644252 7
1167341673537443124127212236 0
2553126313747431132657236774 7
1755524521144776512333271342 6
1332725325777632766254171545 7
3711677665633224547621255457 7
1752612324573215735466572125 -7
3137677164747651241256452234 7
3266132774124165531335772356 -7
1326732752753243466173552123 7
3365234765316143564724322251 7
2632354112776715562441667725 7
5417616315175241261573776642 6
6335772157311624127411532755 7
1676342521531563145644532167 7
2644432252116572377116176656 7
7461355656724237532426446523 7
7657641411532343365564122717 7
6474653331533467466425251124 7
1377245766665325461655731522 7
3742172637776462554352666225 0
3374577756612114542762121523 7
4266356164663754273113175355 7
7525657277234746331643112266 7
5712136656736167337541241543 7
6251256461251434737137465622 7
3111255672147164363143752557 -1
5417214426276241646137123521 7
1574413541565763753412124143 7
3723156376371475276552461372 7
3765147656213237425664271753 7
6632627426611734277544514533 7
4776145156614232771636453312 -7
7264622526371514672175463155 7
2633616142367265425647137415 7
1432514323534451167557376144 -4
4126357643472754241343715531 7
2156243227346211763353667721 0
6456476143732271722613451556 7
2132513617132156756657225474 7
7735311266113443156175434657 7
2666411451271613534233727624 -7
1642435521764132517423534275 7
2422167533713527254661563763 5
2572417417725733543611133524 6
7746713534431622731755164762 7
6431436127727675153452166145 7
2235741131743367563664112257 0
4547652155761211127442754363 7
1755733354652561477136325646 7
3555166235727143116735142437 -7
6545577133756126142641742241 7
1255215536436576475312461126 7
1634267265533217653342745722 7
3524541152712527474771344262 7
7642713376423564435732117316 -2
1334634322365654472711561513 -7
3621171563512544243255611677 7
1373264231713312654741642275 7
1125736434421237774351122625 7
3311242231731641764224154653 -7
1376224276555437754276253317 -7
7156432466372734713153527437 7
1242217563524346717457134666 7
6324127116656547244175272471 7
6715235323361646524413723544 7
5643776645317532352741245157 7
6733126614473326445371753125 7
6713551763424113754634276246 2
4334323771134543257766422765 7
7274331613627421277365615214 7
4371153771345364243652264555 7
1451451327723622246116725366 -7
4165543357257315167172121347 7
3412652761116523437412733357 7
5331716476265771735264764342 7
2646755152164363132127427136 7
5263656757415321713665743215 7
4251517614255437656333164263 0
2345775454233273442116772116 7
2766537243417714625432346631 7
7215375621633146541632631261 6
7572224477214614336255357165 -7
7164223471655222574737141514 7
2266255634554473527113127137 7
1451275677212475337265611631 2
3235155124575317422147726623 7
1532764332267234425211671745 7
3415375425613377565465367112 -7
5174152361572432153761435474 7
3615467251424442467735663725 7
2212366511235413365376727517 7
6461154537247166514432777357 1
7353254651421474241165726757 -7
5122241646537637717225315714 -6
4545135222267513764723163564 7
2662536542433671444615411331 7
4147252446377253776736111123 6
5647631732447315365226547171 7
1614716674271517365232452277 7
5671251677126324157372446263 7
2316725746324614664515774137 7
3543216127754541726314372236 -1
2743625341653654222311563136 7
7774556177233221432543266113 7
7171235665377447143116643653 -1
2375622744416413721474762766 7
7446224164614617523271747525 7
2451672521623345236676747453 7
7356761641256333754743123262 7
5244274613146135723557625773 7
7634545541541362767232272613 -7
3233557215225173514436664724 7
3436251252137521621761576335 7
2613552244675152761674643137 -7
3765573723742274563325144166 -1
7731462375654542323413576654 1
3446372653551355611477374756 7
2371623514136667462515277641 7
1453456231567364633217627754 7
6515443227646624175371554246 -6
1534712413132677465576736765 -4
5524165754211377626427516542 7
2163423715174215745125643645 1
6527126555322677773511333441 7
6255472463435476376437522373 0
7754416225311417645372532125 -2
5322176574254667541531114212 7
1551773624545347613527123674 1
5646437211375634146573176257 7
6131447575341647665412763511 7
6526411376114772317465324213 3
4453335722341661761611436264 7
3217455763525541573126117376 7
3467214372347156721266453535 7
6711547241231343154435234666 7
3463377651541347327272674116 7
4765223561475732337751121314 7
2765337653312541476625171572 7
2543362172236735516714671143 7
5431144227461327765522416351 7
4745343625445276512122127366 7
2551427432551167564156233371 -6
7231566136746363527754161274 7
6244312461336217352257777255 7
2265564255712515443772113467 7
5732633265233171263117717412 7
4163277321555434476657246145 7
4134733721451122665662451773 7
4256643734142651512176421574 -5
1634425155147675374162762736 7
1254445266413531437153556626 7
