56234745512337126146723444 5
43445242176251562445771267 6
74614131723777566311426347 8
66172553153771127545113757 8
52512245275233361633662773 8
76175157656313562463335753 -8
33737647525235213445114731 8
72262124157246337114366533 8
47116377133176773534525521 8
34254321545217676217334276 8
17636613314165372622551125 8
27655133237435341711752175 8
43531457426775771462554216 8
36571271154375363261515741 7
45223721626341364427736136 2
22145777733155111457763155 8
53462765371312654631345622 8
61342364747365365556154563 8
16665664421454122721123157 8
17336237454415347342676375 8
17416332665152636733317524 8
75324134215316415355627614 -8
12666335234557215347471563 8
36765112322114775633635172 8
52216765214341727674463736 8
32161565236237551671161373 2
43145264671125515334674254 8
71672576213152455334341277 8
35416132742524112767551332 8
61265132225477461231613321 8
25273773622526216416563163 -8
71115175324661775673163667 0
57236115147265762171425554 8
64546162253245561713721144 -3
75442444653231137363366116 8
32675256131172177417132663 -6
63611721771426523552736554 -8
26766137545446136731651557 8
22666171566267741235331343 -8
16135753534722416465566647 8
17254376327235446265464633 8
27341543742443663765361753 8
16435771752721614526675473 8
56324274112641311633337714 -8
25141137546113664533516273 -5
46671624135224725153414513 8
46627555172151145245763421 3
11133367124474364564661622 8
33466476266117314375275116 7
12227176721321674415756431 -8
55172251624342615335153146 8
71461347143452746276477236 8
74135615226222147275464166 8
63377324367424661761214415 8
15117345633567547354237115 -6
75474312611152562132514624 8
32157377726317432244213751 8
72225746761154151531463577 -8
21145514424664556625261546 8
33611514472645345274775171 8
45234431431674524626716156 7
11744112331515654623562767 0
62743721544373747452142752 8
17766163262225413712463264 8
43671553217514642451572131 8
73656221137667475635522423 0
13762752634575462573441227 -8
15461234773223647161134336 -8
26353373547571312565211463 8
16571266647464123327614273 -8
64532535375222146671556226 8
74653427632662765317447416 8
57137172276357351235534632 2
76133327422524644452136235 6
56531142342375423215566747 8
76146732151662537253645746 8
41751113573461453326733767 8
66742372327766452115771315 8
51457665226355267642211246 8
24441111656274257757471432 -8
45344272775131645754333375 8
35245151467276127422514467 8
25576556241532371777162754 8
47631637327145172745163556 8
42317127137365116235155645 1
31177625754174213647646371 8
37326417126123521726114535 -8
35137614576174466275322251 8
73465671132333714563125525 8
22237735153527572332517434 8
62623564555333562367211127 8
76363663244216122545446172 8
51351724667252736655764137 8
36622124662211137417275535 -6
27513662537736131477536432 8
21754213367434714466362622 8
63617515315327551413332627 8
62725174372254562556637275 -8
25611734457467542113556257 8
57364143325461454166371312 4
45156751441771522777413525 6
77564324257451627611675462 -7
24364572176324623561724616 8
21146272252164661734213661 -8
11724655713561532356256317 -6
61772556125175526323423247 8
45677356143316733667216277 -7
65273333146256143351125714 8
25755446721775124477163234 8
42374667661133345553165451 8
55514412524667723726325511 6
14536442315146723276112366 4
41155527635377721757441252 8
63167714633372524652314537 8
34624334173452222217611575 8
62436154111743266541625733 8
63733221563777755265225121 8
57457333656751126742747641 8
67256737257234172473411135 8
32527446311326677126765377 7
55532733226666737461472633 8
52763115267355511742562743 8
41261357732172113455275313 -1
77533513262115626415762176 -8
32135711266335362155544315 8
61462431462317147732763561 8
76513461221737565614351741 8
11517665566334231236554261 8
36716513337162122166363417 7
35251172777322731417166252 8
31231643412676256774677416 8
42133421224266545641662346 8
14354273237265517622531216 8
14416256644771764613517162 8
16627772372124467542744133 8
34672142112715431772362335 8
27457325654755763776533212 8
63612432756621421421326137 8
73441372511665276764123271 8
34564415221111412677273357 8
35412313721777234465571265 8
61374677667714613525711223 -8
64566216774744752316617353 -1
17337614117455674771354312 8
75342634136456615255752163 8
63341433661727446442163552 8
35467452511254731121766634 8
55234321365162241451245767 8
57331271676765517214167166 -7
31467116533742664431311344 7
35365113157473166431365627 8
17717524271361331377661263 -8
52366766732511742737535746 8
15332732557475331777556623 5
57121332773461716145633556 3
45422127624122337533676447 8
36457774326753174611755514 -8
37567436316462241677577252 8
17621615415665621537133243 8
55761372216162452765713753 8
62315733511426622154155771 8
32613175143623652647235416 8
42441475246623652713123146 8
34746361372277165136541643 8
13213524344261251273317257 8
64761565731136265265115233 7
73464717231565546254457236 -8
62131715417556415747212556 8
32733176574665126516217316 -8
77143746473473766635235656 8
61327321171374752246317347 8
15115474725726173646661255 0
65242656547551266243342117 8
64263215374214273771266472 8
37654412556672774345722566 -8
12631744242536177341347146 -8
23744166174217555542144162 2
37611321272542774331256216 7
55655762231426646531541672 -8
23167751417235724346677432 8
72337631173414662174171763 -8
36546267223545724772233134 8
51366337653667774275216323 7
27434446556212677131622552 8
63212351544445365175364673 -8
46751721131362426532772171 7
72166331227356267772461234 -5
11256447261362757224175756 2
64261264576577513117352475 -1
63146324675743337315211422 8
65755746373546217122315342 8
35317362772163341741164367 8
41132672773574356764255554 8
13114173144572431432572557 8
42272666346177656524575341 8
75174257164661277534675213 1
26633573124473151352366725 8
51234542427176156631761623 8
37413376543542635616173647 0
51242355561275343762717254 -8
62113326551514464276112344 8
76215433553736557425631736 -5
15512466212535631332426375 8
62673321461532471574367276 8
27535233271253464515174135 8
75267646225167533233143162 -2
35611326635467343446517724 8
24216462714713141323552464 8
54517615744636355111646673 8
63143321166313623214756546 8
14423342524416566524133563 8
67237776255753435516254474 8
12467247324122116631772454 8
63671543374674515123151175 7
25434246367172317114342652 8
61563366622444217253367174 8
73252254357117752533646242 -7
35251432776257177276213551 8
61246372277676164134733731 -8
33125375565732462727733111 4
26442263762267173271444355 1
32111535256334666751622146 8
56736425315117525372256633 7
67552523144175345173411346 -8
15512727612556777663722436 8
51722657336353414571361211 8
31634443651136452123727745 8
63447542473241516712711437 8
54352115526275166126446677 -8
77726632667371426545144451 8
51666655373215344754447163 8
67415572145477567563576266 -6
65114166676645215372521571 7
25734747415752232213763332 8
71774327711261456321446622 8
76317512641633771221772213 -2
73772734646233613625511447 8
22617446155713776275514554 8
76253376326115173375432226 -8
35737442135336211273455411 8
63273541623613756752611332 2
72327517373254633523246547 -2
34774374674131336522112113 5
73571716544342114114323654 8
46126422647313376736135261 8
36115645674225761114723675 8
61723253341553131552213672 8
74167452423536462315343322 8
17524411532756763771642134 8
62425415666337537253153171 -8
74444745553457221155116176 3
71353163241543175233247761 8
55661253112715476326773166 -8
16725241124461652426157152 8
63145714711661342377733531 -7
17146117623175265475724463 8
61143422666726151173163772 8
51256261571335411637522567 8
15424663721772663545233261 8
36752137753225626653235342 -3
35277612213623155611377721 8
13223566747323651747476374 -8
66243425161461113547742455 8
52651521756773623674563316 -2
62754247557123521245562477 8
77353211255266745132712326 -8
57767263652717141656526227 8
42343477256144216233136432 8
57667113326176534167133556 7
73176162212231277374361142 3
34772453752131326541121124 -6
23766777127126555733234664 7
43136225275457163673376221 8
52347246442121626573672116 8
61667727333237125625211373 8
71266274517512256723743411 -8
23145275126736445672166171 -1
46116476736455742346633127 -8
56626331414135164672155264 8
75543316443176446713664725 8
35543251276536126152717662 8
72723144254126716774557244 -8
44445251132636455156333131 -8
46142177237547531315653225 8
35167751175463326135351715 8
11376115744633536427473316 8
