6741515572 16
5156311561 11
1411563562 -2
6113373123 4
3163575315 16
1511514714 4
6475354353 4
6237427142 16
4755277411 16
2126444222 3
6327252445 16
5255623435 -2
2153721337 3
6666141271 -3
4253431217 13
1424524317 4
6412576717 -1
2151331456 3
6355242641 4
7437633125 2
4667555576 -1
2246475566 16
6467444425 3
1157316516 16
2261516276 16
1425221722 -4
5355472163 -2
5516766325 -3
7755767751 2
1572571156 4
4211263344 -3
4214644774 -1
3323331366 16
5423627217 -3
4213511524 3
7314576267 3
6457567652 16
4367315674 1
7444266555 16
3725475646 16
5533546575 -6
4233623661 16
7177647256 -4
7576154212 -3
2175256615 -9
7463221677 -2
2135115456 4
4176172177 5
7151147562 -7
6713241771 0
1723525546 -3
6214554346 5
4243125216 3
2167476475 4
6174556465 16
3115375353 4
6776765455 -5
4576177725 16
7727745425 4
4763164663 3
4455116421 16
2137745155 0
5525454661 16
5336774761 12
7714127725 -2
1555557417 0
1727151262 16
7756755352 2
7665637356 12
1346266641 5
5153457332 16
3222153113 -3
4416542543 -13
4417152644 16
4371727651 16
4733363647 15
5736537163 15
2162447727 16
5232721443 -4
1552633137 13
3765233711 16
4112157123 7
4147541122 16
7521356146 -3
4577477766 5
7612646326 2
4317265665 -3
7176214422 -2
5321134347 -2
1245541527 2
5136445433 16
6771651156 4
6225314712 4
4365333654 16
1134675431 0
6143655731 16
3126154634 2
3443162367 -3
2242332232 16
1356637422 1
2745313174 4
7771152646 1
2232434264 16
2164173243 4
6317267235 2
5371433124 16
5146716742 5
3172125375 -4
6132625517 16
3335744327 2
5767541514 -4
6674432545 5
1526762252 11
4461211371 16
4776722557 12
6325613774 12
3251556614 -2
1313654112 -2
6774145651 -3
7227542267 2
3161544525 -4
5151335116 16
4447215771 16
7212251442 -2
4155436424 16
7565574365 13
7377612244 16
2476444211 4
1332334112 13
4545516776 11
1673351627 -4
5447717745 4
3426567355 -4
2247636377 -2
4112722524 1
5172131266 16
5471233736 12
7717376161 -2
2275623712 16
6757723317 16
3135453375 2
2316365717 2
6542526354 12
6425275554 3
7324764654 -4
7225534555 6
3361214713 16
4741372243 16
4416473222 4
2354213655 16
3557274766 16
1623423367 0
7516224526 16
2562562325 -2
6272617617 1
3165355545 8
6423241236 -3
1753525563 3
1437526131 10
4166241165 -2
5763277712 2
5775415771 15
2444417233 0
1647545672 1
4773255142 12
2544676236 16
2666515213 4
3351751175 15
6231414475 0
3622614427 16
5642125637 3
5417352312 -6
7354675567 3
3443576322 -2
2332541721 6
2724666242 4
2147454633 16
4126765344 -2
6352177574 2
3474654176 4
1757531662 9
7314544411 -2
1163415326 16
5766736343 -11
4447324363 16
7471132222 -2
4671156515 -3
6127611745 2
7637175311 -2
5724134237 4
1316641257 16
6245253132 3
5153275161 16
6654522162 -2
6573734611 -3
1163712453 -3
5557766353 3
6421725243 4
6336275542 -1
6644152265 16
4451457621 16
6735264247 16
1662117257 -2
5577515753 16
6666114736 16
7717244332 0
2273175255 -2
3173533251 3
2417751523 -5
4124311125 3
7231755333 2
7645715476 16
7223632713 -2
7226372612 -3
5767246665 -3
6711756161 16
6232714124 16
4551151455 3
2137372446 16
6365332362 16
7226314567 4
7765641515 -6
5175556455 -2
5226226424 3
2675716543 3
6664427743 -16
2751451312 0
3223112231 8
1152143175 -3
5414557656 -3
5371627766 16
2257445246 16
3763124232 16
1457315274 2
6155135673 16
1344735142 16
3455422365 -4
2211173716 16
1657315161 7
4667313755 16
2653266373 -7
4627254452 15
1153625513 -1
6134561321 -2
3221564427 3
6433677743 -2
2265671344 -4
7154625167 0
7731436645 4
7464341576 -13
7347172725 3
7662776526 3
6756737262 1
5267466527 16
5515447332 16
7734251267 -2
6462673411 16
3633475654 16
6322425135 16
7412154166 -2
3636565563 2
3253522461 0
6767111777 5
2322161156 -3
7231173561 4
7147156345 5
5434544664 15
2137742314 -4
2132434242 16
7674434667 4
7135676444 1
6443557412 0
4614156763 5
7135612547 0
1452736361 3
7257263257 2
3421236253 -5
4357436416 -5
1742745556 0
7542333464 -5
2353225233 4
2235255316 16
1111577476 0
6234475275 4
7672463356 -5
7211572223 4
4421561366 -3
4513715553 -4
7134533645 4
1651342345 3
4371471173 4
4431272534 -5
4725526476 0
2611346166 2
2535457155 2
2513534617 3
6116777645 -2
5313654154 16
2533165577 16
4214467775 2
4424435661 -2
3373117215 -3
7142557634 -6
1346567167 0
1676556432 -2
3417463426 -4
5631343147 16
3253346552 4
6376316362 7
3632742675 11
3122341622 3
2125215174 16
1441153626 -2
1645475762 12
4743674634 9
2575477173 -2
7343161664 -6
3564333134 5
2541547663 3
6357476423 -4
2726745256 11
6121127664 -2
2562122756 2
3526626562 16
3256275217 4
1737471613 16
5221141465 -12
2647156454 16
1437456622 3
1772537511 -2
2761412332 0
1314254542 0
5734754243 5
7643523642 10
6675377172 2
6347167313 -3
3623463661 16
6735635712 3
1336652215 1
6357766173 -2
1554265424 -16
2166561115 15
7365523342 14
2544111514 16
1153526365 9
1267537117 2
6175413445 3
7376113273 16
5566653366 16
7736643626 -2
7465662325 5
3472253574 2
2473276143 4
7676111337 2
5523741432 -3
7416212734 -1
1266532555 0
4513736156 -3
6445177674 -2
1576324114 -2
6777343247 10
2551627333 8
7516556641 14
3364236144 -1
6522375452 11
1247333365 0
2545442267 3
2242764641 16
7137676121 2
4367437726 4
3166351222 4
6753657435 -2
6463546431 16
4517444111 5
5155645315 -2
7324626414 -13
6331231563 -2
1121342156 0
3237164135 16
3524772252 3
3366246644 -2
3331125341 16
7344322546 10
6427675577 2
5222442613 -1
1443133141 6
7432666645 3
4522451542 16
7155623323 16
7646543514 16
7613552767 -2
4566624121 5
2416216761 3
2663735427 3
4166656675 4
7532736732 2
5374324752 0
2325143121 16
2166115246 16
2741633156 4
3274543472 -5
4771425312 5
2611373565 16
7557217663 3
7772436644 16
6222162511 -2
3643744542 4
2574551233 -3
7677266616 4
6475322617 4
2334747171 16
3671346746 14
5417113767 -3
6764456617 3
1167766411 1
3212474511 4
6726634372 -3
2225645131 3
7277751747 4
7757533415 3
4772451235 5
1227562253 9
1765633363 16
4534767545 -2
5562731661 16
2736145414 -11
6624523344 -2
5146322216 3
4777717211 5
7726451422 16
1674674366 3
6267247756 6
6436153562 12
3116112667 3
1642662352 0
7257246342 4
4335626636 14
7254563565 15
3344761236 -3
2334766155 3
3657567763 15
4127567546 16
7472674124 -3
2752344273 -3
1524633343 15
6227631154 11
3241777171 0
6453425752 16
3213547126 3
4777415736 16
3554526326 4
3572311276 3
7612645327 6
2771747733 -2
1352222463 2
6265112121 -2
2121124454 16
1342467734 5
7277221564 -5
5311657165 16
2517542451 -3
1612754525 -4
3455356643 -2
2671455333 15
1147642247 16
5321533332 4
5127141155 0
7346716667 5
3344712274 16
4774265352 3
5432651142 2
6554776545 -4
3467233273 0
4372631532 -2
6167451625 -2
4712277536 4
3423242242 3
2265553152 -2
1621227223 -4
3761452475 -4
6114367332 -2
4221427267 16
5465662545 -12
1456732465 2
3522166532 16
2144121746 13
3177151135 3
3546465677 12
5431117514 -6
4272134343 16
5273466254 11
7531776153 3
2112435771 0
6235234113 -1
1525434776 4
4311625461 16
1336652544 4
7216633131 4
1244265557 -2
2654334454 -5
1761642274 -3
6144631746 2
1225743115 0
3262362475 2
5751716257 16
6276677346 16
2415265224 -16
4244751645 4
2325715617 3
7536445456 3
4552243113 3
1127256632 16
1433724474 -5
3422577111 -2
1256356426 3
2345664266 3
4744371252 16
7374435641 3
2756574673 9
1436426463 4
6356644372 -2
1665742625 -7
1764635431 3
4612677142 10
4573637531 0
3322424663 16
2272664526 -3
6247614663 5
7356525263 16
4343642262 0
3727254446 16
6577336412 1
1567417432 -2
2117473175 4
2453322221 2
3664724641 13
6662651735 -3
4221627634 16
3124572526 16
3573667522 -4
7124722576 16
3562765136 2
6557437164 4
6347354512 4
7274523151 -2
7527521132 16
4343137147 16
2157675621 11
6135264417 -5
4575265423 4
1123211651 11
6617131567 16
1216753612 16
2335675744 6
1435445451 -2
4276612557 10
3234733647 4
5266114643 16
6442346572 15
6643162744 0
7141764633 4
6433244374 -6
3754557631 3
5616717131 -3
5222366441 15
6563731346 -4
4761445211 16
2154377732 4
2252445363 16
6532733673 -3
3645411241 16
5276324756 4
7117233427 16
3155165727 16
1774364452 0
1464226252 -6
3651251154 3
5726753263 16
6174252732 2
6675344114 -2
5445565565 12
5272553334 3
6353644757 13
5667646445 16
3542145254 -2
4317762264 -4
1462635635 3
3353662733 16
5526545261 10
5647561165 0
2267566462 0
4242233537 13
1277217414 2
2133421166 16
6733744667 4
1224377511 -2
7544357215 -12
1442562242 12
4122155243 4
7252152442 3
7757433776 2
3742156751 11
3434727654 -5
5266247771 -3
5622161154 2
7733352271 -2
4511132213 -1
7212223675 -3
5623227527 -2
7517632651 3
6772132263 3
1416261357 16
1134462753 4
1334761272 0
6524441233 -2
3211264733 -1
5442162657 12
4152426167 16
5165264357 0
2772753152 -3
4356141111 -2
3763734576 0
1217714156 3
3117133537 2
7642223543 4
2371241554 -6
5723653121 2
1466741117 -3
3442665531 12
2732766573 13
7364142156 -10
5141526335 16
4723631371 -5
7433763245 13
4676323572 4
6671466725 2
2715524613 4
6117342645 5
7651652113 1
5111376675 16
1513335721 5
7715551342 2
7154142175 -3
7654753745 -4
2534535517 2
7153177444 -4
6232241715 3
7666525613 4
2711154425 16
7117514734 16
7141561735 16
6235755273 -7
3227751141 6
5565255161 15
3571453137 16
3222217156 2
1723127167 -2
6617664232 16
6672163513 -4
1731242313 -9
6134314423 -1
2144243417 16
7741764363 3
3617343266 16
1364474464 6
4517725316 7
7254361741 11
3437354335 0
3461563352 3
4777534411 0
4357564551 15
3245415525 16
1633117617 -3
6217475461 16
3426143245 3
6455127135 -5
4523166361 3
5222314316 0
3472255436 3
3766321233 2
6116614545 10
6217536166 2
4555357453 -2
2475516145 3
5215251667 1
2775271514 -9
6551155644 0
3431442745 3
1671316771 0
1516543434 -16
3663776635 2
3473331651 -2
2522277746 8
6511316164 16
3676261462 2
5664112734 2
4252265457 16
4126576761 16
1134741742 1
4753754637 4
7743732167 16
3325734452 16
2577537641 4
3666736154 4
5461352472 -9
2175736363 -3
5577716471 0
6722117213 -3
5172274453 16
1545777556 0
3741147526 -2
5464254226 -6
4617155425 16
4777314145 16
7264766376 16
2365631214 4
1266524351 16
5322571174 2
6611662433 -2
6536523464 5
5421666662 0
2262114343 3
6772414227 10
1637211136 16
7755365273 -4
2432354231 16
4472752572 16
4615753765 16
4747514534 16
2641763552 0
3712314637 16
7276776116 -3
1361135767 3
6457737415 -4
5347241313 -4
3141452413 0
4542775433 -5
4167414653 16
5644551473 -7
3612165131 4
3577152364 -5
5342327216 0
3115777257 3
5126161143 0
5543463216 12
5437234426 0
4365146143 6
5374577536 0
6717312362 16
7614546562 3
2562156133 16
6664445127 2
2154477212 4
1263176333 4
4154363164 16
4334652346 -2
5636516712 10
2313751466 -1
3754467745 6
5565373351 16
2771317572 16
2241331416 16
6641141653 16
7372351344 2
6631157153 3
1327454424 15
1371444364 16
1656777171 -2
7114464564 7
3227525373 11
3271512762 16
5666122277 -2
6771356173 13
6153442465 16
1775175513 16
6357466625 0
2462514165 4
5646356647 16
7355625617 16
7571466333 12
3223233566 2
3654573665 0
3444453347 0
2161516412 4
6566256722 0
6714223762 -3
4435275533 16
6542516256 7
5462763346 2
5654722774 3
2316656237 4
3454144742 0
2333214224 0
3163657262 16
6474224735 2
3344411717 15
4767112622 16
4613125423 0
1724447666 -4
2137344551 16
1162372244 16
3237325223 15
2242444623 5
4465521776 1
7335742737 6
2725431277 4
3643174264 -3
6164417454 -4
2512441336 3
5574214113 3
5543433667 12
2155516664 3
6145174674 -1
6376117436 -2
5647252771 16
7222362411 4
5315755627 -3
7133131213 16
4521657224 -10
1772213673 0
3237425356 0
3222733774 -4
3544166747 16
6134776212 4
6752542273 3
6434363343 7
1445462155 -16
5712525444 16
3334125577 -2
7534367646 5
1741466735 16
7545474613 16
7476756633 16
2225544475 0
7464244227 -5
1745124361 11
3264155417 3
4624646544 4
6653742162 0
1437444753 0
7135733266 0
3634445472 15
1157234347 4
4352111675 0
6561245345 16
2764674742 4
1512331235 16
5632423514 -3
5742677665 16
7736431155 16
1441663625 2
2721644737 3
5472132545 4
2543532213 -5
3355265765 16
4471745716 -2
7142254427 2
3456646643 4
5766462256 16
4124625756 16
5176657566 -3
4116634711 6
7277347536 6
2251235166 4
6631517252 16
2734446717 -2
7711136641 16
2177474426 14
3114456753 5
6627723414 -5
5616357422 -4
5656221235 16
6225516761 16
3551253467 15
3117665125 16
7611125152 2
5134373523 4
1572435525 10
1252447244 16
6177372776 1
4116372327 16
2362671342 -2
7527412441 5
4227526747 16
4273667461 16
3164531514 -13
6331377112 4
2114212337 16
5447541346 15
1151311741 16
6136624645 11
6335715646 4
5652326353 16
3111253424 3
2632466761 16
5645733766 3
7276577177 2
2715217351 5
7775422324 4
7377715266 16
7143121423 3
4634626454 -11
5726721523 2
1251244154 12
4332615737 13
1761524156 16
4475313726 4
4372367365 4
4712145255 0
1111526261 15
6532766653 3
2235773576 2
1162665172 16
6243142521 3
1237674724 16
4444621325 2
2754644726 5
5711236772 -1
6561744437 1
2627623451 11
4542335435 0
6266125565 15
2312647153 -4
7636674114 0
1125545313 -13
7716214327 4
5126263773 16
3227377177 11
1556744636 0
4173117575 16
1446145527 -2
7442663515 3
4573371626 4
6234357262 3
5543313121 4
4521663757 4
3314133446 -3
6412562372 9
7627126624 4
3366324265 4
1363347756 3
2666622752 13
4463372342 3
5515145431 -6
2661371666 13
4475112753 3
1711317325 16
7352151616 16
7415441771 -4
1432346173 -4
7165721637 0
2675421266 16
4753267531 4
7522276432 0
7176721652 16
3347344417 16
5177353567 16
5612117127 -2
5234746342 -4
4261241656 16
6614717466 3
7364133136 1
5576424414 -5
3456577624 0
5356156434 -2
2167163526 -2
5747717346 12
2276636376 -4
3626254574 16
4441637242 16
1566552576 -2
2137661514 0
3315615772 -2
5777614643 0
6725546615 -2
4325373316 12
4455712513 16
7375336437 -2
5477437234 0
3323621666 16
5667233151 10
5713351112 3
2523235644 16
1265312621 3
2572465761 10
1367214563 3
3734667355 -2
4567151262 -3
6771634123 1
1614344356 1
2233323123 15
1767522665 3
5715332255 16
7565765746 -1
5636565241 16
2741475343 16
2713335166 -2
6624125631 -4
7424531364 -15
5643721654 1
7145253765 -5
3445157112 3
7113354266 3
1732154655 4
1223761667 -3
7576646641 16
5552374547 16
6532333565 -3
6637114116 16
3412411224 -2
4671466213 10
2316163567 2
6226576126 12
6326677641 0
1161176213 3
4443567374 -4
2654161433 -6
6336611531 6
3312545531 2
5724673135 3
5211134654 2
6546461371 3
3677615277 3
4414531346 -5
7677371276 -3
3551634425 -2
3611776342 2
7562563515 -2
1234431653 -3
3274252723 16
5435411555 0
2415363575 2
3631112417 -1
4525753253 16
3375717223 16
6256773632 16
4215145415 16
5144677147 16
5751172563 5
5614346437 -4
1241372457 16
4477737724 3
3516711441 7
4731117637 13
4673531451 2
6424537145 2
4344471314 -2
6442473311 11
5636515432 16
2552446632 16
7645113412 -2
2177175147 16
7155143653 -2
4566746246 3
4444726161 16
7735542576 2
2437125532 -2
1674724574 16
5752751426 0
3354717767 2
5337566546 16
6111266474 -3
5347541417 -2
4767425271 16
6124245646 -3
6145556712 5
6417475446 1
2551747466 1
1155756172 16
5712342355 2
2266435151 16
7275572411 2
2147231372 -2
1165552721 13
2766344535 13
2135167727 2
2327356243 5
3467656234 16
4357116763 3
7371761775 0
1576116323 -4
4433662531 -2
6554573541 15
6334774312 0
2452274551 4
6365175374 16
2257516417 2
1626541675 -13
7656612461 4
7565661551 -3
7656134477 -2
4172123255 16
2741676452 16
1734324366 3
2274624664 0
5521765621 2
3544236643 16
7433252236 2
5614224576 4
3426322612 2
4572464775 16
6232526737 16
3452316346 15
4227735734 4
2351374554 3
6165165263 3
4726676367 16
2615114424 16
4242535115 14
4566133577 -2
1365214643 2
1274276521 2
6256542722 3
4367363522 4
5463637416 -5
5714522153 16
1754167115 -3
7522141414 16
4175332555 0
5617342652 2
6637154741 16
1633463542 5
5321536546 16
7745351315 16
2245217623 5
5626164544 16
5532547667 13
3211445357 16
3127363517 16
4432142733 -5
3352224343 16
5671612756 13
6331145334 -6
2217627327 0
6326163764 2
5663432463 -12
3641675645 16
2111675765 4
7476777155 -6
6521746515 -5
2511116565 0
4726251173 6
3447442676 0
1162112224 -5
3177233665 1
5775274375 -4
2156636333 2
4777433546 16
5562256151 15
3726751361 16
7111761412 -3
7524642423 16
5326566227 5
7142734463 16
5267726372 -5
4443137112 0
5677715116 4
2562376513 16
1643262635 11
5277365417 10
7153617115 16
4263252121 16
1621217735 16
1675216356 -2
7416413164 12
5477251571 -6
1621521674 -3
4672715623 4
1314734253 -7
7211531663 -2
6757711251 11
2573423643 4
2115137347 1
6734365454 -1
2533354543 16
4712254657 11
6624274726 16
7613632476 -11
2137235675 16
1527764344 3
3122512361 16
6666734612 16
4747215714 16
2435334577 0
7163216211 9
5216226141 3
4475141572 -5
7211737631 16
5537425326 3
3452377613 0
2774733741 5
5673145447 3
2123264713 16
6121323255 16
2355625461 4
4527233461 3
3312317266 -2
5157352526 16
1561656537 16
1167165317 -3
1436677661 -1
1662173613 16
3765142577 -2
2131631727 2
7456412362 15
3666267256 16
4214175256 2
5135772223 16
7144466612 4
7175223436 10
1124522613 2
4165711172 3
3263471442 16
3217463632 16
2161452436 -4
6534133337 2
7647466645 16
3265454745 16
7551454265 4
2255625727 2
5664244353 12
2572466726 10
3366341172 -2
5473637473 16
1277627324 -8
7465256145 -2
1646116253 4
4515133145 13
7623666755 0
1372724643 5
4426236357 3
5663531134 9
4175446415 -4
2417657575 -6
1251335525 2
2475744275 16
5243751652 1
2315776421 4
7266551651 16
4473365337 0
3356764751 16
2272261133 16
2341556554 16
2144636156 16
1263717271 16
3134274461 0
6316125557 -3
1515645554 -6
1625271167 13
1127533733 5
3177644325 2
5155611253 10
7113516635 16
6755765242 16
7121454742 16
2253752121 4
7313356162 3
4427252633 16
5451152773 0
2322216262 4
5263172731 5
7722721715 -1
1611264556 16
2361375377 0
7457471555 -2
5373732412 -15
6356311524 4
2675463565 16
1667777121 3
3222227753 2
6143344516 6
6254451722 4
6312723255 16
6371577716 16
3634714141 10
3657165212 3
7746714476 4
7673661356 -3
4774566331 3
6432562661 4
6423753536 9
2163612144 2
6315574151 11
4165637424 -5
5454673117 3
5272212745 16
3277741235 0
2441354124 13
5435715512 -2
6614623723 3
6246251615 -1
2771332227 4
4122747476 16
3743315316 16
2333437224 -2
6231224164 16
1374477523 0
7534535631 13
7232237336 -3
1753625363 4
1573365142 15
7534544444 2
2636457454 16
7354375655 13
7512277141 4
3273141616 16
6215312716 2
2116575764 3
1332553353 4
7256262357 5
1273532372 -5
5656667236 6
2531355266 3
2643561441 1
5313673516 -3
1137151166 4
2313677264 -2
7123451256 4
2355361624 12
5617564217 6
1733415547 16
3142252135 12
2567251155 3
4361736534 5
7732446641 16
4267141557 3
2153715735 14
6641515342 16
1654346721 2
5277552135 8
7576764325 16
2721224176 9
6545443367 0
1112545675 0
1137646251 10
3526147546 4
4522576677 3
6363757137 12
6166243423 2
2567556511 14
1524472237 3
4272357647 11
7375646727 10
1566362462 2
2633743222 -1
3266252655 7
6654411747 5
4367137142 9
1447115163 8
5473346367 -4
1527271422 -4
1635525565 3
4547573766 10
1624551117 -3
1332272237 12
6411316511 8
3214311321 -2
7613645151 15
3555516325 -1
4735655427 16
1546261775 16
2536127474 -6
1666115345 1
6223141314 16
7221562432 2
2316124364 -3
3433332512 -1
6665144261 4
7626255673 -16
4146277615 5
1577756111 -2
7476772627 1
7712525773 11
4572277643 6
3146575566 16
2341775774 16
7652377157 4
2345476263 12
2755677572 -3
6547551547 14
4641467763 16
2671336551 -2
7423451412 -4
7655431743 3
7246161623 0
3662727627 -2
5555272257 0
5213537675 -2
6317514327 0
2372332412 -6
3366266542 16
6474347171 16
5533237765 16
1617727663 4
7452644651 3
7747427173 12
3127345265 3
6535617246 0
7731237121 -2
2456565565 2
6713523673 1
