47713715671651325475 3
43747722752756562332 11
57224363625621221617 8
11576514127765713576 -2
12765173554571322123 11
54231666122614256252 11
46147567725641555325 11
75577627157631644657 10
25667535425543767141 11
61166244312146257442 -10
36676755655524447672 11
73277443121551531237 -11
61432753427447147671 9
14554262575341772545 11
74376427317447645627 2
57556635131611172567 11
67317356251132362336 11
51255614441522726217 11
75373663771455251452 -4
21771117767344225721 2
52416546576315736127 10
62567134631212551355 11
73266522232123613337 -4
36653352237472111667 11
35145435652652374262 11
35746232267352636327 -11
73135557441331723536 -11
71451151652332622322 11
67136772315525411376 11
51117465551767226753 11
62643122152217725764 11
54732747346425115521 11
31716756667776744531 0
77543261177432574531 11
54372342153427317552 0
47565273272433461411 11
67115413455251567773 11
73234127373546441634 11
55465734743742136265 -1
33621325213556643311 5
54225311652674677717 -11
77137437126466335756 3
13437367612554155657 -11
35513712537744323572 -10
43364153544655375733 7
67627733474674371644 11
16127167464243636172 11
13515714631736654741 11
76311157673521147712 4
15217651343612566361 11
21171257244575732753 11
74346672667741572663 -11
51757764242161472334 11
23134636253211145115 1
43731133624366664624 11
14472115112237544521 11
53232651763152166314 11
63536554227173167566 11
41632213627743142712 11
51265377223133532422 11
15176444353376554413 11
53574163726176316614 0
71417547324413572165 11
31142341677766147343 8
56754752751342745424 -11
55774256374356537215 5
64625244762136172744 10
21266472564417146556 11
36752642444761221526 -2
32514444523731464271 11
51323625442761537124 11
55272714436647567112 9
63326731173641561422 11
35736634773732142722 11
73176556372131735662 7
36325723663752266762 0
66364366447577337174 -3
44244556137531343465 11
24337714347547373463 11
41751711644134567314 10
64572422653146415447 9
37737737453573265152 3
14716215753412475657 -11
67217563461361641524 -9
62513313652766156724 -4
75542221576217361534 10
56444755122337511716 11
71456132743641361364 2
76257765774671262313 11
14721163376623313462 -11
53422262174466366167 11
35535366676244123517 11
76475365146175414433 9
54477231274631231222 11
15745434313366516236 8
51321445424334632235 11
46216342463417163653 11
31124572547641733754 11
41155442277624354573 -10
65723771675332724636 7
75526665336255612327 11
12216376416745232674 11
32417562141723124764 11
55672453636656513735 9
11773576471612627557 10
63176446742173164462 0
77241612542326444657 7
74121413327653211645 4
47226332711747327416 -2
14671115166246325541 0
34331223653452462775 -1
27755223723542123646 10
26726267774653122274 -5
12563712153724432234 11
24511562473462736522 11
63173737423423167214 11
56156741533273762414 0
52136766753241552131 2
17514156472216577743 11
73263666422743326527 10
21763477167424716735 -10
25277161774334356143 9
55472443642353626156 2
75221114156774374441 -11
25244177313447431214 11
61712745224271674627 11
16717717357563272454 -8
43335263662736546752 11
32327641545744252172 10
14647772567324215521 11
34711655361775537522 -10
76154464761337651721 -4
63274454363756637473 -11
31672326677363757557 -4
36464157122542632765 11
27537242615451321611 11
45517712474374474567 10
35613461272345662644 11
66372254643637677727 11
41235221313352672265 11
51334343154431174745 11
76217651667464556432 11
67137244222642551216 11
15426144115643271573 11
62144241144171562362 9
63425766753717765213 -2
44473723372622417212 11
41734546662557725173 11
32771247562261632171 11
76136776367327635326 -3
77252257734426747526 11
76477366137367143762 0
76226462516347522447 11
34744133555415747455 11
14565457713443456431 -11
51264322353515547141 11
44541176236417656511 11
56247433342237213112 11
62312715141774723737 11
33317672566416663135 11
65123716163747232132 11
75323674177567225565 10
24257542112555323154 -11
32543615575124714522 11
37127126457254211232 4
21523662552133262677 11
37745447217413461262 -11
37313363467525761421 10
31731331412375274516 9
25214363211574663517 11
75263761132232127413 11
77327346442213534457 -11
75713457547666472435 2
74276716545731722444 -10
55756714741344274735 -11
72213231115747154777 11
14566175645371661341 11
74344312612747735151 11
76444112372524146676 10
31211375177226235437 7
74771373345255165247 10
31134712732727731661 -3
46723672346126277723 11
56731745275567563226 -7
37745456223161377374 -3
47536471713725513443 2
76527617344267521754 11
62742344763326331361 -3
53155425512674152732 -2
47222336513263273654 10
31542675663776623461 11
72623125274344633362 11
22234447362211266667 10
62573621111665547121 11
22115334643411636216 -11
34751253474444731577 2
72731467122372442161 0
32317617745562437452 11
42253573617123266617 11
75642137331655756144 11
53756524415114641327 0
77433341772174434227 9
52143217417527431354 -3
64744154462626316451 -2
12752761634554457654 -2
45745763364271214526 8
26547445547543435566 -4
73171134535365524476 11
21731262426711712521 7
31565672257447142713 -11
32526445636216714622 11
16347143124647167112 11
77655643762215643743 11
63676473561743166415 11
47354764254145566756 6
66436227765745127744 8
77212563626656147563 -10
15611141326451754652 0
76542335251247527135 11
25214641722327416777 11
62145276674352551433 -11
22573214433414573671 11
74463636131163157667 5
33517656321344574712 11
23176633622147634556 9
33741713772452527334 -11
62241735752242721641 11
76173436274241227625 9
27461614177472474551 11
42714375442622277641 10
64224443414257765526 2
24447137377631615372 11
15334556724176174465 11
26327276436221311736 11
25634241254637213175 11
13366726351323377266 -1
12247474232261442731 11
26666452376762213521 10
61563122722154466622 11
27546413776643335255 11
32643451124574756436 11
71177231337546142152 -11
15736752535672177276 11
54466425331672752221 -11
76326135753744245612 11
66624413612412556127 11
77541315173163772321 11
35463753126116665333 11
11353721772235535315 11
32233747367271113627 11
16557221422151444732 11
53522661364464531446 11
36253213516563612455 11
61171721251163246674 11
35237154656544574621 11
24541757332427437215 -4
24736666537662473723 11
54577674652663164777 3
67736631777521313467 11
72773354252312715753 -6
47477273445641622652 11
71764554735166113255 11
21656744721444513552 -2
67267522517276523161 11
74743155434751322637 11
17363732427113431235 7
24575451464166354575 11
35125315127723314627 8
45727725122264545415 -7
61326131552657266615 11
71216545462215363323 -11
47213215237341637215 -10
17135121234416541567 -9
37141721237364245263 -11
63121421666613561327 2
21567432376463135411 -7
46643224674722526627 5
73231175222464671547 -11
27262227776655376127 11
24754427463654537632 11
31161243515774526714 11
42374371744566562212 9
55744441412327511126 11
75517615254736131372 11
65552775576576164127 11
53711616215761215323 11
32714326433346377672 11
57252771577115653631 11
54155211742753261244 2
61755461354653554136 11
35631366755516223653 11
67344163526744364471 10
62433314116261457413 11
47446753745621162751 11
17345677116214553512 -4
46214265156132217444 11
14231276644231644612 -11
24475177616642273222 11
17246324154244314177 11
73775547224715345171 11
35715522171555737624 2
46427263257414333174 11
61373434652371512267 11
14712751327774642256 -11
15651745724351347331 11
56534362432644331262 11
34377754224245616327 3
42275566726653336353 4
73337414446727577116 -4
24416662144272633724 1
23464357154551131445 -11
66725535777123751221 11
27476436437771626365 11
47454273652163371154 11
27341112241571253145 11
65612544571335377662 3
73466667177112765712 8
26316143137766134174 11
41575615521166371436 -3
64252455277653135172 8
21347642574311562512 0
32465777742752753225 4
67236261266714741526 3
34137421272111341736 11
62655646661474413535 10
71247353432126475512 11
42366154624374625617 -11
35512116741426627341 10
74737657122167122337 11
53577542543714325321 4
33561244522573265625 11
21412433471772767517 0
24271437264341124213 11
64576555237451327571 11
47133613756366263243 11
55261514642226541255 11
47417667637316222226 8
54312154273274152632 11
67344253676173767547 11
45114671114517746722 11
66242154162613523155 -4
66272377613276256542 8
73576514544475712524 -11
47266721642316577646 11
71323741275256626332 11
37227651353763657127 11
14573571415724217717 4
46245312334562421361 -1
11641257526513511777 8
31416426464237146766 11
41164227332231177551 10
32376263541664257166 -2
22432567775633136531 11
27664167324525172172 9
46776343641446117377 5
37277447543764656343 11
64147134664667145413 5
75777716654415532527 8
54366524562155113137 11
51132632547512274776 11
24477234434737636613 -3
17124661337671165742 11
21356621641353651374 -10
16342464525251317533 11
31773471443114574761 11
17114527722417446163 11
71166477561141655552 11
56626127167771342344 11
43527715261345611124 -10
75516523566271644447 11
52441346456142566156 11
52262277732715344665 11
45456612673643242462 0
53713173331256421477 11
71617314573354417773 -9
34553336447731547362 -3
41517613262454461273 -10
72572454214465343432 11
71467554761244532135 11
25565722462165375657 11
76264272115654652367 -11
47446543112456371667 11
37316754133675437423 11
61173661225422761657 -1
21155646761324773553 11
47167726547563341137 8
14555113462562663663 3
25714323437621724775 11
12372423523467732423 11
64751634367271424622 11
74511426355152271262 10
63621624527211341533 -6
77111345542537512372 11
24622252763566564533 -4
63641676662374354313 9
15576724162274611436 -4
26235415715334553221 -11
64633441757344276453 11
17324664375326236661 -2
16662275576532672575 11
42147575235474552266 11
65753234766767553516 11
35351177652421634153 11
77156346355556171775 11
64763377627311267154 -10
66552417447243322661 11
75412446755367245466 11
64534166334465144751 -11
25576661245232633467 11
73722532634327733766 -1
66752256724335456647 11
45116657761176544563 7
65236445777453563526 11
62127311731546122772 8
71421355263227347414 -11
42126712432421165763 11
57415464635112774675 2
57515574425216221776 -9
63523715275761716227 11
26637261567411211557 4
26546323721257212113 -10
63244513261631357216 -5
26762471742741536461 11
33263762313545755163 8
45564134665444775725 11
45534513666613222534 -10
54315634165766316214 11
56314574743453763167 11
52735415133771464655 10
32253467537713566521 11
72364317422625345156 11
45744322223236251334 11
11134117237316223674 -7
64177251412546371276 9
66532126177131437535 11
13336464254414324362 11
77272361343374113121 11
53243442766357371251 11
32614235533215652364 11
65341376753577661161 -11
55732447536322264214 -4
27721354364735443715 11
22156331755662241773 1
26656342117343353635 -2
22664522672153661476 4
14216673522257376254 11
35212474764244324217 -11
53742364427226166432 -11
31413235117142155453 -10
41727655627145466657 11
14135362232245464267 11
67275664146127612172 11
64377665714434273145 11
51544424523735662526 11
65456175167314244231 -11
26357324663667734212 -4
72436327624516521724 -11
52134364155421556257 0
74356756634316761644 11
24531465333144756551 -3
47752112762666424777 11
24611156545133364774 11
44124167772667771542 4
71344271357652231322 11
72244753431174563233 11
51147627345614573313 11
31571762312564377276 11
57233324634777754172 11
74446722423446217216 2
36727513573426576425 11
71716456665445542461 -11
52472374323265643544 11
53513154253436465371 11
76415312476227522621 11
14273164216251641551 11
65122651263163737126 11
13431661613727436751 11
64141156456465152124 -11
71176717361543742336 11
22137441777424511343 -2
41417365255314662525 11
73216734614316442645 11
13414424416426733315 -2
55131711533727413273 4
22167274211651343541 9
36747533166753724266 11
31334533247156645175 11
75324237741116777512 -11
32311156152253716463 11
52647737523623221444 11
55666725651427734333 -10
76476157751432674514 -2
25754313233663415557 8
17441633525725315752 4
32677274246645332166 1
15557455524412426747 -11
15615232125661753335 4
75364723456775554677 11
57667251623627171654 11
46315237361253417461 10
32175656223315512255 4
61215124543645326562 -9
75172317234555551764 11
32266171472544751452 -2
54716521354556461371 9
16732516614572467313 11
45262265542627531142 11
44353552134163636127 11
27253172725563146365 11
52734256362352216143 11
41623715612631311457 11
71122261652547566546 11
12232347615746311173 11
53163622711266761115 -3
76611642244354462354 10
12316214431465541447 11
31443676614177144411 8
56714357313632544511 11
57651125643326677365 -11
71561316223174355156 3
15614674714331761777 4
51164454641627667325 -11
36173673712211546724 2
11524553651112173374 -2
37344641134432747356 11
61275316216677521376 11
75441661152457136666 11
75421113225631645133 10
12637535767165562771 -11
73162156435342114751 11
11151652447142327561 -11
26773653527632645564 -9
63251726241766147632 11
53431372244632673227 11
55767226111563645521 7
64415511242346162265 11
36663453451137265527 1
74632527174525745764 11
56357711216111573554 3
41216313423272451765 11
45427636773421454266 11
67223333324522774575 11
31657451675473177363 11
66547254271435212163 11
32134373561641254667 11
61763473265633577125 -10
47213567125163526155 11
55111776754116442323 -10
12453232442535517127 11
23732345524132651512 11
66172261217431423477 -2
76423316364441726346 1
34541235167223521753 11
63246515235535563611 9
51445767427255155441 11
22567257224726436665 11
17472167231472447217 -2
77625627573173116675 11
71676457756634513136 11
46252644114717637115 4
16477355753773415432 -5
76343516311213617661 2
56146754444625746716 3
65422422533635131777 10
32555466313242765313 11
13215537555776222745 6
33177747544342452215 11
35377717321512257752 11
57221136623214651166 -7
13611317763555134343 11
44257471373765162761 -10
24517274227166261231 11
53455236763712572253 11
57771647644433646275 11
54315717564377753634 4
47472275151243147435 11
63542671675745677623 4
65744374142136277111 11
17176365772123351354 9
11167536332444672216 11
65361426112645715542 11
16755266265164336371 11
31165333543725173576 -2
57375424637722236716 -6
77475542361276671234 -10
17533544651455775116 -11
34625256572271261472 11
45755157661716771252 11
34442711346353156756 11
46527112346164372475 11
62541165745641635124 -3
47156561524666237362 2
12251622557435373426 11
47253123145356466674 11
62152517255175764337 11
12421771567747312722 8
74241177663524721372 -11
14423423257657516332 11
77151566516314444574 0
14442323114566266254 11
52655235166425711416 -11
31471172113553655145 11
33265477613723733571 4
23664635624651332675 10
34551157211167627475 -9
77556432715367333572 -11
26662337335231565173 11
33627566133475255761 -4
51767335411647564474 9
15741761333366742664 0
43732625221562621644 10
64657122157331331531 2
55217531241676646226 -10
17277232347715114766 3
62371542166251317353 4
35716556347741177411 2
47724712532217724667 11
52331636512227513475 11
61457653157631521277 11
53552552516622136773 -3
36717141673217751725 11
73421512641456476732 11
56442326673157342171 11
13534177473647615413 -1
62431557315214775647 11
63247543527337535517 11
77167571564233117144 11
15211357514355241152 5
44374177756355467247 11
33555165163577242741 10
21246171723311744735 2
47725624363524457331 3
26774523443632743316 11
31775235335535161362 8
27326267364446755471 -3
13223373551127535726 -7
51562361533376116437 11
24124427334777311446 0
37314577172616315564 11
45244461162214413722 -10
72667527225633727147 2
34237743615135262543 11
76752676443535325564 11
45277254612751726714 11
52723123351322541367 11
11626135556673276473 -8
33752166715654462261 -8
15337171515364127421 11
74442311645636755163 -6
76416217535236153275 11
33122662455735324657 10
65337617117752776352 7
53653436637356245451 11
76114365226626263337 9
45464535127221615635 11
47163712533612745766 11
41431313346466232273 11
56521715627733534675 11
55725465452721516774 11
31263112777724624712 10
62127155545263243133 10
55745267552467472165 11
14411774227421147612 11
26736335133236164512 11
52215627737226365311 11
77763225535431512561 9
27476632263775644634 11
42565377332134177515 10
41627576332251732467 10
23547726155226232365 -11
54622567632375533423 11
63575554671445214337 11
71127731137526442552 -11
55233431626343647677 3
45637455634437127465 11
21735621622744773735 8
72573127317266111663 11
77444463223644737533 11
55344257247214537175 11
15765174562155244537 11
34237577676162544647 11
15163546763212475435 11
62137556446651547216 11
32674175153774142212 11
54216513251666711772 -11
53377321321271261742 -10
56617512174477512772 10
45376342254562327612 11
42164674647247164631 -3
11643514525142457254 11
64111212737676377652 -11
44151541446767277612 11
42231171611774341472 11
55332236532337267176 11
62235346311771747753 11
32354552277566772154 10
46547171667741127622 2
31227641247741773726 11
51753714574315221536 11
46676176545155424615 11
67271763753213715431 11
15663613316345164536 11
65246434446214762276 -8
63213153453226155261 11
25154657612626145226 11
17147476533656145765 11
17112267213736267667 11
24114614777142322736 10
66661524175253153444 11
16546324173152124452 11
73332777135652322322 5
54125752467745711216 4
15331757565532126343 11
55443271447426273236 11
63456633376234371562 6
27122463575461476231 11
74451172112615667225 11
25323236467355326455 11
73226321576716116552 11
41754532152356614532 11
33434216536274221636 -11
23123752317564266751 11
12414747313663315376 11
61265521464253545667 11
72463122673771322757 11
64642521511531623756 11
31225736775337651531 11
41153235163444532765 11
12477475226732716456 2
31667134147546537525 11
24665345577756657257 10
16757555733753632217 -2
42726221733645364117 11
76472274731267462627 -3
16522761751723222646 9
47167517536667211562 11
74572246423466162635 11
65135655776516342456 10
43231725515474724455 11
54345662753761274113 0
57652161371733342223 -1
32673114515443212366 0
71514455427647621566 11
55735526275666627151 -3
27146235213356467735 11
16533252642462132447 9
64712467722166471544 4
25712347511655127716 11
21427745753276125155 -6
36454441347723725553 11
25577555421353122647 11
72616123657272463447 -5
47127554415226617622 -3
34521567145635637525 -2
26645247372725734157 11
12651467266136756721 -6
71174346275215251753 11
23123547124171244672 1
53724447321445462251 11
46441366646155123155 -5
51654311453716311737 11
27527667565523336112 -2
27461745441512737116 7
17244231446661766326 3
55142356513673741527 11
32744643641521234234 10
24676326755366327631 11
75626236562432311756 11
43764262342672361247 10
25243152432145562146 11
57276567455266717121 11
27353346766334514611 10
17153345474225322214 11
47631465235763362417 11
13272656452233436346 11
75141537442135726736 11
17177217617561723266 -2
75317611766714352711 9
13645716551332766726 11
64525277577446346553 11
67337216212735523116 2
43336711642144644113 11
46335227634632475363 11
34367137265422216763 -10
65371766422612746722 -3
62762523466473716614 11
77734436153524656712 -11
15111233141567552732 1
11573715161235437571 -9
77414214114563553445 11
25347341241431376345 11
52722177767514575232 7
71672112167313575665 11
74611545673413745234 -11
43267662216741225136 11
63765376133225316735 11
53314777312344126667 10
15541476111554376561 -4
67357541532771146416 -3
34315137461336624471 10
25531344151146764454 10
13777235423412367315 11
15567557735157163321 2
52152336572667723723 -3
76555146152352462527 3
37661447252144616356 11
77311675672545511224 11
55542226161133217715 0
23655112414715267374 -10
77437661251335464121 11
65443452447157357277 11
34125151654632342765 11
71544423527366522573 11
33247623374436367251 -10
61266567521242176455 11
56671575743614162445 11
63546311447157446231 11
11122226746177721577 -11
17127516524251274113 11
52632633256511745275 0
76152773237265215215 1
76326422261732366723 10
64467316411357477327 11
11615723651212443666 -1
64471625156731233136 9
55452413532113563777 -10
47743277173341211555 11
36326731766451254213 11
41373123267333117776 11
72255737211413421136 11
26457473553263376247 11
45732745664454735415 11
51746424276717435661 11
42256465667675623152 2
24722342521742447156 10
55577431435117112572 4
21674542573473546761 11
61573354674636275233 11
31417473451311756562 11
11222325341552247561 3
51651563473537621373 11
73622226634375677762 11
75563551115331344573 11
41152727545762163126 -2
56345327654772627563 11
23126613675264445763 11
21616353235721124257 11
14562456261127634643 11
55656254776316117653 -2
64427317437416512763 10
24446451223731655264 11
35562121514517233157 11
66614547634441126242 11
11565553367373744543 11
42374463362636644542 -9
52777416264375613426 10
67624415347724655175 11
21253335264263725736 10
75664613747555112144 11
23777133527276255423 11
46441223662623743763 11
34322674161153616257 -10
33325254657222553233 11
25325353453741613222 11
16122361524234153623 -6
74242122326332376771 8
24342666772557476245 2
11626147624335341415 11
75134677112326772115 11
52341734255245317376 11
65333157531241342746 11
22711745456137762671 2
42654477463164125334 -2
66666512471474737164 11
62426763327456267327 2
27136226614474572642 -2
25226142355742114156 11
14164441245211724172 -4
16566321264177471375 0
64553457551227733161 10
43571272422366255571 11
75356233646226611124 5
26154577236735521161 11
34547776223666362674 11
31721374673727627354 2
27755675224161126454 11
77723337553421412545 11
64467237263144722232 11
67667644613445631347 -8
71474612447445572533 -2
57316451722316363456 11
37641537744266545565 3
15324261125625425576 0
57656345357722476355 11
61656237334474317736 -5
27136742157741546545 11
35634677736615427761 10
25413764653722225363 11
54715622775617116673 11
44711666364162131242 -3
26562472546147671646 3
27565327327216163144 -2
43451333711621125147 11
11574446346735517211 11
63262743261411546453 11
35174367133552617746 11
57153122376615641215 11
55216716462151136377 2
57415214131566543177 -11
14216227475476454315 2
44245625715264714577 11
35645527767765447265 -11
33263367563556247673 -11
23563264657722224456 11
42367667726422212645 10
56633537465321614163 -11
16233352723454267571 11
55646536626712774372 -11
22431517354657442413 11
47172611171375746347 5
75252564423372172341 -6
33757451525673461537 10
47641674713245413537 11
