56234242563753336124451612466771172435 -1
62213167321456727372354731543444172651 1
57547177617133341245166325637662432242 2
17341357576326645326652571334612427415 2
47452363471267332155217634545672113615 0
31455243327665465315342761457623117741 0
42722735745735644161225363451176345276 2
22574116542163427216144335577573331265 0
26612322536557543671773415142144476337 1
72717363114665375552467513222334441267 0
67166717217236153155344254567346172334 -2
62341223632312464737517654751137662457 0
51455627221321663534677343236574411762 0
12771634355375512446476342763157222311 2
51534471167377553546262162142632412534 2
52412771665352173671173325644436217523 2
43474131725367156624712733765265534112 2
41653527327471253753132456214256641674 2
37546237541222137455672711654634431325 0
72334735225616611635675217514456241277 2
36653121775343361722752564366147514547 2
65561727111272735545366435441336732641 2
21213574717553436624663213416741673245 0
75342263113313476446561162772532175647 0
32746553376322562514651117753747642346 2
11571634562532774562744221314364765521 2
76752136516563237224371455467234121435 2
62754725774433464763541112515226671213 2
