77541724634 14
44755637246 4
52721744561 3
54677464374 12
63341676322 16
74225232112 11
74452174775 4
13514253176 12
15161163574 -3
66241717257 4
42316636456 -11
14541746765 -2
54365232376 -15
25556332513 -4
33555426174 2
47262115712 -5
33556457336 -3
37751235354 16
21673517763 3
34174155777 4
33774516344 -3
32246132623 -7
14767163261 16
51243541325 2
15534311345 -2
46172167274 16
26267613642 16
74536467173 13
64412344565 -2
63557764741 12
22247662166 13
43664136717 -9
53261275613 2
52176732725 16
75142143714 16
42264651336 2
44371617461 -15
61227174756 -12
75764257772 -3
17146532761 0
24644222724 5
31512771122 0
71172672573 0
56723467554 1
67445226764 1
43154356637 16
45763245364 -13
56353651142 -3
52164444574 2
12573776776 1
41414666542 -10
71726153331 16
47321741525 -11
33247757431 5
25663252241 4
12743256562 2
75442151474 -3
61677155757 1
21224267174 -5
57745475245 16
24513455565 5
22523726165 -3
75445173426 -3
43275452442 4
71125411776 16
73757761311 -2
57336451345 -5
46247255134 16
67642155272 -2
17417471175 -2
72477652554 0
43511476725 3
11231571467 0
65434331315 -4
57312363121 4
63773516442 16
77443662355 -1
57713121723 16
47761441721 0
31664775371 2
31671325633 3
66563153626 -14
67456227621 -3
71234646737 -3
16426555137 -2
53367246465 16
44522456146 16
16325546146 16
26625277236 -1
14374644377 16
33232571423 7
65152636647 15
27173214777 6
42174465113 4
27433515754 16
43445515265 12
54344675676 1
45566745162 -15
66234616624 1
35141277312 -3
62137337275 -8
66654557723 0
44572551441 -2
17366765263 16
63646573445 16
16762362167 10
44214213232 15
34132154264 2
33136274765 13
53527575671 -4
17271635332 16
67573554223 0
15422473761 0
43153553614 -1
26711174114 -2
77154357244 -2
12737244524 16
56367773322 12
66664275115 2
73643464622 16
41472424723 -14
71214644312 16
47123441223 2
12521361167 2
73467372314 -10
32363244711 0
36522455465 -1
12244367573 -15
16736567277 16
14225225241 13
45773156417 -11
57612414365 4
34673677376 -5
62266222556 -4
34775267273 16
45773517556 4
45234243621 0
54715727411 0
33345223135 -2
77545356366 -4
66236335236 3
52674761546 -15
72663517141 0
14656354333 16
31753576417 -3
27715216153 2
34262472671 4
47364763421 -5
66636351547 16
66763532674 13
67735717562 3
74264243212 16
43215645747 7
26412132636 0
35652365313 16
71237631457 -8
23775525622 5
47164334327 0
65233241356 -3
37145426135 4
54511641643 -13
22641133132 16
16773167457 -4
12534437257 4
46365246746 -2
47135647525 -14
54671113375 -4
23321363372 3
54257216646 4
32331414653 5
36251471464 -6
71234241376 -11
65732612673 3
23653253643 -15
26721441414 -5
66123114467 3
51156631727 0
57524457461 -5
42216651226 -15
35135511155 4
27463223324 -15
17216275264 -3
66615233166 2
76226551114 -2
76674631633 0
33434174413 0
36276516267 16
57637614664 2
66343336455 2
35134735113 -3
77221716411 -3
24652523671 -3
44212741755 -4
46622612356 0
35416753565 -4
51625774245 16
26773542263 -6
75256755644 -2
76625622311 2
15734446277 4
74651471512 10
41141172464 -4
73474566266 2
37647462472 -2
23127371121 3
16234722263 2
62246432736 -3
24466441566 -7
54415146256 0
51231347476 2
66516243332 -14
43317351452 -2
74566216117 4
22361657311 -2
62146737726 -3
74226534633 16
16462356277 16
51277626222 -2
76421475277 4
27322417544 15
47321666236 1
17314246554 -5
76757653376 16
36667743272 -15
42367451553 5
11644464545 16
75427346776 -10
52375656467 16
65514547664 -15
11331415741 6
23442277677 2
32624323656 3
53677577365 1
17345373557 6
61151377543 16
51774373753 -3
32173567174 16
57243727564 16
15552715534 2
12455662447 0
36515724257 2
37364774355 -4
67413525645 2
56764652142 16
43143654244 5
77711262711 3
11446365464 -6
53744464423 16
66126326476 12
42271256414 -10
45632563427 13
32213572145 -2
73132553473 -1
16516345776 1
26716157416 16
61632322613 -4
14571711323 0
36416163244 16
66557757553 14
31466132622 -5
16667745412 -4
62236775447 -1
22357573265 3
23175634727 -1
15331411164 16
23262462715 -2
55741563627 6
56754346656 2
42772211345 2
23562474511 6
42415226311 -9
76136431273 16
73116362366 -1
45512752146 0
34372661474 16
42225515712 3
12135224165 -5
63372647644 14
25453231717 10
64314333664 -5
37343245557 16
73421616174 -11
66754177631 0
71264366342 4
44441517465 -2
22533577513 -5
21412642512 16
31513315134 -15
13513616525 -4
13624244721 16
55665267535 3
75325262652 2
36577236167 16
75735132662 16
41173675253 1
73676722174 16
32633437336 -4
16667177325 2
57453234737 2
13632124176 2
23234632341 1
53326432164 0
22511553523 1
21757765333 4
16676731244 16
14413266166 -4
52361515361 3
57652617146 16
31755146426 -15
42222261271 2
16157341135 4
46121152753 13
37421546442 -3
11547323531 16
11662212265 5
76423766322 2
43642367575 5
32165324664 3
23646517172 -3
31442232253 -4
12251726114 -2
37115213272 1
67362676673 2
25742713732 16
75376573752 16
66416524167 14
61531745663 2
72565363751 2
14577354334 2
46471373153 -3
34222367146 16
11625465132 3
26524212716 16
45121433755 16
62574741266 -14
11667325674 11
13222744462 3
75116212224 4
13664132647 2
66365435633 13
44375542322 -14
72214317553 -15
56256445153 16
42156644442 -12
57612663774 0
44527333261 5
37671117615 16
74673134467 5
74443413555 11
44457773743 -2
77445237572 16
47535346377 -4
16576342524 -15
45111437651 4
13767115511 16
46226544747 6
23717766636 0
23716335362 3
34656547155 -1
33613741732 0
34233613433 5
75566372276 16
14547224676 16
26551651145 6
76265153145 -2
27643665164 -1
41347767612 2
21312461266 16
34244713314 16
43311224571 1
27126644565 4
35714625316 -2
44414327447 3
45727163554 -4
37434735732 -4
44455573753 5
47641122725 5
72132736154 0
65614654473 0
16177126564 16
52775625256 4
66414124763 0
32466575644 0
16733612736 1
16125511552 4
14671354227 12
62743671651 -2
12543343473 -4
77146657357 16
66251271244 1
43322515273 -12
56376311555 1
46443651731 5
46272711627 -4
26776116651 1
36542254314 -5
22613111157 3
64167473357 16
43711356614 -1
33346256145 4
46226237255 -14
57754372661 11
31237165372 0
22132413357 16
26414474654 4
44637117633 -5
13346764376 -11
34771363344 5
37144715632 4
46541744764 3
15214222442 0
73664677742 6
25737652464 1
16666447362 16
33611633451 2
57365434424 -5
66557167573 -2
45174552765 -5
37227166215 1
77424545512 -9
33476125176 2
31675134143 -4
45427623572 -6
43133463761 2
26142224634 16
31144171537 2
67756315126 16
46727177337 4
74665347363 3
13763614415 2
12116111553 0
32614514235 4
66365437772 12
32537126162 4
67123342157 11
15313626226 -2
71734767655 -10
77327576217 -2
27337424764 16
22456747142 -1
56741565442 14
34137641361 2
56224221166 -4
67561747537 -3
22112525342 -1
47753223661 12
76671265234 -3
63217611244 -3
21316534571 -5
73752311646 12
45734215535 -3
77741333243 12
17471556153 -15
23465422565 1
35716771542 0
46762252711 2
44561126426 -4
22641535515 3
33372117412 -4
21127246451 2
34546775545 16
67643715443 0
63224113317 -3
71574211265 2
14367171615 16
55515415741 6
57655462476 -2
21341173553 13
41667625442 4
13613515347 16
33116243233 3
12726413643 16
43211537332 -13
47233642524 -12
16225473171 -1
56625314755 2
73253326313 16
54536554431 5
42247313131 16
42577241515 -14
63151636132 3
71623756121 -1
15324672213 -3
54665276365 16
55474766662 -4
67745441643 3
15376444654 13
32155724427 16
21141362671 -4
46177662164 -4
54155773746 13
42345451444 0
51646245111 16
16224171654 -14
61623545372 -4
54445656271 0
37741726617 16
41613314723 16
65162247215 -3
53777273324 -4
36626246243 -2
77563672727 3
22731316241 16
26416442565 -4
41427531551 -4
44361173656 4
71376463331 3
23463254234 4
66352375521 2
14474667432 16
74743764165 16
61271646271 4
62721745273 5
17651512537 16
66344344544 0
61576122433 -3
23772447555 2
11776124353 -4
75254162416 2
44571512257 10
51136332635 16
77531462166 2
22774415712 4
56226415152 6
32436774663 2
76544227536 16
36145364722 12
56567436154 16
65323175657 16
34423577527 1
52735673753 2
42125643256 2
25311266232 3
53371471574 0
57237216375 0
24627652614 2
52424771321 16
42736524164 15
22127176566 3
36735137724 2
32442315163 -1
63217323265 16
45235327422 -2
63652626273 -7
66752345773 2
17341326513 5
33163161226 14
37127447317 1
15134136561 -4
53565464357 -2
66527127561 2
14745541616 5
53115242327 16
51472343357 0
65751666665 3
77171677642 2
36736324521 15
54165623233 -3
56772671526 -4
64712575535 -2
75726441713 -12
63726234547 16
63414445416 -4
11647113727 16
74424175722 16
11734276116 -2
21671372347 3
57275366637 2
46662127716 -4
23243643424 16
65443625453 16
16757144416 -3
21343532667 -2
27424547755 -12
27447252477 -1
23755321576 -4
51731744234 2
33524115244 0
24523651773 1
36723477263 -9
67111572646 16
71213221472 16
34167462147 16
77613366374 -2
65434374772 4
64431261113 16
64242777576 14
35427417146 12
12176312645 -2
46636374742 13
12466737344 0
34433372372 -2
73721615435 0
24116274427 12
71122472315 9
55717336764 -3
36335666251 3
23651355151 2
45123132365 -12
62456117147 3
31736532467 3
31431473114 2
54654367353 -2
61523126236 -4
17351565146 16
47317533735 2
64475563777 0
36725754461 1
57446712415 -10
56432572276 12
51533325767 3
51164331734 -6
26327663542 3
51556144465 -15
71171242451 -12
63734646316 -3
55373154627 -1
24153176632 3
65245641765 1
36222551621 -2
34244411375 1
44524552466 -4
73727632332 -5
15664162644 6
76172441221 3
27723732161 2
71134765576 -3
76664712526 3
23777376651 16
12645463655 -5
75237353774 16
25143655772 3
31251431615 -5
66636422654 -3
75775464231 13
52445527154 2
14217321172 -3
37226172715 5
56373471557 1
65534677452 2
65256363457 16
45636213752 2
21364116266 -13
24167531543 3
34712425544 4
62373534114 -14
66516155564 -15
63437112622 -4
74535541551 16
36325427736 2
16631672511 2
35635673445 5
26172647175 16
12772442274 -5
44435141365 -9
14351512574 16
35663317131 2
41457244466 -4
22417467422 2
52146115444 2
37672355617 0
52666447316 -4
36655667312 16
67211116625 2
73754225631 12
76541514266 16
42545455327 16
47125473711 8
64117546217 1
75254755672 -3
21451473413 -4
26534671761 16
62313174571 -1
75274245766 7
62577755271 4
41232113723 1
52746477127 5
43474764137 -3
75617244276 4
36136716556 2
71636762731 16
46211211754 2
15417167163 -4
45657241657 16
64671246333 -4
21616643461 -5
61277557435 -9
13133164557 11
57553673327 2
34774775476 -8
64353247136 -3
47756531323 -4
63261432621 3
35645411226 16
17523724316 1
44733315712 5
26425564747 13
32122111242 -4
42427771716 -5
56617524774 3
61142356232 0
22536172121 16
16661341363 4
66116556147 11
21674146472 -11
73211266546 2
36474374334 3
14555653356 -4
15534377442 5
74445537734 6
76221371161 7
57546374657 12
25513466562 -2
13327252475 16
65212667131 2
34474766422 -7
45725713624 1
32611743611 -3
23667355332 -1
22747432175 15
66573752241 2
46321677472 -4
11251553642 -1
34573646574 -6
61733565376 -11
24554366377 2
56731347316 3
74116173736 -9
16521524111 6
13171226726 -1
16316766616 4
17555146357 0
73113651564 -2
46742316277 3
75541226376 -2
72375671135 2
25255752712 -3
57761231277 0
71144274522 16
47165251552 -2
74721254475 3
67775434561 5
26754227542 0
16315723721 2
55762557655 2
65312314716 3
21527464313 10
31646332423 -7
27255613715 16
72766125534 -4
46566463154 16
45144132756 15
67311777333 0
14257433242 16
43323674517 -2
77144453312 4
13121463572 -1
76153473537 -2
52254755777 2
12452376437 2
57111236563 2
34111141745 4
41553152141 -4
16472325752 -4
51327663432 4
62764332176 -3
61374132156 -4
47413117742 -3
57535465467 4
42127116456 -4
33446243442 -2
12274247243 -12
76322222515 1
46453537214 -12
51213565662 4
43131124535 16
14533254633 13
67473677454 -10
61144615611 0
44753732514 -3
15754643224 -3
65737372665 16
22573436243 -13
76727771576 2
32464565347 14
13251665623 16
63246223153 15
47675715625 16
62573423212 -5
51475455354 -15
71437325536 16
75152364267 12
56444527571 16
43244171662 -4
57736423753 15
55635237517 16
55531544634 16
41675543523 -4
45344222564 -4
32163532722 -1
53575132314 -13
25714662154 9
46175266447 3
77641126616 6
14521556345 15
44721447626 3
46365736537 16
22666635536 2
32172264575 -3
53313272671 16
26145657521 -2
33513253574 -15
64713144153 4
45322153734 3
23371241142 -1
74262412416 3
33147733511 11
41314174732 16
34625542646 0
12713722255 -2
16223721273 -1
52523123422 1
14246356465 15
77512374656 8
21467676445 16
52725422747 3
52261342465 -12
14327677533 4
67624276527 16
43134357111 16
53732447342 3
72457654742 0
63672415661 -1
56251636231 16
16326254167 4
56115116637 0
12313373675 2
13411474716 3
44657346113 -1
63271734773 -4
13367331474 -1
36471532742 2
71452412451 12
61127162251 3
34723353356 5
25223115174 3
12567215237 3
13555446375 2
77532421424 -10
66172563111 2
27545557332 4
43617263261 -2
13643167643 -12
72772751522 -3
61273773155 0
44661424257 16
23222167771 2
43461226114 -15
51115653731 -2
12464726354 -14
11762375723 16
77532224662 9
13464553773 0
35716777367 3
31652651515 16
66462425767 16
37441114174 -11
42344366766 3
23441465647 16
71443576774 -1
24325537152 3
77765721663 1
12621734372 -3
74535621625 -14
35271257616 -11
67344673264 5
11331721145 15
51775715762 1
76171476466 3
32621524375 -1
45226771676 -14
37362353145 2
72316767217 -2
63275642625 5
11533674677 -2
41472541327 -5
22565154171 -3
53465371153 2
72414624561 4
24416517756 2
14727546316 -11
66131637265 16
75111132352 3
54277552754 2
34647471251 16
75465612664 -2
11141166663 5
54644737575 16
12471313427 -12
17112773211 3
17331772164 -2
37277136573 -15
14332324246 16
21543473227 12
73744266735 16
66432452443 4
13631112716 3
56727225674 4
42234672672 -5
15156661261 2
43726177216 -13
57423223133 2
33772754356 15
17316643356 -3
27773332166 14
46146451634 4
34612734466 4
45213756323 -12
35457173662 16
43224116564 -3
45212651612 16
35156313413 6
14133316611 16
76726141157 -12
26744137764 -3
24515411475 -3
65557365363 4
24653413537 13
52672532275 -4
25743411243 16
25651211661 7
74355511235 13
72463774617 4
14667351611 5
21213337254 -4
57153457337 11
56557445231 2
24255117112 16
27141763445 4
57517572167 -2
71622542254 -2
27617631624 0
63116325155 3
63773667671 16
26434413751 4
42717631452 -10
45433452171 0
23457367276 2
73437124177 11
35143332366 16
12362232722 3
24657371374 -11
34647526324 3
32241122562 0
12756724617 16
62324522272 5
35222652161 0
61533221527 16
75676136733 3
44521723544 5
34725754451 2
37242255213 -2
44217321545 1
74355665415 -15
27124742516 -3
37754471121 5
42237323773 1
63741621614 0
43234445363 -7
25462216262 16
76132143116 2
14253355722 3
15224475114 2
74622137653 -4
41731415764 -2
73765542674 4
33633133756 3
72255662164 3
37633227666 -3
33241256761 11
61455122415 16
77756324475 -4
37311613472 -13
15667134646 15
27267157152 -11
42724342742 -5
21173424512 -2
76733467526 16
24654335624 -13
36747444373 -3
17716111625 -4
33555315223 2
74571763243 14
24745265462 16
23522652723 0
15165466117 16
31444227436 -5
32442732623 -15
64632663577 5
43411362336 -4
76117615656 3
42262252453 3
45464714236 -4
42165122355 2
33263717327 14
17114671527 0
41177175573 2
76233176154 1
17574231413 -14
33253367631 -6
51311662515 -5
62517445442 16
25322663144 16
75224263351 13
73513477357 16
57115445737 0
41377672145 6
36322153634 2
61426672363 -10
64177325725 3
56622167514 -6
64274743331 0
46161625654 -11
33332464726 6
42162464233 4
21652316437 12
33156651652 4
13233673744 16
32221362676 -8
57154154256 2
61475477471 -3
66525122513 -15
72576335355 12
46355372555 2
36544427763 4
65337567367 3
36435614171 16
36657173234 11
54154523657 16
45335346256 4
66747251526 16
71653722216 3
53511571525 16
13114652527 2
57514552516 -4
54436524775 3
32176717522 16
71477377551 3
17226724615 4
47463776735 -13
14355762724 -3
36317235474 -14
77175662161 2
64662435652 11
47314167143 -10
47467456762 16
43532267744 16
63574514444 15
46127263623 16
75463411716 -1
33371564763 11
57724352416 -12
67734751231 3
72532463773 16
75375557531 0
71462121116 -6
17514261234 -2
37141141563 0
54463132335 -15
52453427347 2
66562273131 6
17757673262 16
46135531624 2
45161314766 2
67331556665 -3
15674335215 -2
73264743736 16
37726254247 6
43233344321 4
41352377312 0
73547216526 -12
46536366723 -3
23365276546 0
47527724565 -4
37663352373 -3
51453573522 2
63654266523 -8
77653454544 2
63731711156 4
52631254627 16
21646676763 16
53242137354 -13
74154431734 2
24647163526 6
62414162242 -5
41236362752 15
34615443217 16
27514362445 1
77647642262 15
42165442643 15
23126364242 16
13721632276 -4
24774111642 2
41626167166 -3
53271475413 4
17625743177 0
13637627151 3
74552613233 5
12166721255 16
71322264311 2
63242656737 14
62362217267 5
51554571737 -15
43277372676 11
61524423646 -15
23243351454 -6
31212373423 3
31775521331 3
34162317571 5
14413552444 -4
64665146642 4
33524636323 -3
77555717352 16
41135223636 16
12741773223 16
54673463472 4
42571743574 16
25653457454 -4
32673435617 -10
33376564235 1
36142717627 16
56316433631 0
75237671465 -2
61724136462 -11
12213356635 3
45373475765 3
54372726323 -14
12212421411 -4
33237534616 3
14446535123 3
51312256737 -11
16354654656 -3
54223445544 16
56172121575 -12
64777324625 12
26343227172 16
51375722346 -3
71736726373 -4
74656144315 -15
41355552376 -4
71311546311 -2
64524433723 3
41352424444 8
54164441256 4
32471356173 10
53135646764 16
11664464555 -15
24451234311 4
63521747166 2
35576735634 -13
76455212432 -6
73775426655 2
27672571143 0
54315735724 -6
77451122745 2
41674122445 -10
55226427762 5
66256757323 -2
25513577742 2
33571364342 15
21572771343 -2
73423436111 -2
61113452223 2
75551723334 2
16366722561 2
14726736472 -4
26126314312 16
51657513222 0
43632422167 14
12616317425 3
11134754362 2
22635437242 2
56524545214 -7
24425151337 4
47646521276 -3
41554317326 -10
12634665141 5
66336775414 2
71165454262 5
47754364352 13
41567145677 2
54116243256 -2
62222371532 16
57721661517 1
26272314144 16
26244776414 16
65747523177 12
45545543212 -4
64224251774 3
53566614335 -15
11323754212 -2
67234433756 7
17651467641 -15
71271433733 5
13413242661 -2
47764362362 -5
54775763327 16
32432712371 -2
56422715743 12
11652425743 15
16555146615 5
17536766272 16
75572241123 2
45436231372 -15
53715715523 16
63366647664 0
16245453414 -4
62723735542 -3
27654515137 16
13252357756 3
52154251762 3
11653622665 0
37336454715 5
54176421327 16
44235776562 2
17345741572 16
24356214271 11
61422731152 -4
17572552241 6
54265616175 16
21374551274 -12
54376772526 -4
74264164136 16
77737627453 1
27656224435 -15
51521125211 2
36574676514 16
37372421724 -13
76643771124 -2
64172216631 0
31421447262 -3
23253667275 16
26321237516 -13
37774677453 -11
54471436566 2
15567245336 4
73575434152 11
44552567552 2
57273471442 2
11656324321 -3
44617774716 -14
26412657537 2
63431662234 16
52471375441 7
37674365654 -13
53351771712 -1
22543123632 15
64512563315 -3
61556426757 13
72655432375 -3
63566513314 16
27353667671 16
77237775336 3
64656117444 -4
12434132564 -13
15657141546 -3
75214456131 2
45266467476 -11
21631115643 -4
77666134211 7
71113236462 3
65131615277 1
11563466737 5
47551223311 0
24557677545 3
37672471773 2
43176266311 -2
67251717621 16
45642273375 2
66123736134 -3
31147671425 0
46124556213 -8
67513767337 -1
17256263673 -3
32765522265 6
23236161561 2
66266237664 -15
31372423721 14
41736772344 -4
22173422364 16
52551656462 16
66634312456 0
23422443716 16
22615323373 3
41212624533 -5
32431753377 2
16611151366 -1
43252423522 16
63675252426 16
25356647726 0
51435535142 6
21652674621 4
21711763247 0
34117655157 10
27454154333 2
52152777376 2
75312567141 12
36524123721 2
22664175711 3
47217737233 -5
64463644771 2
56176271362 2
16532111411 4
23736613325 4
76433171424 -10
25537152472 0
72251664522 16
42355531711 -4
45673237146 2
61713126111 2
36321467121 16
65443612412 13
75665366771 4
12417276552 3
65513526717 2
75176632344 -4
52542622623 -3
44165365447 3
33662173131 16
72341651546 4
51153265155 5
35672525626 16
74264311552 -1
77375357557 -3
54344114521 -2
11263674431 5
33366574361 4
42115411167 4
67121772511 2
31267511654 10
46535565625 2
33515575561 5
41725627613 -2
33511241522 -6
24747263174 5
56734416315 2
66457625445 3
54234423222 4
27546671423 0
51455223476 -4
76756353664 -12
22367167547 5
25543723217 16
17177734424 -4
23373475664 -12
27156624614 -3
34635331554 5
57356612763 -2
46732313215 16
45172742146 0
53243165747 11
62534162225 -14
35612771447 10
74257712257 13
36424266711 -4
12246735755 -2
26557612276 3
45613416717 4
77323645554 -15
44765654516 2
31214116311 -10
51643514636 3
57255175274 -3
75531773711 15
24425715176 3
61321561655 -3
24467775266 16
17144551521 16
12755311533 16
12421511474 -6
42711324531 0
53156137456 3
56151444646 4
25524241655 2
64344566666 2
54726275462 0
53753433233 2
24713565153 16
33326674366 5
42252614215 -5
77713666455 2
72136312637 16
44131546176 -4
23337112541 5
51523713513 -4
77654247723 0
65346511361 6
13215221425 3
65523575235 4
36165725751 7
27714224652 4
53623175112 16
13173562766 16
57142223413 0
26376137232 -13
56354332753 15
25721376157 16
11214454212 16
14211477461 5
32665622647 6
75325344732 14
72255771515 -4
15463217225 2
21556644514 -15
23276443522 10
51143276732 3
37751372734 5
27556176363 -2
12331437716 3
23226475424 -10
12157641274 -5
43763143441 -5
25647372715 -12
56671653622 -1
