4721522565714375531437434316643775622 3
6627555342716632141713244671732571652 2
7532666417567435421246372124125571733 3
1341377274135124166546123256636455777 3
1132164172475434155663522776543563771 3
6564164355772222262411461331547315675 3
1357522132567617433364472462112536714 0
4321272342611564373664655361574477132 1
6227216467114633573274163551325413642 3
6231255617716316712342374473262553416 2
1325357237124467617436525321143661725 3
4432564174163473225577562211276656145 0
5173361354347657256146412542226735767 3
3675725233151146346376256444212255134 0
6527715633361674125473556521261442173 1
3574672632674121545526437115271264731 3
3746543561155352472132227764536621176 0
3261476424355226761741577511367445122 3
1456513652621636214446437517577223172 3
4324764317751756475613222555324124616 0
1644174163227375571536536647622712354 0
6757342753125223667661157346325435271 3
7563217522775631164433234567216234417 0
6264664125213751631527535345627444772 3
6645311741512223356674124234756737265 0
5377321613636724523577552167141632514 -2
7712462435556372126756743731651652133 3
