16542762521463347766774 9
34112741277614561557235 10
31611472252377122476445 10
36275764123556727315111 7
76757636312527521551216 10
55132371463757532224752 10
13716665317623344441574 10
76335514431246543247711 -9
52112774632633426745144 10
56351427652415327157476 9
55726452472356421171473 10
45733357543656622413127 10
27611671461356776245744 -2
26375217665714712345115 10
52161111465374622375724 10
54513765422263671667163 10
51764274675235152437212 10
47564365736552432721511 10
75245461537276116214266 10
53255752664146617414263 10
12453215477477453651134 10
33525374567467766215252 10
72253455136465623752773 10
51376121641337572315263 10
64113637514633227757462 10
53644746146611737432261 -4
65547625323234767147227 -9
46127472326521563351445 10
63347443512763215415456 10
51342731673261544655521 8
12443413772311423617637 -2
31734545216276221563462 10
43221461223515727635713 10
14437547511365271753621 10
12135116676736751362344 9
12155326734211351567667 10
77432671652551317732642 10
12737543553625327156615 -2
67234453612533665441571 -9
27467536532171512745174 -9
63572711337341157147256 -8
55436234335654261417713 10
23465525741134752413577 10
26253264561453467436527 10
66774676723543317523112 10
16334227544461245316713 5
74132344415614365277337 9
47124155634313277447156 10
23326744113571567536115 10
51652715767762635643252 10
36567237256336122747511 10
67334571417463724443612 10
32674122277427317611444 9
61734345527674323121173 -8
46353215647713411254622 0
23115367257776323361564 10
21651561325777137627136 3
43766215756735215362111 -1
43661552712267115113644 -9
21526462732716544731347 2
34354315645757612232561 -9
76235462143441217325471 10
62422375436416314631652 -9
46122376454577626614452 10
77455625267334611562343 -9
16267375163344753253212 10
26443521736726535751361 10
16437727743131564256733 10
46153715617513471252643 10
45633751762231443164472 10
57521136162613134762446 10
41642661673526231355174 10
75351263525345271744514 -8
13435741126217366525127 -9
46357373372275324651524 10
51254741574366357616271 10
34731236477152725456341 10
74146526752612463721665 10
61343761244142232654177 -7
27761354233216322637677 10
57726645734332173464215 10
74711165326413223423551 10
11715731547567256623534 10
66577346511233316745755 10
67257764523764142535512 10
32677635161376321165132 7
15324334466246661374735 -8
25263542273437614754217 -9
72341473437655632246152 10
15124572771645226161516 -8
13535516571221734274563 10
34426615436256771417552 10
16153435732264571256236 10
41356216765415355431237 10
26141143522652314423176 10
67623441471245661354251 -9
64276732413612135516627 10
26474341332166523411723 -3
62571337262541664235546 10
66111245646717525374513 -9
45364737121176745651154 10
32543672367112474553357 10
45513617137374461671525 10
74175326327653334454172 -9
45767625471336135715345 10
67233533651247651223127 10
72215441162674125244255 10
67652374217315277266151 10
33145327655177466271345 10
14153721716662132544742 10
63415165512546644213372 10
55172124445766451257136 10
65163127142377143437723 10
22771755347274463511136 8
12436752163161212643144 1
34135356246613424512356 10
61757342461657155617654 -9
25452775565312733116437 10
26576437615214112672763 1
56334712721471662246376 10
25516115724756153217334 10
21246617261234761375553 10
11467142436564561224555 -9
56123536627123124553344 10
35517454331324412454713 10
56642534333132717216657 10
24577366563417514556612 2
45142463517112417661564 10
72256651774317133536251 -2
31657344542627435411576 10
64752554715113266472366 10
15732423676224264545637 10
67576632175635742513147 10
21761747251126445631534 10
73341776555656443277335 10
51266372311567444224654 10
76415132723427336575432 -9
57526172355161731317735 10
14476272524664377556617 10
63737633515624414566427 -9
67257364171455546373157 10
14653645614732166342235 -9
25316316625641551536725 -4
35537771657273416423165 10
12575167562345761434775 4
66132176744234531775274 10
66266145172143744173655 9
57646132724543651115433 10
55163732371266652776724 -3
76255641657121627233563 10
72442213535673463515556 10
57742311356427542367511 10
12363723562334756457517 10
16767514375141262267446 10
14413455771637642256722 -9
43344116567171723255464 10
46326527254536477411134 10
15274341233127556317422 10
27771214225467373416526 10
47254313327454355161152 10
55441622577541733714326 8
36146464776147232213155 10
45145232124665633171546 10
75464342765212153457553 10
56216217761761454724524 -9
45725317223313341653546 10
26215366421422513771665 1
37122431546671656551227 10
21357444616513733222136 10
14526645367752134231345 10
45736546433637351614112 10
31154452152745615265334 10
52632165276145774372712 10
47254134367254512526671 10
27526134364536152576715 10
74561146731536556453243 1
17671465377441325512652 7
62421373213245656754532 -9
24613654211772541352663 10
42273772751113442366611 9
42335667545617332121162 -9
65641673312565162674544 10
21231561753361145727575 10
64243225562472235633377 10
56764362362271127764417 4
67674551331216515236724 10
33352134652147645417672 10
64527712633457377541147 -9
23176523225615425241353 -9
57657743617721235344245 10
55222741646333462716713 10
42166163517537647417357 10
46722611745632613163421 9
33713571445226543164422 10
32677222217554641527763 10
51433272345663623127754 10
24573671145153662164362 10
32132217735461751642256 10
35327336571414476211734 -8
52157737333176746163563 1
26452265577454125773463 10
44756567326237212142533 10
53777241544325321677265 -1
27737646313434636742617 -4
54776321762613544417653 -9
52746314273114276235522 10
77635224342244624764121 -8
64451437612561761243422 10
16535562372147777425366 -7
42554536216741747776235 -1
26135452676741251311367 -9
16366356455142632211212 9
75341567523234622343361 2
74342156121746374752156 10
42333222213264661574776 10
56742367427634632311347 10
65571347642214765563711 10
21642434257641147561575 10
57672665534221362516271 10
45521217316643376415562 10
77313772135126373174523 8
55736127557446617237242 1
31721634136363266475247 10
52456744437361132725346 10
13554226325436121165513 -9
24673211763264551163237 9
34562234631612476614417 9
45537373354776261716324 10
53164645767735274267136 10
45123776254361416423565 -9
72546134475166373751137 -9
21255642262764612577333 -7
62226146771171252523745 -1
67165431351253332675547 10
25151321675742231357216 10
16751467525131531562373 10
32773544262165152171144 10
57135735624612215376462 10
46647441573112252215275 10
46527655316564312224427 10
56171665564612217374253 -5
45311775753734526512216 -9
16271551622344124345354 -9
72573351234745264414736 10
46526537154217772754372 9
23245663715521524667514 10
34472331147142621526667 -9
66132132257441176256777 1
36347256745521713447164 10
54625576567217163762335 10
31556435431532735713574 -3
74333275221411355223774 10
34526315215716227147731 8
27655644155712437623613 10
76713541523223347521375 10
17465125576725165663432 10
25524225466174571451732 -2
73355612273745646215436 -9
35771351641242456675637 8
73374527624126161153516 7
65266374226544315367315 10
34754613535562126125512 10
22727451173766641625657 10
25612314755134441576314 -9
57435615472336763435226 10
27467141741324533642535 -9
42615417265541412357465 10
16635442412446467175333 2
65547255311174274475426 8
64465462136231515247347 10
42152651212461756756773 10
37123211246766162755432 10
12214515432633475667345 -9
42133715373274247315366 -2
21437632177466127155312 2
33721577264266745612223 9
13535331242243172237672 10
11563772356335545461376 -8
45257237512556136117442 9
41327416472465461173672 -9
56526273651726374113225 10
65411672761123551366322 -3
75622542744616713511262 10
55132547776236126675737 10
25326635347471121364235 10
56136773446244713322451 -9
21741756166734223341371 10
61452614523342771736425 10
65447612123333662143711 10
34235561614625546136721 -8
56153447426315277117725 10
21432477251455522231643 10
66571443562562262374521 10
61476577126731343442755 -9
33257157423354743215126 10
14365254672621332456755 10
47425513524464116772735 10
46637632217753117425442 -9
12372547316171542624467 10
54675614776246147455324 -2
51251453143331157332226 4
37423144611246752534527 -9
35463654554121325641771 10
76226724173335523326665 -9
56643426273753562675753 10
64213342173655657135167 10
41367463773372124173546 10
54516341747524462616235 10
63135746565522447412625 10
66257732422336567167427 2
44566326234513422167575 10
13674527264456115557731 9
21734274363765163175534 -9
14326733521453363471664 10
54321771116436527621671 8
22456565563373433162416 10
63217741151645477264375 10
41732716276657145225434 10
65775673113245333663161 -3
32443325352771251351546 -9
56134275625733314324721 -9
45237176271233731261655 10
65575144662125316764462 10
24513454236622157217532 10
43517641677556351654321 10
14773163433166573624365 10
53575447126671621133267 -9
47661372375621233356741 10
47231336415245571266616 -9
65677132264433627557112 10
55217757376443553264547 10
37156364367525221667563 10
17517534333165426211247 10
23617631651247512132465 -3
25364546573471436647117 10
23254554673376116165642 10
43267536642171723612113 -9
31511717652264732676436 9
32516364447761477533171 -9
65112574514351377526157 -3
66123114273675141236574 10
35644117677716434257223 10
21741642773661735445652 9
31231573357554264416243 10
26164715152373214673357 10
57742463766512354521114 10
11141326516734755264371 10
62631451677453444776732 10
54221336331175517521626 10
67751214655162323411174 10
62543333441717733462552 10
24215354457351423723666 10
41427664611543753123624 10
44364137653456272745132 10
24325655627757414362161 10
71516466565737622343167 -8
24422456177215476644332 10
16774516525251154152342 1
72134174435617555321342 7
36712751216622571674452 10
35223224273161144657667 -9
45365116512463261247615 -9
11246673722667452625657 10
75437132256612263451153 1
21135465264167122765534 10
16142227325676667713442 10
25231566751756537624334 10
64517627552421341566427 8
41672223275663557713522 10
36565614532173142573215 10
13262723326155457724336 10
37124652352266431576457 10
14644762657556513145325 -9
37726563216244214351131 10
41672516757473213235243 10
65453747335472411755136 -9
77544446747157121652123 10
61341341124372253726137 10
56634451221272114475617 10
36341321747751245713216 10
23417664514765652217165 -1
53247517663376725632213 10
61172467425663753513536 10
25443156324527234526167 10
37361221434661775572553 10
65234423764756173254426 2
37171256234571652563263 10
53266215717117525362743 10
75121636713654425227413 10
37745626725555632116443 10
26617326531453245562762 10
75512134117626745215473 7
43651275646715274324532 10
46444121467663273231236 10
57667516133776732154157 10
15653254355337275741164 10
42751521532426476656571 -9
45763731242765214532677 10
12157531216377437646165 10
27254153521657731725344 -3
12647575321431234725646 10
14465163273415657621772 -1
23521574362771455116562 10
34264613675475272764126 10
16664644125274653711222 8
76734257463233673461144 10
16433471662167741163442 10
64367723744426721553636 10
27636557727143143745265 10
12434642756411652776353 10
12144655415274437736154 9
75555414664737371542731 -9
26125113534227621253654 10
75346256471221551636331 10
56646632247325765732732 10
75334556643527375456277 -9
26512221527114617767346 -3
74766722745346321161631 9
16235175116216124754554 10
76544271414511327567546 9
66572273666441435522754 -3
16454274563613627662355 10
63571541671156525266741 10
27441346552632335134152 10
14165553623543757172463 10
75344452574614331255377 0
37213314455337423266526 10
73745726161563216552563 10
51144762326721474563715 -9
67643734351412165663556 10
27251524316265273355171 10
11276463265216157354733 10
45241347131764452564625 10
42773762657522665431421 10
57247275664572471362316 10
57665722131166126115435 10
51714643652253211143317 10
43277517224325635136344 10
36737431751742651142744 10
45557571126747442346127 -2
56675265271134366443271 10
77165416241252664534356 8
42741571214363641562264 10
75331416533471711642251 10
76322235574464332154616 10
35156551644713737542723 10
45167771463642235231133 10
54733513713442143216225 10
11635776515533472664175 -2
13472652114534617715146 9
24146416223741567653647 10
63555535326217473654721 10
41656527435122422611267 2
75412622633635531674124 -9
57174321465165247761574 10
72724526452373311162165 -9
11451245332644657356143 2
77614422763433424556735 10
71277536621351341713447 2
65165151754753536231261 -5
76117612662133772473315 9
15572233656612341436746 10
33425371461467773271416 10
37637342155632413425574 10
21623441571556671341271 10
26522172147641123645517 10
43253721213175667645557 10
23535615643444612341615 10
54724733635325671732721 10
31271655246326653772143 10
63126774131257254721141 10
24333145717436563154277 10
14715632314276242336636 -2
55434122343777225231564 -6
72557545774131164236675 9
35433226461537755314225 10
16624731133276211547776 -9
63271724754315345677536 -5
13324352362776617542165 -9
66652751351621473254233 10
62531634456151162532577 -9
45617114725744277233531 10
41442536145331227365277 8
32451267174521177514612 10
17254616616253527332237 -8
73343651634125715676126 10
45232662132333346125464 10
41761257452253577753136 10
54731426565746622744432 10
57656154747612456133231 10
54242667727367755133611 -9
76272572611714524666714 10
64153563275423261466473 10
62152644517617426373474 -9
64145173627763332527743 10
11765246567363534477114 10
14363323227674477157243 10
54117237443732414756233 10
56554215541542133727737 -5
11576365314422414325371 8
44636636162541121572712 10
25654326727656714163251 2
64246637212453567552157 10
12442661557367423366211 0
53153767557451322764272 10
74274772121255251625473 10
36165274423127433755325 -7
66152373277571532141555 10
77653623726264457344351 10
26721767625561164445715 -9
44123556221274737637735 10
56761251457752722341444 -2
77656533476651524725114 10
54111675422153253543277 -8
31242375576473244113677 10
24164641613262315752133 10
62643532654274477551164 10
25335235762311152622715 -8
61511156752674346654522 10
25617213467712226345612 8
71417515245433646653371 10
21631713573271436722643 10
54474412113265164155653 10
54172125135664342716731 10
53116156174622324545371 10
72341613664144332412175 -2
34757525346662741152672 10
71356212755352315667744 10
46735464313776512364522 10
14577455221533745536711 10
26465423217377174362645 10
61352255332122473647565 10
46174233452273357712276 -8
43633523674735167722116 2
61216416363472553622557 10
65571436537413253527346 10
17245714663266531472727 10
55614744524327315656477 -9
77155574471571244162266 0
47251416666343725765642 9
27724314664174151156523 6
34575422456425675256311 10
51174361545521733243724 -2
27241321135366713513416 -1
33324144261765255146365 -9
52246736545216334336274 10
45775271465151142367647 -9
53771314576167162144224 10
43174567312337617512456 10
64764364552453652365715 10
73274344157234521251751 10
34666273413441164255576 10
15573467742336456312614 -1
17671632764534372274545 10
64157711553175736753346 10
25576374713771324214531 -8
13156541234177726662633 10
16226321762544647733413 -2
66324554251115337377244 10
66454767152253115252144 10
32753655425151461466227 0
77513314367442411716546 -4
62411476631562351654324 10
57324226612115465373457 10
67123325224663734451454 10
76575672671641373712645 -9
34656275571436632327246 10
32571631656275661344116 9
27643421547625113516626 10
61166444451327127653246 -2
31677274741757525461223 10
75723323221751114244356 10
46744142676173557115244 10
67517111633522336241474 -9
56276157524323723136776 10
61163576735625475433127 10
27615562476344761176354 1
75326717454514145372453 -6
73473221547433745611227 10
26147322471476567225552 10
35727155453457326162414 10
75632174516633135257267 -9
66365254327442154627321 10
74351652557666146321422 10
44733417275376124366261 10
47365754726546216452435 -7
23647651677355416461745 10
32123144256661415764377 10
61542644457721677342717 10
63722716456162763241671 -8
26133757125761325623166 10
61442165575317463633412 -9
35451237117221776474136 10
11627637426525632145312 10
75737545225636526132341 10
61535315343322611664722 -9
37661455413355427754621 9
54471232775341624525177 10
24612625324154777357673 1
34274563655676221321214 10
24272613775341727516541 -1
33623745742167621722453 -9
71226267537511241252133 10
24446125622727324677171 10
32124344343615477576721 10
53412557441257224165651 -3
75546761343742523351147 -9
16227545454763175211561 -9
14356724656654461172427 10
27516417524375271114674 -6
64113344771672456714665 0
36452112277542673375332 10
27235317345674356433616 10
31313142165322567455721 9
65452477122143375374156 10
55365711321547215127723 -3
21717773366436442367742 10
21144433676741176325132 10
67146252412465535721174 10
23763642711142236556273 10
64277631546651322513137 6
23536547636221472277353 2
71242274513766361325255 10
11165751734225245726757 -9
62323623145154626735345 10
67711643467422563542435 10
53336637215574372574561 10
52614523132217673316757 -2
45357644176562365642573 10
73263412136771637452752 10
62147517721656513764263 2
63551761423674542416113 10
45572671131472427541363 -9
41635136373451255667241 10
17156472443265733137415 10
51557672174327264313264 10
66232452156724426174334 10
76257534353277416755666 -9
32751317775122143562664 1
57571741773374463213553 10
21454771672252551257357 10
17551626447422561573214 10
32177114467626143421532 10
61651154722716567145447 10
71146531525174534372236 10
32151243436427254266761 10
15432467116721747352357 -9
72473635525162613421267 10
25456643371355674461571 10
11325463431172274572415 -9
27627174321756435557651 10
53155164164373314627137 10
77522255464217536347152 10
55371424661441323332567 3
14373457772216276263352 -6
43726773763555463325632 10
46521455571271433363175 1
57326226135464571477176 10
62274215321455253661776 10
63125747412331515363762 10
52423657361117414665361 10
72734445356433427367661 10
34165126214343577642547 10
46615157337432555627364 -9
23346124531422655773163 10
47674335113233126615716 1
17764166347113525751732 6
73661134437521124732324 10
46516572377315545714766 10
23714666571742261113725 8
53711674222142673675135 9
11273461134344574342522 10
15171772316364722247425 -9
26631754365735637157116 -9
65227476453451231634763 10
45211755716732645123231 9
31127545274366733114154 10
53655427131322565647244 10
37466565217567423671261 10
63471524466242727476251 10
61651246255343354273271 9
36744156426512147375271 10
61363173545357442216263 10
47465114632612353737217 10
56433456221644633113527 8
16666747231534334372273 -9
75257433336146313176525 10
63542556125315636244261 10
23741232662752515137144 -9
21532177443513515664376 -3
13437415635141757425266 10
64312633155477351172763 10
76153251354662317344171 -9
55373764625462365265271 10
23445541267752743432661 10
14227561356163461417243 3
65646737515622432571332 9
54135737112266721545533 10
32773611716724237136535 10
13152632357351723511426 10
32414617716171732235643 10
25277345737641676746132 10
13441516227157523614524 10
64174732274173626156351 -9
67121156345371623427257 9
25353432276366171527461 10
17273651733445646544713 -8
24321341642142672437765 1
16557156715551277432343 10
55513624714775472713361 10
31374372345656465744374 10
53751741475232135673356 10
43227127571617635245163 10
76643263757626176532412 -6
32133564674544772463167 7
76134472616235256245541 10
65554725716421547717524 8
67151442336744427711167 10
13154526772164143254312 10
53574537522366316477741 10
46535461114331722422126 10
17643367142136437427527 10
34612232563327541756446 0
12322337517523115667617 3
24422765731242427133756 -9
52565662143446247677121 -9
32452167465575261521633 10
77242661516356751713432 10
77114655456351175223266 10
71431654172617244763234 10
42144573542361355317153 -2
46252725765344725617217 10
13322532412772734145533 -3
21717322513234541116542 10
57374235524146256336737 10
46434112536557611563752 10
35262176534551141746427 10
22557444725737327413473 10
55543245432173126344272 10
35754336124166267754215 10
44576366524324123314175 10
23176116715567735522134 10
15312321145664763736465 10
53371573465266423115671 -3
23625447415143762474632 10
14573416544362361764547 10
23322677416334127451443 -2
23627735413311312554776 -9
43316566251146727577235 10
55231441631673556624142 10
63626457751621133624365 -9
33647415217616555343147 10
32412345713157155662471 -9
23455262477571261456413 10
65335732623762224557412 10
47437313312675142632562 10
56227544433214517624157 -9
17216416647527573654223 10
57432233115662616517732 -9
63412647533511572556646 -6
12236657746135345222531 10
71242655333551261566134 10
32522271132735467147613 -7
45156155721417526236263 4
57466441143742566536321 -9
67245717117153443226677 1
15676212632323715176461 10
47273173643524654742132 10
77645212632137272355351 10
72717555654426233713234 2
24366363126571552547431 10
76771321551523165346374 10
56343776461755625242134 10
25136166324252546637411 10
54567664126643157251745 -9
33622144274575576315116 10
64164153237727446531773 -1
44652741115674313736275 -9
11164632347265277346712 10
67266771142541234355154 -9
44531537147642425235651 10
35617155377741151766245 10
12774416753737641263543 10
32566725534614734174274 8
35543151573163757646721 -9
21712513135571662416546 8
51272566627225447445133 10
75322173422446567357751 1
67216374551423226144533 -9
31412762431664732645417 -1
55177421664152522667427 -9
55271565714142275724645 10
17642533323556441675542 -9
51221423133237145554366 10
45762525633431421776314 10
53266717321177433567133 -2
33671624734112563575225 10
26745166341637471173262 10
66211436543351572265234 1
42163552337455263176753 10
54321461477475735363542 10
32457645272475567421166 -9
61174224535116766472766 2
42367236677223413165246 10
33544757461262261335176 10
14475545156716736352233 10
31543667711142652753465 -2
23477571663676343561524 -9
45315621261445424767162 -7
21624773147626254771132 10
26146274225156675511423 10
62166511355372624775665 10
22536732155327671645623 10
52623124327433364655741 10
37743227656175147651423 -7
12436426353771642175266 10
44151152745621463557224 10
52532542175141135467776 10
31726447374512762252435 -9
46725121572221655747462 10
41626521427732422365531 -9
46326441137713315164763 10
41337576331241362577215 10
24776467251166715654621 10
34566215237745611242376 10
17512343336646245765751 10
63477131735143256416462 10
45234277162651342247566 -4
64367171113521724546344 10
43775131545716367315262 10
27122653471461557264274 10
32552464161262176571472 10
57373216443114177621745 10
72173154655231442567527 2
63661422176725545732543 10
32347215154267253647114 10
13612742467255333761217 10
57532176336127147431153 9
61721776436462724434153 10
62775126511661144564314 10
26471541233526736717511 -8
46723462276634577634274 -9
12757176334126643422161 10
31732165163216376553152 4
57573112221267363214716 10
45664131321557755222263 -9
75246743246554534116271 10
32127765741572563541224 -9
27437676456215176536637 10
14326375331565111324277 10
51467715357744437221236 10
45173351167215622235317 10
45553722662122367336413 10
31245521345122776547146 9
67214772652752413351442 10
24443116331772165567265 10
23731746522663261121334 -8
14136135263275173326714 10
11465365727133423563447 1
74632742534112214624534 10
46433552745611521225327 -3
76174374241227665536715 -9
51643226434736442171561 10
75461341475327676254531 10
14175354263162426266717 10
13172346523744275653166 10
51552344517236322427546 10
26455621627543536631237 2
57576344665127741642111 8
56116532742324657735376 10
57277141234551521623675 -9
24433241346767737142534 -9
24652452455346567211174 10
36622573412732445133511 10
26527127654162146573751 10
72162356672731236162177 -9
21136653662131744555577 10
45722641334667517761753 10
42212763373575756643716 10
73316122724554641522417 10
21376461577654352412561 10
44455163623634617337217 10
32353521614751752763745 10
43172575245437631526415 10
66312761755574424273531 10
67624453614666271415427 10
47563771436662745142712 10
42163553253164337612345 1
21151677663346512454213 -9
57355251166242343571661 10
52227611545547441736254 -9
33622456617277215533652 8
27725477315435456353116 10
66572413412465311373261 8
12631753756774543646441 10
31377264761474132726237 10
16114524645642272461536 -1
63762634411227115613772 10
67421452175363755423155 10
46127325326163414675743 -9
15551612374154472236662 10
72543636227445411311536 -8
74211412722421677653566 10
32674576337423417216516 10
61114567275452637627744 -1
52626314613217531734342 10
14554726621331622674514 10
73115237563146625537164 -9
14165664145761463553723 -9
71713415772225626233514 10
61234754426732166561475 10
16574175767363444365212 10
45662225577223346766347 1
22537231334172741546154 10
15426724773574325121347 10
63417566217217242452516 10
26762753137131256514454 10
75165124172455515167446 10
15734612155763724623627 10
32413625654727433276327 -9
36541553257747442211365 10
22464512235531754661372 -9
77234123367712725424571 3
45621237134417763663434 -6
56363374137757134265524 10
56764362715724656124132 10
25771345754366313762213 10
21344565771751165262544 -9
72276755353165742255442 10
26452521654433677334617 10
35424473265356661247532 10
52772314727656346131255 10
36366256411747517742126 10
12721476454265217711243 10
61544354731676472641274 10
17662341176243371415453 10
63237641124162273475352 -1
42551331266665732317515 8
52632477176544234112712 -9
