443772122447133162 12
467212274371562464 3
271136644642523347 12
325615753142263343 12
147453375561325653 -2
153317655234721521 -12
643341425221545526 12
254155174644677674 -2
216773573466671233 0
643335621432471166 12
336375111735275466 -10
143134636561473522 12
231221347745731561 3
541416125675362733 12
144764572567413673 3
633635174271642553 12
254666377431327516 12
556176272326123157 12
531514733156125646 8
453643364751363412 12
571473344246765653 12
754343276624341776 -8
652213745731676334 12
364516357442772671 -2
654143525622247355 5
134773632644525721 -11
367356517414136652 12
111463276521554226 12
535123377741533765 10
762315472735756314 -11
145356266162113437 11
742123137432662154 -12
246717133662556557 -12
717135711462455433 12
455441622633375241 12
766433323141655257 12
164576531521445572 0
632672374542361766 10
764463265465346715 -12
162455341235772134 12
671155544726315623 12
266566217625347435 12
126733711421154537 11
524531477371365466 12
562316531371675145 3
471134756241752476 12
664221112217675417 12
727534136564531727 -4
424317275417254656 12
125434273365145526 -12
462337152576165331 12
124752141471524554 -5
137524456316523757 11
116743424661126251 12
412234233612444427 12
217455256364213733 12
557644132116347264 -4
752634523623243241 6
665474527213443743 12
741551732572475563 12
442327363471614435 12
515727627653322534 12
222116366555333727 6
737645632536121731 -11
173222332457437541 -4
462355427511422512 12
554712437156461723 12
254166324656432371 12
511643567532762522 12
444623421731762535 12
611645357132144673 4
341662541567725451 -12
636574612771441513 12
543745211416766123 1
424661171733657426 0
226317442135752637 11
623773141454157723 12
552134751317233455 -3
727246231516362741 12
524136262552677114 10
351216461572574524 12
461741617333227772 9
334564727366765525 12
135574461664553241 12
227741767512341352 -12
265664323251424361 12
357552573673617323 2
475772565144153133 12
251474443624526374 -4
332551546541132446 3
225645446327155231 -2
254465663247725771 0
276453126113217166 10
411674254153451675 3
776135247472632236 -12
367441377122425723 8
567634275213454412 -3
357341444213165166 12
651336244415437252 0
267476443645475172 -12
645327652576145372 -12
314623272317716544 12
511323577741652561 12
212454516371112346 12
555715764216643274 -10
355314723762246614 -11
147665612527316547 12
434765167465313715 -12
745736416316275441 12
637163152774437634 -5
617133742164572652 -11
512172437667643643 4
434346223664215214 12
363322766412237141 2
423661441477536736 -2
757237241214155636 12
312457216625715335 12
277231461567662453 12
424763631252576575 12
517644422563416271 12
717557534627351234 10
641512324414411727 9
544377723576261571 12
657672616711445152 12
341621776622352573 0
376561611444127372 12
761736571435236536 0
316633763417327511 2
345244116365717766 0
532665426147452311 12
533426641232651627 -11
276631412737133566 -9
355773224536453654 12
677156134314246252 -3
324521541511666237 -2
375357421136273254 12
224764311644176574 -12
215343545564564622 12
426776622616612342 7
467467376735524231 12
475215433236521434 12
376725263414551366 -10
366446741611354235 12
432771144673364562 11
263563247643155736 7
454411422712463725 7
512322772641752433 -11
432125141232577237 2
661351234255622547 12
437657612636261127 12
735133572676116463 10
725413414321345626 12
313256372455677654 12
667331762722351546 12
273572221754631171 2
357577372241437612 -11
342617545237712111 10
437756761643757451 12
122552771731155656 1
653455362551121427 11
425751167553366472 12
123225267723571164 12
221367233315317445 0
437222446743167332 12
256174413164156733 12
775225717151143631 8
431756751665364231 12
777353124644537465 12
472726131553646443 -11
617413575634252276 -11
317455624321645733 12
467641152276376134 -4
546253732552661431 1
543637456161571142 12
452313663552626147 12
215313757642574741 12
474551241374641172 12
553137371664672511 12
216437157623745143 12
622341211341217472 12
327667744163336512 12
121476753357671561 12
653115125574362125 12
416434614662752247 1
545747131167427364 10
432714336372513426 -4
646111412123432555 12
622757521714345165 -11
716666375374245514 -4
413713457514413671 0
772271566615363452 -3
225511527366677421 2
267214116353553714 -2
277231124463741143 12
515243176435667231 0
531263664354362254 12
275161127472213674 12
231474367423263663 12
677571314713465352 11
651445274774435166 3
257633317421641272 12
476141266545175732 12
324157572736621314 0
135263142324625157 12
423357421612566135 12
257317722422637664 -12
226747667341234156 12
776126244114552253 -2
627561345531642755 12
417576121227567743 12
331476615326142727 12
173325643756156734 12
166255237432144577 -2
313312337442665176 -6
626325162344571522 -11
745347412435732566 12
634644237515541113 -6
124463474721263712 12
234517367347736641 12
536617613236437412 11
234614233654761732 12
551131622267335224 -3
665442312776324565 12
543654317265266646 3
422774111561576562 12
522341532574531417 12
767564332122645614 -2
745477163566242231 -12
573676721373466111 12
673674543531214725 12
777361353541412611 10
354312251576143112 -12
732442345614634554 -2
276457546237536533 12
323174516476535515 10
351235155223434136 12
467757743742365331 12
233277532224615112 9
625717536111733343 11
557732712412325667 12
235233712452314746 12
567637543746227447 -12
437215625321424556 12
616572146746373371 12
666643263725354477 11
662752745525337321 -3
246336565311555776 -2
764331621641727347 12
516473667523414414 -5
413772266743462156 12
523254625145612267 12
236172137631327163 12
713216552366153457 2
436443722774661533 2
367127153452545616 12
441327463512325615 12
576165444714242526 12
744735313756221545 12
753644222733614541 12
433442132566472357 3
352762733145125132 -12
261344156756376536 10
517255731625333666 -12
642343761255123276 -9
656631214374751465 -12
121765523751362232 12
726554316142422317 10
622315464112612467 10
523627767311364352 -2
735617515275324144 12
613665243324733472 -12
743623522736546152 12
756164421245542764 12
651227676132747543 12
314532141253431657 12
131155345713612372 2
773153522474635146 12
641515322276466334 12
632162542723715175 12
671754754475155746 -3
462247161264272153 4
676713734434525431 -12
172463276312476654 -11
553551424676616615 2
142761761421452374 12
553427176432412114 -1
657427641126524566 4
231747352174325613 5
534235375522154641 12
643514467236375125 12
371263616456211357 2
116213461577473452 12
247431565312132371 -2
176464134621275572 -6
455653666177725174 12
346164612373366735 -10
577634331161317252 12
175542446372325166 -8
324146665537433167 12
715327527726153477 9
137354552643526415 12
371277464524425527 12
173733226662526754 -12
143162737645354112 11
722551716117232713 12
157375464743647251 3
652763455354633774 12
324664752735617352 12
636477171136433521 12
734445526136125376 12
351436254141467112 12
165325437222536742 3
372655177653216321 12
271757141146154323 -12
543367337125174212 12
174222155421314753 10
414275442316231552 12
563122711754361217 12
267151447364352517 -12
744553617611533346 3
216534236467157251 12
643151636356543571 12
616275437412552774 12
123564342537672612 12
257751442624733564 12
611557524221677657 12
114632261223762463 -3
132777554532254673 -10
167575421764362523 -12
555647542554417366 -2
216615562774345352 12
123316265774562531 -9
523664135324411654 12
473566735236275751 12
327265516413141547 12
561415246372344276 12
721314527614465345 12
541727254756661251 4
335627233114427764 12
777551636126334514 -12
537574361557133446 12
723742753163727446 12
116724467763317634 3
571336572461553162 12
744365134645131657 12
171427643531123451 12
424317275364137214 12
621266243157135135 11
542413416676475353 12
147477135252445376 12
657326743451612451 -12
276532432253716757 12
774463272341633436 12
344321672756522516 12
544324344772256632 -11
476255733222261651 4
535531347127146715 11
537451453376432216 12
172672612335536116 12
417652244453241531 12
245133576677271722 -7
626746434351741237 12
331116144422257675 7
524653174662773774 11
311266215461732341 -2
756342363154426222 12
275651237462721431 -1
643772227514367435 12
741272162126544642 -5
274174552445714315 4
236756444135753571 -12
422513623346374371 12
544576663337571253 12
536617634511266227 -2
465442252317126715 12
766623371471135264 1
377452361561311465 12
464246215163327234 12
147643667632532777 12
552432436637146117 0
413334232613657566 8
564271142736776452 -3
635776234116135227 -10
147147546612233364 12
742261261233423424 -4
667211521123773532 12
632272521766632511 12
462255126142176375 -9
565717675246314554 12
466124647325367147 11
151472543362576527 11
545427173241323766 12
432534675533457615 -12
446423251413725613 12
613472772433521326 -5
241634136624362276 12
556514734512163267 12
561463572163647127 12
542553711454511363 12
141451723653144753 12
526457761543431572 9
365324616676541745 -2
646575235742731163 12
461144327215435617 -9
763634535746247417 12
676121541731437162 12
147636445273642215 -10
236763442515331534 12
435254774526244535 6
412267723177626637 12
721634476623731637 -5
634462352754743161 12
135125644374337661 0
615124457555736112 3
172467354315424532 12
371112265674445327 11
467557652122353124 -2
714322676543517336 12
137147432621667522 -1
133174521527725565 2
244224615746766343 7
625464775513732556 -12
322435152154672563 12
617332231265771743 12
126556465237547611 12
626651543315514342 12
436154513551142233 12
432525444357767177 6
122747533465346622 12
534726451414732746 -8
662171513465456712 2
114167763517366223 12
466351165416372237 10
526167371421433457 -11
343275174266531165 0
642671573743641245 1
467447352561221363 -1
637616274314641272 12
241762263151353654 12
466667737371615524 12
252646375117342315 12
414332722571371535 12
512477557374233665 -4
436112443234252762 12
333146174524576726 -12
475467751121274343 12
134615621572762164 -10
724271425755473422 12
564655246227271754 12
654544132737147365 12
347532127136677264 12
341471212643267223 -12
327416553431265655 12
155414441662326451 -11
552315313472254734 12
762445143437627612 12
241242752115357641 -12
237155547436265756 12
441571571532623752 -8
463171254476441763 10
225743355456246421 -12
236442551747314677 12
736424643521421742 2
523647741226451234 9
313614457672164435 12
146732762237255136 12
447232617465267732 -1
256766552411657123 12
131731576155374642 12
672346653413461425 -12
255177452666247133 12
443716727431537724 -10
312521157627167341 12
437543315365531213 4
227461772641645711 2
327226643767557115 4
642455136142377277 11
445515235432145666 -12
711324472612536464 -2
611436374267111147 12
136221737261675435 12
263111754422765344 -1
344163567724167736 -12
172156643171633553 -11
562271275226661423 2
336532667311152755 2
245371522465161471 -11
774665521316262543 10
455132771463354256 12
245215174355412632 12
532635326157772426 12
247326266334526762 12
223151145117462223 11
126541515453244363 12
326546554674472314 12
167265177642747712 12
152435351764762241 12
577571211523265467 12
712532345745672743 12
212574614543373463 11
332241771277354643 12
744146376772155337 11
366265232141341467 12
142357541616647726 12
461717412475752142 12
121275517546317465 12
247642323761436317 10
522551117647775146 11
351365517466567273 12
121271437317253672 9
355571174663432223 -11
124542236264137411 -4
273615357163216253 12
147646175572446323 12
376362422245463755 12
534537714444637372 12
472165431661443331 12
336454135746475422 12
275461723733644177 3
421374267324736665 12
723265347126551723 2
415755764677632365 1
566231375132732227 10
342775441415246763 -11
534135464576132662 12
115433737337275456 12
122637412654514731 3
465346137126574123 12
473276151223476467 12
233177726344153721 12
415325142614426775 -10
231571471725416423 12
331526317562144664 12
312412757537536761 2
362574745416126361 -11
541727674556167262 12
625452354746631511 0
336461724127744355 12
562374213541476263 11
313645266353721454 -11
223563272175546111 3
337511662351677622 12
363224122576547345 1
122714362154166635 -3
534456331765536261 12
421625471161741413 12
417532644527317534 12
762736454233773146 12
511773243712466432 12
561433772223517142 7
537636663541476271 11
774173326536622112 12
647231242564673777 12
214534541775373153 2
244733442212335565 -12
227727537341437656 12
271675452371614345 12
122664613133343762 12
517424665165576236 0
417227627523513335 12
553226525177527621 12
543335575774442653 12
317615157227553736 12
566143771763237221 12
354762633141677146 12
725435377425232751 12
732325451214474511 12
731354425714114726 12
465365522571731723 -3
271473257551542413 12
517665774114652467 12
271564636354212453 12
177354256514571465 12
665426235421764373 12
553471163254732617 -10
662713371121462464 12
563441752275635263 -12
343121516577574417 -5
412465475671332546 10
341457174614632344 12
313474223251676257 12
311567753321224734 -12
625347214572516576 2
575257621136313165 12
764327451723141461 -4
175112766177332374 -8
547731776654533421 12
352573611626474334 -2
674223311156147357 12
757332474134616556 12
741717255241665574 -3
336776256441146175 12
765431672133162726 12
117764324431143677 12
164327551551334271 12
523541227663377373 0
321574145565274366 11
554237213441463766 12
651756212643436364 -12
252432437713613714 -6
211351217256467417 2
736314315345274766 9
717436641142467712 -3
612275514716444637 0
457344555227126376 -2
472413643427676373 12
454267327145152317 12
473221141431131732 -2
632652577273675235 2
571326417623423147 12
467273627222134721 11
675473361252646735 11
173256673453212276 12
516374356545317144 -12
557142566223431454 -12
725271716735226512 12
654571537756313465 12
152477147723321742 12
246336117115646655 7
377542655746321133 11
222355261574133316 12
335262147316115421 -10
613467235335312413 5
354762376516544733 2
575621327415635254 -2
537647326761647133 12
163611245436217355 -12
425115262734125353 -11
475434565547311454 12
423577231421527634 12
672542722553163155 4
475142523616216714 12
635446341667612527 -3
473113773613236526 10
724235642175542511 0
746557453572157337 -12
637311225265176213 12
746254526216315775 -12
457712754613232271 7
141234535266522743 12
751442346356465221 12
264323467661625761 0
715746146273373425 8
164545232737422661 12
121756423645217214 12
645733574463731521 -12
276413422235214365 4
273647652432232166 0
346725336412426376 -1
112522474726734567 12
266147243215651737 -10
275435156335612374 -8
366613247244575114 11
623317127517667533 12
221421561275475674 -2
763575341731235212 2
732562426656621733 12
513132467212434735 12
134431756374327415 12
224362416733217136 -12
351227224764534711 -12
426432371317351476 12
672775252133374244 0
363261443751462541 12
253361213275565771 -3
352423615415633556 12
353215351351547442 -2
734632174171615267 12
715374651351417644 12
561143642675517247 12
435133127441721646 12
673743613522167744 2
442515732576463244 12
624357132531757441 12
467542745663316433 12
526374234656564735 12
255573176721112612 2
143315716154524116 11
436645177365723127 11
255553332713164426 12
177543154162716333 10
265165235763374746 12
144352565447222767 12
277167765113564614 -12
175626412526734342 12
622557155461144776 3
262221576574532156 3
461277314135372167 12
527547534577372612 12
724135562342755321 12
742143531515457167 -10
155346226671415362 12
444332265161324657 11
156243344265257264 12
745314365467272157 12
245765246623553765 12
236511766257526754 12
145261346756664715 3
215434642226373711 12
561661123124271745 7
742314165477534626 12
365362662237314265 2
721674211452347627 -11
157234325754732436 -12
166454163221412477 3
143455326166675672 -2
626215235621763344 -2
144532672165123255 10
773122256555237241 0
425267647331175261 12
235726724217753454 -1
353552477664147155 -2
553674631653272267 12
363624417355174142 12
673354414121676476 2
732441671632411766 8
321654661436535763 12
276455347715314236 12
467566311127662326 12
115236431334736547 -2
113526723321253734 5
524766415227574615 12
245237465612361153 12
271167513474556435 -11
561772456447142326 4
325371251436414522 2
235761542325476236 2
517764767232735116 12
113364563476575246 12
523524411626541761 12
223431651677631362 -5
566431723161365325 12
543774426367652423 12
564753717557742216 -2
476246237654147752 12
364346321775341552 3
573121712523376475 12
354236461216732757 -8
125264374266514411 12
123655372644346262 12
765547422563255347 12
161745675773322416 12
466215543771543342 9
435136437626471212 12
127737142222673652 12
316617573721625634 12
112654765431224573 -2
764367336413455275 12
755347575562634132 11
647133556522115337 -11
425173763553125671 12
541736217114657336 -12
432734651742725267 -12
261357356514637147 12
125642725747217366 12
237345217572465364 12
714624534153744771 -12
613416456311172324 0
177746232645524566 12
364617646245453152 12
534622636246722276 12
731411225723662175 -7
275314425552663167 12
517714656142146676 -2
712436214163531365 -12
133453747527111146 -2
724241354567572132 12
247153412516565716 8
534376265212417371 12
644623327124374712 11
674361471151715627 12
456237277741512341 12
771566421643527753 10
411545721321426371 12
346123567327645751 12
167475377345243712 0
626543572344216332 12
727166331553177232 2
717356775443132542 12
241654232134366517 12
365733541724262552 12
665111367234546726 0
511236765772264354 12
135234657322214623 -3
545375721351162465 1
214266753117715417 -6
654477465633161243 12
626673113214665247 12
542176647663772312 -10
356654634457147113 12
546725273144364752 12
371234422152236563 0
323116554446452567 -12
761712322775112343 3
762337422437546274 -10
165477673754352142 12
322541444376576667 12
345211316447623614 12
775725131414366222 12
317527653672453752 12
273532233161157352 -1
242653344476675244 11
224456652144257141 12
616143232577177443 -1
736525112327364615 12
731771246646456241 12
243325321636113552 12
717573623242235156 12
751173461326343476 12
267512557411341221 -1
174211134546563765 12
526773541123372761 12
571413266437664511 11
155344616441561327 -11
612312457223724253 12
213617145753636454 12
572311556455741264 -12
736534546541213674 12
625112742631217735 11
165377545744742521 12
651135463667765574 12
756132632173574366 12
524711763423256474 -10
314725566422323327 3
213334552745336445 12
721732427366156757 1
325226741757323473 11
241744443131356576 12
252557334166432446 12
747447561215223263 11
513624636332432721 10
476556246647543221 12
731415612255622131 12
316451365152277413 12
343563722214556167 12
173335771633465744 12
466434163112325664 12
422411333552726656 11
172234375637114375 10
237342444546166651 0
754177555274317644 0
361426727275677214 -11
136145464477314216 11
323761335444717352 12
414713313633667445 12
745375233133621567 -11
554346275654517741 12
711367667726144127 12
731525763342646524 -12
665315473415717623 -12
272743756113342653 12
316324136545163615 12
563135742537436162 -2
163763716261342236 -12
466342753514127113 12
212634175773223631 2
632562772371521731 8
765225124765116224 -3
451157771377245456 12
253761163225217145 2
117417725544654372 -9
174347514562572236 12
341151154635635363 -12
446543521137275611 11
537416152147526647 12
623725755312247366 -2
775351242517213435 12
623254316773644541 12
331454154723712747 10
632154724732716523 10
412275661724726216 1
217225447735465467 -12
437362436472743246 12
366762254445153434 12
715612213543246313 -12
766247144523753234 1
641763562571722353 -12
331441157733512441 12
347256624741155223 12
452166745126424471 -7
474165224353346652 12
345252156431153447 12
613254145547274776 7
647575562477126624 -8
644611362341677365 11
756665243555325121 2
554132371726631655 12
731265447166262236 -12
271234726437456361 12
466634547234516131 12
265476152144517463 2
737747236167133561 12
667225672234531764 9
633147712356226475 11
246713265777127611 -12
271372453247465675 12
367231435375215772 -2
535723153212774765 11
225676536564732532 2
467462165627112534 10
427365412714616617 12
334445321177656745 12
352167331167547457 11
316677255434551721 10
717772672325763633 8
133436125777426672 12
163243546253562615 -11
142532743264447771 -11
673161276741253342 12
341662343244574216 12
472647637366336542 12
561473215766746241 3
663545743113545562 -6
134523267162464631 12
633571236125436675 -12
212731655334764276 9
532234152145227477 12
176427135244636773 12
354112226523633716 0
666531537233414374 -4
267265517751341212 12
444553576263213774 12
625714313246741325 -2
664217535432564735 12
132364542257644467 12
374147521677336742 12
563437772562526754 12
256723311726137346 12
132762152743675165 12
236237361477216144 9
147631647167332712 -2
645635773761273141 12
276645714753125251 12
516314262436534474 12
222112147754634426 2
534457126313643777 -10
724663667252341133 -11
657313244776731665 -11
222713251375516457 -2
464554552231533666 -2
215317273265163334 12
676575543232122537 12
116544647333511231 -4
323154615574337134 -12
427157325644736426 -2
566753212134716316 12
161235773436576213 12
243535715245121236 12
317226242731126234 12
346452171757467264 10
253346412515566332 -11
726672113615345276 12
126166561323776134 10
174634533642712226 12
147423125377367626 -12
516654715147422435 12
465454365413471312 12
346547455362251443 4
372372235531655565 12
567736321731551225 12
215377514617627341 12
145327366161771572 3
421771251553673436 11
512562544163764714 10
341241176665257324 9
732266716231143432 12
632453445166721631 12
632471142251665364 -12
115237434616266411 4
722533467662137421 12
735766522615563234 12
457755641772262653 -12
766557546431211756 12
716433755326127445 12
137431535362363651 12
274235573352626666 12
224636656122161763 4
456366314442421576 12
216514367566517574 12
351562324215472632 12
411346252476235411 12
142676211243164177 -12
162674376324651712 12
533763772225346217 -2
417664524156427331 12
326363544715373442 12
114553334761266461 12
361217542664335417 12
764241622244151756 11
542176223757561634 12
575714364774211245 0
627417746135177521 10
233441454374541566 12
436352177315214615 -11
776321113532324276 12
774334751626412226 -12
245141523763412326 12
624713441614513233 -4
742124326146136212 -11
725653454712364622 12
117152657325245761 -10
471721474663632575 12
727345275422451527 -4
376456315741572475 12
645225371147534543 12
517244357516256162 -11
161752421627534356 12
131656322431315467 12
553214762654611216 -12
543516732663123176 -11
124334256137556347 12
657711513656523164 12
175374725446275631 12
215274173261631746 -10
151233776216765163 -3
647576215663531242 11
454516135267767236 1
552361144243157417 12
652234537436361467 -12
341212754436617123 12
771535732164124733 0
161342357555625632 0
347642132531366627 11
441376556723575664 12
345711666255474376 10
115131533653766542 -11
276624764246713314 -10
213565437134256634 0
321165226536414522 -11
616544143476273116 -11
573264166647751334 2
112143253226436721 12
215543114723471733 12
572611657317644453 9
237671217763233542 7
471173541233345172 2
424332621521337167 12
577525241567215346 12
436775451131667623 4
517752373314266214 -2
557645641223615442 4
352457716736753141 12
343756217113456332 -12
225342466426412374 12
144613523456623144 4
452365157247422314 -11
346453727374477125 -12
145634526263277724 -12
611253637263572771 12
341214437665323457 11
273624723454126376 -11
374441726122651742 3
627514457431716265 12
345326171413455374 12
526523146217667411 -12
471517477561365631 12
121721673423723176 7
427613252175643365 -12
216145551737124354 -1
555427324471526335 12
164762126747723544 12
276716751126415254 12
444315212371566437 11
734526455172212463 12
642677754553235177 10
277312243163665154 -1
663751635761353425 3
357521264341677344 11
153657334772621436 0
462464311775465716 -3
174143135627226324 -1
643226571143772663 2
226621241336733572 -4
412744612413514262 11
367247752447231135 12
351162536424673433 12
634734213157641234 12
433717121423667161 -4
476625752743553732 11
174362153746376135 12
713152622656361361 12
277141775223341565 12
411461366552632317 -2
463612123457524427 10
317547465577637524 -10
542755371432471335 12
424712215665743361 11
657155212746726314 12
167223777634244171 0
234427777614156733 -1
133253445677751612 12
312324661573576541 1
766125154742433715 12
415414762313572455 -7
776135521752231363 -6
271432735216256156 -12
531633457217431777 12
573217424667633412 12
173351365572151266 -3
377427146251454654 10
543467417726532356 12
677316175622164264 12
764653231753745522 -4
776457564241726245 12
533647621353244673 -7
725756363431641415 12
322121432577526143 -3
124575746456633323 -10
362257545665734731 12
461575751423265775 -11
433663642441752245 12
146377733141124355 11
237271163253245511 2
123554161665233534 12
341731547227264717 12
216447476462567233 2
515477127635222237 12
771512234474566462 12
744147732264613165 12
152342175357513572 4
567632534733251512 -8
676314362614277565 -12
327221644176626134 -2
337321644752761626 -10
552611263761122374 -9
244262146757363475 -10
617156642475742221 12
372762663514712734 12
174651644467313455 12
754737643357654212 12
445142467527532752 12
637431253416127261 10
375122163123152417 -8
437722266732475343 12
353721514627744462 11
335264447434275137 -10
447744336665225221 -12
554267714657222715 12
316676456137747627 -3
627216373152246572 10
355676426521222734 5
653141367373442261 -12
167113572657431726 -12
142614542565455112 -9
512372274353271725 12
661322131745557366 12
421546721444172234 12
241335665312241423 12
552615263311177751 12
344227511261214462 12
327374773656472664 4
657473144173236455 12
473157413245357522 12
223634372321767267 2
652665476261375127 12
337616176332461642 12
223365677153521711 -2
127561724654233417 12
436627221771646752 -2
172634341253516243 0
556477425661372527 12
151215265164751266 -12
663465344254527423 12
225431163777413666 12
177637136153765244 -4
127557663135143451 12
763215563551454273 -10
556762356622712423 7
725177516617233353 12
647673542112753651 12
343744512271653427 12
155471623242566617 -1
663257712425165671 -12
244364427512133157 -1
173641576223577672 1
312364342255673121 7
627771763552137527 2
443644357211261612 -8
262144655435234767 12
321754364216224611 12
125773523714422522 12
226361125231757567 12
524712367431655732 12
313216672764526175 12
253556644364777325 12
441235153614237625 12
642635223356176113 12
325756651421113574 10
226573526354315333 12
411645473167572514 12
111477263351424135 12
256364614375515231 12
725761331424625664 -11
565415762711523327 0
567341325463141716 12
542536314171775263 -11
562331674613663111 11
747115323111635763 12
661613567725557332 12
344212651724747165 -2
656267317477235124 12
623713424376241767 12
335771642541117355 0
234273157612476374 12
232313153712545777 12
541667155315367434 12
766221634552265531 12
711367742356553214 11
146373327647445176 8
615424271551625773 11
552331673321742543 12
264671653334175767 2
236212345512216461 12
553672361252445331 -12
726172235337625627 12
524324314156143536 12
356453367577413673 12
331563327254435466 12
456531615771233447 12
252435563656447135 12
111666351556434357 12
527716453652162343 12
357713414236122471 -1
134274542675553132 12
335446233475626267 12
774523334174765635 12
623573133776342142 10
223426634511773362 2
646517321772266235 -10
331725623526252154 12
666125317447624144 6
571374353242717635 12
342512746651327625 -2
461343316517764525 12
775573726166356252 12
564264416753123131 12
372355273447744117 6
643174116471224752 -12
646226747412573615 -12
264156741213573235 8
546152422572613366 12
764676611521317345 12
425467157114634316 -11
623645722772236434 -5
541157256471652114 -10
412275366525511756 2
174522215445241267 12
446763465557241543 -2
715314315561264223 -2
663514414436425733 12
671331235651726615 -1
261442134373767662 12
511215724533461254 12
737226235414647321 12
346115741765566324 12
334277365714414647 12
142621721363733672 12
217221556447553714 2
253556127475362254 11
573425271613332175 12
251423456411155147 12
642346567724732575 12
563561464311117735 12
116354757426312455 -3
215555573423776773 -9
716326776112613271 11
673724267552636351 12
426172154325631433 0
717513713251324442 12
462237356127113451 12
631654372627767125 12
752367133455665256 0
621716373463144275 12
321645671454665322 8
365213234751662161 0
347331712745423457 12
571745642337244335 -12
361152757215641346 -2
235774563443634316 -2
541224265711776362 4
527433636757671311 12
131141562631525642 12
346161542573176417 12
755666424117224723 12
523247467115527514 -12
741443166771361136 -11
136346677612344347 12
532232147626535472 12
371215452127275356 12
713145245327616772 12
312335652621527165 -3
445266265331615322 12
467355771262354665 -12
223765357637146144 12
175461776365275341 12
512266234365335355 12
224515144423566772 -12
411622452413236253 -12
466357352212644442 0
471631725272473713 -2
662513752572376621 -10
746134272522355447 12
622563716726557343 12
413527715534422624 12
776114412276275353 10
436216736345147425 -11
153527544741552744 12
371254124333362664 12
717421335125564667 12
265214256715233711 11
215216656347432513 -2
134265337325417651 10
274141461754566373 12
217635746776357172 7
551263636257557771 12
135526551174767417 -12
552315331452245176 12
337164274655543754 4
675534267162126733 -2
733664561531253447 12
762336267535217245 12
215621723446745627 12
717512474636417553 12
241746213412735347 -11
321254165224644345 -12
477752553631627612 12
441575324632226537 12
476372264533756417 12
245746774332165366 4
724446226731514215 12
357123372645556177 10
312424276356416447 12
477127234566313145 12
633552456516777424 -12
345364161742213372 12
717135213667242517 12
247125556462341776 -5
553776156412612362 12
432426174112553721 0
772362552214551671 -3
447657247613661712 12
714231751362325675 12
374153522474771132 12
676434246747432154 12
243356244361451725 12
161675532773472412 12
216545733437325414 12
545245476372461314 10
272357445367343654 12
336114241135213375 -12
163766713572121177 -2
373214451262654714 12
131535411733114626 12
343545447537274164 12
771527656341347534 -12
247312624561167224 12
343644442317512662 12
642746432725667763 12
721616376613644745 12
762237734621313261 12
564745211522237363 -12
125755676417416523 12
545173452377654316 12
712446565262563731 12
612537626771734647 12
467753725174362243 12
742525112512471473 -12
757247164733551113 12
544422343727411536 12
346436725312144137 -12
571261237423516441 10
713333641122651735 1
333562436443726416 -12
256137347315535772 3
467443152141535634 12
172433176623527347 -11
566435123512477733 -2
764636642423363551 -2
757332564664613636 12
756632426316325761 -12
231654765347561371 12
677446762557656721 0
377266742756115234 -2
461327322427331543 12
334511377541733454 12
341173465272762151 12
663552374137625567 12
165124662711721515 -5
641277654137351312 -2
761714475356353352 12
165523642253525732 12
261123733362753576 12
435765675622773647 11
534433422612561766 10
243764221234711671 -11
715634653327474466 -3
431777431533674221 12
716375364521535463 12
431632157247442233 12
437245725615774317 12
742251147725274753 -12
764731216264317552 12
527616144361742227 12
511743715274532423 12
167417573562556421 3
721444536216532123 -11
565376624373222631 4
766675134732356315 4
121222373474511435 12
273316531452217613 -9
232754763447135227 6
727234124716713164 -12
535616141174733223 11
123116123674355547 12
316735241752725763 12
674777341273153765 2
223234651744656175 12
462641734327325756 12
127663145317654226 12
737313621546675245 12
741372566537114665 12
436711547627365432 -1
254343621432147625 11
362663146425525131 12
345457627337276733 12
612735626545524774 12
352733411625361461 -10
731143257335216175 12
564165437161277233 -11
655142237564124113 -1
733671625646234237 12
726331655145317726 12
414456133276155763 12
562527257613323215 8
352643217376155677 -12
265512272123331157 12
436421143246473472 1
743221754536344225 12
113426756145757137 -12
263713745775213515 -10
177731615626613443 -5
251271437722313641 0
642131331172772426 -2
611767135645335776 8
473137654712156635 12
535146576761412565 12
441217262123344743 12
732164666275745231 12
761426563222674143 8
532547147333466666 10
476216653177543525 12
217331631477454355 12
436521723367754116 -2
446223272545765631 12
254661174317337643 12
115271546314544571 12
342212275542635647 12
733162443765511676 4
561323416756612231 0
652355567771635242 12
663672421562543147 1
657526561731152314 -4
142166654732651434 12
455364176147136545 12
345726471173556314 -9
573657237162343136 12
636757662531711546 0
652254447471123475 12
754556322567643145 12
716645213264427416 -12
715276315216461243 -12
567321212513516437 12
377465512232751357 11
717631314411773222 12
674732623413653215 12
261327415553275461 12
311572122755264157 7
211455474565324212 12
447135575726236361 12
153725211413673326 12
267722621155317522 12
464572442173413671 12
266345612336643672 4
734272364265167541 12
315675626574357414 12
122441363275646127 12
244471364525325354 12
246353141422612572 -12
531627513635247416 -11
644452465251117524 -12
612267461135124752 12
573576511364216171 -11
545352672527177112 10
266313772276115351 -12
226267763722151111 12
432713265755776231 2
437215122153444663 12
546313433322712541 9
422372653735721547 12
415557633461323647 12
732741322653421515 12
656311244155761747 12
451251466172413427 12
445627635726123713 -11
247655675661136752 9
753626547123674541 4
342365461514743167 0
115221747342133672 12
433274712562135624 -12
246316436314476247 -11
334652225116357355 -2
135216426347332455 12
465123633637471277 10
311732377264651774 12
427316452725675513 11
511642723774561417 12
425326751327441272 -2
554162541727227513 -2
473142663562561422 -1
532336125477234263 11
321157531465745733 -2
316467243615231233 -2
122244674133763234 12
243526653351246376 12
756241137346631274 12
622443177423552576 12
264745115223761673 -10
512763367741311674 7
625327324543725144 12
673476536153454751 12
467513554572371212 12
773747627165213511 8
271451654772563345 12
352363426751416654 12
113756517244161457 12
766667123624551223 11
314775367357452542 12
327137273711161552 12
166253224531567547 3
571313465132261412 10
642655235647537342 -4
451771435752363415 12
346713164442623771 2
255143122416352634 12
413275656135562614 10
427746532337763115 10
633777574325524143 12
761231241324637415 -12
534726544355736176 -11
734756752112435314 -12
273725324761165331 12
623574217241216465 12
347353311316667427 -9
541772125775446573 12
631377275532165426 -12
273414431136732722 12
766311564227741521 3
141362467236512172 3
164171775723236617 -2
376213563272143657 11
154732446332726671 12
316634755742526657 12
435222147722217543 12
652521671121416643 12
577653274352714346 12
422456653637145344 0
576512455331141672 12
513636646264777156 11
772173113712564761 12
164127555247736316 10
167661274152451426 12
137146766375653532 12
132662176357542473 7
172364573261622746 12
745215422756775163 11
414536247352225264 12
331567652414332245 12
575177421335641414 12
147413573536526312 12
417347127427455616 12
622652336471725711 -3
277312611572437615 12
755421471734645557 -10
315356465275567445 -8
524621337225676136 12
317214243532166241 12
135436352475421377 12
277221251176353644 12
565773154654672164 12
354776434175736126 12
763723653214436761 12
542167475316771555 11
751474615144465627 -3
742177127336645241 9
356364662351531242 -11
667541421515763472 12
351344645356723716 -3
316672474235235732 12
715462615415373375 -4
116327357766147445 4
626713773132564325 10
721563473254451317 12
161176647174526323 12
424234273363114666 12
425266471321734137 12
215667245354152463 12
737756444452574525 4
475314246776225143 12
265764264645174276 12
621643155345532761 -11
337455363467417221 11
216554746122525246 12
221456577144135622 12
336373521774243514 -12
567617373267415354 12
552435774366721552 -8
365257621764271431 -1
665274423574374157 2
437221246365762172 12
327514176462751446 12
761324362734426471 -12
256714175526264573 12
311545311716245535 12
275337167426633147 12
162665437164327412 -2
473642614164261377 10
244752474632136671 12
325662135344627314 -12
414163376573123223 12
377137754526244425 12
147633227645361714 12
572667224271461344 12
123356414113537465 12
765552164335432174 -2
145653316625372152 12
731245461436746612 12
645577124656377247 12
327714763265571127 12
517635246433741512 -12
766453245347437122 12
246615136137246654 -11
525627377623154261 12
313566245127762514 12
731171464413153223 12
553645536416474365 12
532367117515361564 -12
275316145547556474 12
622435352455426162 12
476573523611614462 5
712437572213645142 -1
571273157164745531 12
536116636465573122 12
576471356762537244 12
167344426474657617 2
711571761327553762 11
241373377122427412 12
743234226125155473 -12
713656272552373216 12
764551761727413561 10
412627426477431243 1
127441252476465135 12
216656133464575212 12
644227523213361664 12
321541124657573152 12
451562342456177435 -4
321766535135723121 12
734736662625315571 12
454125327576462711 12
231344467465711174 12
374351327644164761 9
354262364126264751 12
373152245215766731 12
611174336764243352 12
513644473266175417 -2
457262311642231134 12
364337361147125544 11
231642516177517365 12
324374564367626355 12
136254774566331343 12
436571626513743747 12
431362252735716746 11
547745163443351672 12
622537553711745363 12
525642431734327616 12
335657311314562745 11
674466122327116472 4
176154543313247711 -12
525736361721635743 12
134637212517352454 12
263376474551731315 -11
764135313426211767 12
722435671452362361 1
767134662772346233 -4
346576776127213265 10
273556413375572664 12
543645776242356765 12
747654665421167246 12
673523327672726136 12
111672766321474126 5
427725451453513127 12
376537457442715763 12
672132557526762312 12
713415646736523742 12
734756173214373371 2
474673243341416632 8
453335671576427711 -2
267625774363513525 12
541531371224735647 2
466211315356542443 12
572263375566214474 -12
147227314563235737 12
751241167251345227 4
572577742443541342 -5
273153213277541564 -9
241257434771334171 12
465656123774423363 -2
374172613635247213 -2
632754277117622533 12
271431662716724335 -2
111256264765375122 10
572122654463561526 -4
772256624677111615 12
546676224343455733 12
127647253136242773 12
373521461411273452 12
211265736354621545 12
227574654424336152 -11
532462575511543766 -3
315373324674511573 12
643551457223217513 12
323756133151561215 4
145427557512716736 -5
114123255437676632 11
212665375617432671 12
454754616633672743 12
612464165732763752 -2
445476635122112622 11
624767736235344776 11
166476563565362377 -11
447227157661264242 7
343271137575671736 -7
243177754646646152 12
323227164166736165 12
736263757122534654 12
776244216544762626 12
754761727565271346 12
165657126214727534 12
236165326435412113 12
651744522323146744 12
621776124766522145 12
642534561762361723 -2
767616547345321562 12
673572152776736321 -3
331646455261757714 12
643741533441422415 0
173713621643724562 12
357277154625745323 -12
762642235174143517 12
127465561744545272 12
751264274217361477 12
432726477756121153 10
651774452552641753 1
426566512771336565 12
322437731225614166 12
773113247544575645 12
337316674312523547 -4
445475157674635723 -12
452512544723716677 12
725151336376236654 12
635611547616453372 12
176135242463727132 0
547514631753357364 12
452164726455632477 12
372622237256111557 12
767166245745647326 11
461712571626733535 12
254546137413455165 -2
775524671355354343 11
344444667551632152 12
264421116377175432 -10
616377235477667365 -11
235434416527761235 12
354741663416277361 12
646215427433667723 12
435372424755362756 12
363756422667412573 12
212375413454117134 -4
437713316266352421 11
743226651217557364 -2
565714774173257134 12
732132433615444652 -12
423671354164655621 12
213475211614735634 0
126372141757714165 2
217517376673464575 -12
215427142355166344 12
261432154432757411 -4
571352223744621675 -2
113566466222413133 12
547326346176675111 4
531562547173722645 12
254264152335271171 -3
657427416225561146 12
477752656356634322 0
153144721147317515 -5
471475432153614457 11
325416454713273753 12
646575446126432275 2
741724331647415524 12
611635645761324334 12
272222545753271366 12
456575237751353457 12
513377465432331176 10
735631174664113121 4
152717736742565354 12
372443534674577631 -12
761237244611135752 9
636415274542257157 12
142574316346737763 -12
714723316473121552 -11
713644513356634177 12
556127121115323352 12
167753774672623451 11
135445477151263663 12
267415317531423751 12
767712566244614361 12
217264241547166333 -12
115311461227733742 12
132564777535143421 12
262736455137163455 12
677562454121132534 12
456321165162673512 4
411112344656526722 12
713551232156625645 -1
345642621357236155 12
625716343123713275 -3
227154764163324415 -10
471675623515556142 11
144622317733536427 12
