671336257176432442172465375675113253 0
722145427346116523177751535636616735 3
246227265446566145341417735353371252 3
113125342227637617777445521316636435 0
112574123716565176335563747452163763 3
276433514172216532251763175653274474 3
516722444712416613373565632134771327 3
761743167165752175553136443224252664 3
534564514522613714725617312733412234 0
563562456255477316413721763472144512 0
552746442364665433671265523123177172 0
453672317454257264266745152647365333 3
567152766237252346135314377742556216 3
663261752217157345464267112444533157 3
655524653373625247224171717713463115 3
631113543757661711445426252272336346 2
767672254467352755641117453335312163 3
277177134516213276732256331562644635 -2
225561644234771375547226167432653711 -3
654521521166354627531715233761774736 3
531437347214527353461776664135266124 3
372451232257364751757516153414226173 3
237621677245416574355414472711563536 3
342657645633251143717367122551223761 -3
714531122532665772733366413426417145 3
142773726377614546752354254114263163 3
251753222131641114767633276737325644 3
432216567344357145647731511612377362 0
557211762535174123626264466343375472 0
745115624631437626412353126152745234 3
723266641622751735426337543151745513 3
523777521426414515466513762263271451 3
256367412336461417315577646242774353 3
231366751755334537142552446724216316 3
421165332721315465431431767624677246 0
327633163627667357115512444542375227 -3
611124773542171144576553725266262436 3
477313571552564741635462362324126473 3
442564462176264757711362517335151337 3
357131441112265557232367451776343646 3
533137467151755214753317642376521444 -3
147342425716712735134553717563322465 1
712427445615355147146322726145233715 3
316177517413352647643446721765324255 3
221762433115476467727345564321735511 3
163344422717775366516237243115146467 3
531221771724453623454661547227715653 3
536321711554457273342612154723644721 0
