347442775633247256371163512555761262164 0
216512253176765747247625623114515633444 1
737236137756215432115514643573471622626 1
742263155131464643147453266561257735721 2
137476564737633345254521144751325261216 2
675115316413547227323544464673761562237 -1
242155433463545237511171736445367716622 0
325546322345261571437237177452716464536 1
374766363572133612315264255411677542424 2
645723155176473221157671235633627563214 -1
135634523515641271722447136364772246365 2
114727532462335126466361125572574143375 0
327446373617656211532532461455451277436 0
422626715554746542145121776253331633717 2
