5253416736526315442616733143247755267211 1
4671476175252452573426335616373164227311 1
3116365271266572734465272341247645713413 1
5516362313342157772762432653712457146441 1
6416774261724761152533453473435631212267 1
4772243541721113276355726366411675344526 1
4356446565265262371225511437743721137316 0
3165271726114177416453463772232562453563 1
6666571445335721442151256713723177432265 1
3247356162331625457356122564415423167174 1
2771722372576355265433461446721131144365 0
2366621421317715546274654675322354317315 1
