41257761521171 5
57673772142242 13
26512474545261 14
12523453144656 14
26345175631265 -11
46632457153222 5
76357441465274 14
62142515755245 -4
31431345337722 0
67673374672531 14
75763444257544 14
17635773443164 -5
61431127566676 4
11465126465412 14
31316741133176 14
14277621226257 4
33376261776635 12
25365164257624 14
53276315163736 -6
14711356647624 2
22145352321355 -3
35314513212734 -2
26573477614471 14
76615553726515 5
61322255267275 14
73624445222556 -14
66521456555157 -3
77521561762777 14
54763616253721 -14
23121657473465 3
11225472241516 -5
53325321717765 14
64743476634723 -10
11724417671325 12
26276661735425 14
47147311264374 -4
53351473655744 -5
66616555124352 5
22124567734254 14
41331274432412 1
71624363341677 14
31724356714362 14
17143355434542 14
33535576541176 -3
46762374351355 -4
61366155326463 14
74566313472253 0
52346236117323 -3
22265675434374 -9
16256166375275 14
72164211757635 14
42364512651762 2
74514527626451 14
63277331533615 -3
31254643266733 3
43562237561767 14
64663163231225 -6
63743417342647 14
71653714251712 14
24273614376777 -4
42221734611675 -3
27174355637422 -5
43272627514163 14
26432472555534 -3
46643643354115 6
57273671256221 14
11276456441311 0
17476521131773 2
53642156543431 14
32264765125633 14
62621577176373 14
74721236751135 14
33421134564137 2
42155634346152 12
32311342162622 14
11733365174162 10
67727542617461 14
43277645276427 14
45765174354331 -3
41715246452457 6
54476435511544 0
12155536661111 -2
24134222555467 -2
13211622715646 -3
47115162732336 6
42522313373526 14
52264132355131 14
14611443142132 4
76341316326526 11
23161737236341 14
43653165347735 14
61571545634224 14
44275516226225 14
36773524146336 -2
34427617663111 12
13534226576137 10
33416565722511 -2
73657643476517 0
44116472213744 14
73111462575532 11
27541343413236 13
54421636175474 -4
12375617364723 14
64371653535122 14
11675362551341 10
65267374465565 3
46726244111426 5
64447313661141 10
71173277751324 0
66137776424246 14
15526151262613 9
25134361611342 -3
73466114163345 8
56117137155436 -3
17255342121557 14
57262272351376 14
23741164341357 -12
45755133353366 -2
65356612131465 14
46121267442652 11
71643125656516 -4
55351262511176 14
37435412512133 14
32522773216661 14
47242541343242 -6
64716323446517 14
27145765473563 -3
14135122522576 9
16115622152423 2
57762264673354 3
56726253457614 -12
45447335674532 6
37633617531276 14
51465145446633 14
27162161177636 14
23625176346113 -2
32473732527554 14
47735773477255 13
35613636666275 14
27744777335535 3
61777424514166 -9
14715362326777 11
24276534367422 -14
17716624626265 14
73456613331743 3
34241674672742 2
77125245262631 3
76723734315675 14
12312655355553 -3
32371341537122 14
74174462144616 14
23145437675541 14
46121543355247 14
74352362445345 0
