5534417526527621 11
6425752146663133 3
7627513367563511 13
1663531721513235 2
2744147163735322 -13
4767124332722475 12
1573257454157754 -13
6532154337676446 13
3561334534634225 10
3721157424553467 -12
2733244541673774 11
2336231762435654 -2
3174111525717742 -2
1424352145656276 -5
4412566322776153 11
1132154577777333 -2
7341156634127566 6
7172674226113737 13
6737243455126467 13
7724351353166512 13
2677464374645325 -4
3227556532637634 -3
5346216765715527 2
6177741532664737 13
2247252373446717 2
5442251765723423 13
6142162545333676 -2
3552714344563373 13
1755643742545572 1
4611144664315672 -4
1743513336171232 13
7152464275314672 13
1375447445422653 13
3317546643742342 -11
1621232242774676 3
2667243626614355 13
3346644331565245 9
6764131571773331 8
3165521353571462 13
4137533642415751 13
7447133756224756 6
4646157253753163 13
4314157246753231 12
7224213673237451 13
5724744316323541 12
4174231155362335 12
5716341251454144 12
5636332322271255 13
5723262166426675 4
7235154174332717 -2
6771325236161436 13
3164416357721724 13
4365354737152372 -1
6533473712216345 11
4164455753175673 13
6742724472217653 13
1334277276275511 2
3572334161516574 2
7252644546113132 4
1637244654743425 13
6122476325333625 -2
7241762471143732 -2
6745727271313651 13
5267341667621173 -2
1467675571154123 0
4754134477572236 3
2746666533255434 13
1521764362725273 13
7355422125157746 13
7342712677546132 -2
4636537316171164 13
5127534554437433 -4
2525572714734362 12
2656157342161337 13
4175721353252233 4
5512467243364455 12
6436534654163757 13
5473254326742574 13
7111721343753453 13
1152336465754252 -10
5612654731772423 11
4445366634341271 13
7175613517166715 13
2412315621717475 13
3561121521244775 13
1653512446561735 13
6442763211261565 13
1426752715641233 13
5276177647126454 -2
1434457364117426 -5
7174337267565362 11
1116574225347271 -2
6766643334472265 1
1632734516517267 13
1377314311465714 0
4326153233311656 1
6542142137453152 12
4265443217771761 13
1472323457257275 -6
1426612634162365 13
3164413364675217 13
1441334212152546 13
1154173256532625 11
3741752214463426 12
6777271365516121 13
6253113257414647 13
4672664533112471 13
2425171351331217 13
4661521411537767 13
2734614311226275 13
2654734313546265 13
2224425732154611 4
7263261433542717 -11
4617552142655275 13
7442136774636623 -13
7154473237647276 0
1762727323124463 -13
7176243673362457 -13
5556232334116716 11
2447553632532166 13
5141172226616774 13
6152773661242637 11
1527244513547337 13
4331243441754527 9
2156333527153224 13
7271424441325426 12
7223634512112354 -13
6551551622123254 -4
4643213633451761 13
6763415422712757 0
5546117526177163 -5
7424235736451774 -1
2341144476753623 2
1265771644167463 13
5316512114261713 2
1134513217231674 0
3424135126237337 13
6534377442765631 13
4717456611113567 13
4742152526243716 13
7225711724143365 -11
5714572372664725 0
6615721347264547 13
5376411562446324 -6
2257153251263133 13
7352454645572735 13
4473542727763624 13
2134667156534251 13
4226725376547611 13
5446573146562331 13
2546547542466361 11
6221163445741315 13
5731666654137312 2
6474467752361435 -5
3673213465177146 2
4635121527243432 13
7112756134231765 2
3644755742746527 -2
2757562364664443 11
1567574231622475 0
3356416537413113 13
4654744725733477 -11
7477164753532146 10
4371235617624755 8
3175321746166532 13
4231443142765276 -11
4755437447651613 -12
4767644477255161 13
2764453144235234 13
4666522145364221 13
5365622314637472 13
4274317154174676 -2
3165136232544137 13
2773645246437213 9
7343565274762421 13
5512434732365267 13
5756767322231271 13
7456176137172244 -12
5341551626416571 -2
3412557257424765 -9
2712576755754547 13
5257147372346235 -4
5465132462765411 13
5374635311321576 2
2653425334246166 -13
7226472166133615 13
7614425217423424 10
2161571547442357 -1
1677373432615246 13
2117451622547526 -5
7474226717546162 13
7224574576663631 13
6525163173142622 -9
7414621524226615 13
7422564716714431 9
6534514456652237 13
1743773551774233 13
7321536154465736 13
1142451336354756 13
3376513436221572 2
6516575226514267 13
6126672443155326 13
5356447367266415 -13
3215453546645216 -13
4225312611154375 3
2362134527551417 13
6237661264145556 -3
6124314746164552 13
7313534547164416 13
7761226663253241 10
3753764464765163 13
6517614634375114 13
5126524337137232 0
4561634463137416 -9
5154374625751632 -2
3141436747322332 13
3435167321752145 -12
1752524431113572 13
3767622376331751 13
2333627412474616 -2
1765751526542216 13
1762144755462125 11
4164721734327115 13
5677111366352234 8
1374535774675324 13
6436215361554347 13
2116157516365347 13
4223656716651631 13
2563717347516671 13
5672165366532331 13
4543135711314326 13
6356277415563442 13
1323575273512117 13
1276121351452733 -2
5174125141317462 13
2564321736554177 -10
2271521764136255 -8
4314633543145716 13
1123376475431167 13
6614175374331245 13
2147716253617633 -10
1135522754721553 -13
7761257417343436 13
2431226377141224 -13
6554122425326471 -12
1675362325756233 13
3155427663311155 4
6214577732236371 -2
3631745742365742 13
4567352663272672 13
6273235575111267 13
5724621747254345 13
5133677324664272 13
4715431176614635 13
7324465254437116 0
4134477265367377 12
6617171262333127 8
1275417723523256 13
6741644756231715 -9
6236726531767245 13
1734634371567754 -4
1425316175222135 -13
7536145233116467 0
3162546163223327 13
3672553343277375 -12
1711375637424336 13
1735657356173475 -1
3741426532666165 13
6426512175725266 1
1615234457571463 13
5537143124114452 13
7152326674514215 -11
4214361312737623 13
2645743352747427 13
1562447751357423 -12
5564532643311471 2
1255341217667346 13
5416342355447656 -5
3673316756245451 13
6141471753744141 4
3741146556515275 4
6461127727167633 2
2342513163646237 13
6112476166521245 13
4713244624156613 13
6665135147352271 0
5563567624234221 13
7651711443265226 4
1634425573752377 -10
4742626346247353 13
7313562765736575 -13
1777524146331115 8
4633777265524424 11
3277434125221564 -4
5653312213427541 13
3571511433451775 0
7524362455576226 10
3442435327166653 13
3577631355642244 -13
6423411713367523 12
1533577574112761 -2
4233142346665665 0
7123124536744534 12
6234361734214567 13
1654742247146375 -9
5511763665355642 -2
1363173732462774 11
7417712626355436 -10
3161341226161565 13
2212427517716544 13
7241561645144533 -12
4242662122635166 13
3152264771226231 13
4322767654543562 -13
7634122567441242 13
4617142674514367 2
2633544217663277 13
1164642663224373 -11
4154635623176224 0
3447517745176126 9
7571264745217636 -12
4177114664227357 11
2451275763555463 11
2341375712664172 0
2677133155714432 -2
1351774663647557 13
6233171672657714 13
2464466345157432 11
7745523427261562 0
2373764162244657 -13
6327712561446623 13
1523164435332267 11
1246642124675717 4
5173462241362617 13
4624343341261576 -12
2636323324257672 2
4315725567141473 13
2777135326156374 -3
6662216517775521 -2
5464244757722231 0
3662353247236732 11
1352752541466232 -2
3672346347147562 13
7132174236365416 13
1512415173455536 13
3752342352516614 13
3463422141727154 2
6635733736111644 13
1343156134264714 -13
7214656652354422 13
7145176143445612 12
3443535763675124 13
7176147167314352 13
5774143251254425 -3
4335112631462723 13
4613547126627235 11
3446214326127557 10
3247153271155526 13
2322216377171262 6
3471726421266272 13
3731667565572541 11
6655715251767715 13
5245777617413342 13
3754743126415175 13
6424144375546123 13
6735452467244131 3
7621431145623275 3
5446173351734653 13
4145337266367632 1
2557676532446142 13
1524231551471347 4
1146426162131754 12
6635317742267553 12
1312374635767435 13
7742311256747414 -12
2466227571742113 13
7413332534245317 -13
2211541374471267 -11
1672254457473643 13
6127134413275651 11
7471375315462751 -4
1456447375612342 13
3375425647715315 2
3673375617512127 13
5743215247655312 -2
4351663422265167 11
6765155431414726 13
5126342451774677 12
5641242771457126 13
4141252551637736 11
2326615633243212 13
7555567121411544 13
2464421362561362 -13
7564462751137353 0
6117255726354117 11
7226436771664312 9
4617745716324362 11
2641414736361553 13
1332617365151271 -8
5174263631354465 13
4621654372476314 4
3125346456172367 11
6213734775174275 7
7441337615117156 13
3463767425465221 10
2656767545477317 -13
5465622411724735 -1
4121436736347245 5
2264163471174133 -5
1175161446342623 2
6413226567355122 13
1232775437112351 0
2176233573116351 6
2156641724556416 -13
1534142777613564 -12
2276315474714145 13
3554417276124115 13
7457442333755644 13
7441347763316657 13
4436414277515122 4
5415662713446367 1
4625154175737246 13
1345436157362321 11
3662627325351213 -3
5715722473377566 -3
1324542731123561 4
2315414661312427 13
7325751226416312 -2
5232575425354111 12
3657636417243577 3
3676753213264171 13
6553531726247156 13
1254556463172161 13
2541155614166641 -6
2266223317716752 13
2667417143121652 13
6225476356123325 13
5443227131346417 -2
7131652547671566 -3
7242673435235366 -11
5457641411153175 -10
4664353336761132 1
4155141752661274 13
2264353325115562 0
2433746355747521 13
2441317224354532 13
6417233147352542 13
2333567747152574 -12
5322526623621344 13
5261323324274615 0
4565677452263433 -2
3442211326763741 12
4465775144226623 -4
1737265114526231 13
7537153253745662 10
6425672463254225 13
6754114713642562 13
2574526112475273 3
7565551316332714 13
4526725477171561 13
7144146623372211 13
1633427744613675 5
6314526422657132 13
7264443557144426 13
2135317263174236 -2
4277573611745632 13
1671346445352573 13
5537562172735134 4
4766334557613277 12
2421416652731543 -2
2224567371145256 13
1142156365757766 -13
1674351331127627 5
7522343512526174 -13
1562776774312432 3
3247111765655523 2
2572753715175651 13
1554616774561432 -12
1672763235477551 5
4145523342613424 13
5734316271265273 13
2143326647433627 13
2444536635421364 -1
7136527412263723 -2
7313414225275312 -2
6225114772333344 13
2617436263331736 0
5722664145542152 13
3552731541367733 3
7325253111762144 13
3547437671121226 12
3113563235672243 10
6434376132254724 13
4342262263252741 13
7452766166114737 13
5665212434165122 9
5361342523663441 11
3472736157616225 13
4513252536771447 13
5142157773513633 10
1421172631766736 -1
6651556734443547 1
1733226446237214 0
3563222447115137 12
5136621233467562 -11
2225664157175376 9
2656223417432741 13
3577331422215645 13
7333742261163757 2
1226176724244344 13
3637421531721316 13
6762152213454152 13
5741547674125325 -4
2721532545637632 -3
3673454372172232 11
6357634636463167 12
5623533577267116 2
1236662775753213 -11
1476535246177373 -11
3364363152734264 4
3175432372157663 13
4461721247217235 1
7351464273455732 13
1233314651747351 -13
6564344741726356 12
7652325537623757 13
1342341776474612 13
6446757732267166 12
1136746637551762 2
5127733464351353 2
7134332251436475 -12
6512257417564237 13
2275447567447553 13
7424116557366163 -12
7625456327261131 13
4224753727436153 13
2122347144375612 13
7615576431341314 -8
5531523432144245 13
2534453411722372 -7
4243271345362663 13
6725333122761122 0
1541533724231124 13
7322144551156162 13
7773464411246214 -4
2471636345141726 4
2435542365521461 -13
5357635746174223 13
5137513243127451 13
7747213624134621 13
2433172274664175 1
1426214113477632 11
5235143613344612 13
1511314642723536 13
4642141163773215 13
5377662173225454 13
4123612475465313 13
5467162257746241 13
7632157167446753 -10
2411624353747261 13
5564566335542761 0
1716734156674312 10
3115415233726547 13
3276172534163314 13
4434355566477666 -13
1575716462522444 -13
3142744124562772 2
4757153653416445 13
7747373616745214 -12
3767165334125357 13
2117363745441254 13
6753745345565411 -12
2677544113533461 12
5145247324245616 13
7436217167253564 11
7644534321142657 11
7352171527326414 13
6336776451222271 1
2167722727671143 2
1132767153643173 13
2265125131223673 13
7167453216633412 -2
7714116251736634 -4
6216313547647131 13
3163277522761466 -4
1513527644436574 2
4124336726741177 13
1127356266257415 -11
3371561216673227 8
7325471637746654 -3
2424576764374571 2
2317762324313277 8
3261547316575744 13
5524225426346157 -4
7243726113412547 13
4546123275535341 13
1477332366135777 -10
1361672432415475 -1
4615544635426176 10
6263562112371742 13
4612753671512644 13
7572361234377526 13
2673544511512556 2
5446334236177156 11
3117656171271624 12
5351574332137475 3
2677272453641471 13
6166236344712367 13
5231744663614213 11
6627224321542556 -13
3472756537227263 -12
2176427314323161 3
7472372361436737 -4
2654742661353442 -12
1737456771353612 13
2321576311574556 -2
6125475253354247 13
5346516276223715 13
5563454517243462 -12
2615647633635515 -3
4176341126376527 -1
4746535163142326 13
5265665131745312 10
2363357561754421 0
5462324147465227 13
7562643756564627 13
3723716432126565 13
6375423312625113 13
4356446213272774 12
3616133273244517 13
6235137647717326 -6
1167542625316623 13
7554375212645713 13
6342226534374234 13
2327643511375124 13
6375242512326216 13
7451473273661253 -11
1124524315377345 13
4173451657517613 12
1113546477343563 -10
6135231512325311 -4
3276174345536211 0
1345533573261344 3
6624511135355757 12
7414211127475741 -6
1451412776623572 -9
3153157567362654 -12
5131337345327172 13
1374466257313442 13
5145576411772673 2
5262412316641517 13
3661525471677216 11
1574642371174443 -11
6777434145213766 13
5614353372761242 -12
4273512631454372 13
2325417561767761 -11
6156342527612472 -2
6516467312415175 1
2523577475341145 -4
4554721231614465 -4
2333324715615646 13
3545715437771652 3
1637731466715456 -3
5374312641157716 -2
7465142471615343 13
2637312426553517 13
7316134425172533 13
1476576247634534 10
6525612776131443 2
4224713213127575 13
7372223147464654 13
6542743272762463 13
6465456422535341 13
5431557727363356 12
5611667545751237 -10
1225421471437751 6
1713414131336272 0
2345644567161364 -4
7165672321652751 13
5255312243133717 13
6654415777214542 13
2765421625635136 5
7437376565133144 -1
4316375522234144 4
7634253614222253 -1
3165762457351161 2
2125171513667755 13
6136212667443143 13
7513731326443154 -11
5551461723315477 13
4541255343612422 13
2433376622675451 12
5776427257151612 13
2357115744376363 -2
1652344676241463 2
5446132334776343 13
4713421524665577 13
7274551764514542 13
1656364152534113 13
5157432547222176 13
2671412637332312 13
4162175557465154 13
6523741661557162 1
4155145346432322 -13
1217711352374224 2
6713577325542211 -11
6562432543712745 13
4261712567422717 4
4525175613352272 13
2145166415432447 11
3545224456732256 13
5675132733124463 -4
6477471124315231 -5
4771322167631633 13
5267342322173426 10
3556743624427721 12
2125424436767456 13
4612172633672457 -13
4445123376677564 13
5113424457234317 -12
1152472421651413 13
2364625535135762 13
6754763562333747 10
2726174313656643 3
5337267767734572 -2
7114475236423575 11
7744731243333466 13
6367244322414335 13
5672712752614135 13
6753472175164432 -1
4523236453216175 13
6617144733432215 13
6722727412473543 2
4266271531326354 -12
4334562214772512 -11
6537637555437112 2
2453575264761574 -10
3473733227455621 13
2176353762665311 10
3735146514236262 13
6363712536351215 -8
3333727245661775 -11
7625652764264235 2
7123465415244755 13
6776115271163724 -2
6632643614471471 3
1123177721752134 13
3671663447471462 13
2772152735137656 13
4475164323543477 2
3746713527472557 13
1421475765631753 -2
4535662277736261 -11
2574125371642475 13
7532567522177433 13
6317147155457433 0
5461343556767124 -4
3414425513213436 -2
3726753332654762 13
2214166766415316 12
4227325675631474 -11
4562231277427515 13
5436313346721746 13
2665275621714671 13
3672373164752373 12
1421762657457673 0
6144535517763732 12
6337133121535752 13
6162175776756233 13
3223431474171366 13
1562773713543324 11
2726326431767464 -13
4573342731412354 12
5326747415321615 13
2722715356461614 -2
2556472364273456 13
7651644426355427 13
2344553354677272 0
5234436175424732 13
6745646153124543 13
4461146311122277 13
5761441352211562 -2
4416236372352716 -1
5666467211122311 13
3411172453265653 13
6754732771252416 13
3176211375526573 13
1617721375433114 4
5427541466516144 13
7331634126316724 13
3633751267145317 13
3464214767113675 7
6763365557155764 0
7464662332513334 -5
5423114477566522 13
4423255412127516 13
3667344754656332 13
4563564433673651 6
7547567214132545 0
1572526711641445 -1
6513357364276216 9
4534343363777614 13
1322444457556717 -13
7437342261154141 10
3417522367447635 13
5122342665717351 -13
2672531777653525 -10
2212746475431454 -3
7265631543523312 -13
6364464533647521 -2
6534261477762354 -10
2343421467371153 0
3242157761736326 -8
1235665227475531 9
7336555352173267 4
2312122741643555 -3
4532642331127472 -4
2263624357541615 -12
5236532541472112 12
3452742471226744 -4
4243554173221376 13
5437564336666552 5
5722151327335574 -4
2767316336731413 -2
4574673113242313 -11
1226541133626734 3
1753145642472346 13
7156126337764531 11
3162336325736445 13
3376141122632374 -12
2616251522377767 13
2571156276477253 -1
7622752714411145 4
3514755177631123 -5
7564121725357711 -12
3164575274621334 -4
1772176326562465 -11
2441321563735621 0
6223312566773273 10
4131167432657542 12
7136154623317323 -2
2222546127116153 12
6161731775444664 3
1343271745514573 13
2547642413353762 13
2553246733772717 13
7424125644526343 -4
3652641172152217 2
1526634513444137 13
1175424241362516 13
4675622335524534 13
6143347644751336 13
1514236566725231 -2
7754313241331274 -1
1354363152567317 13
4123266757135667 -1
5377431616567714 13
1273275642315354 13
4367655617516762 9
4672753731151661 10
1247423564351457 -3
2134465516174145 13
6357161365711532 -3
5764211177412542 -3
1326435164776551 2
5216176427312436 3
5371261523746574 13
4773752527151653 2
3624764762132113 3
4345321531665572 12
1753665223644576 -11
3617127456123622 13
5653447543473513 1
1257723234656166 -2
4743613763342677 6
3632456171274645 13
1537514173464665 13
1256336365552734 12
6755122517735175 -3
7154157523546231 13
1537367326212161 13
7355353612163652 13
7274755124351746 2
4633777461261345 -2
2325127345115365 -12
4272664121147562 3
6637226725645244 13
3522542161625645 13
2363473256477523 13
4657564613647424 -13
4165636332362274 12
5775671723133243 0
3324174262452577 3
5316321762645421 8
4113262311762461 13
7533737516423725 -11
2477332155732563 13
4732756232731374 13
5233241546235656 13
7611322653555521 -1
5626171257243435 11
2767417634343116 13
1343143325115246 13
4546762123157326 13
6457236167551441 13
4521373421425364 13
1636116233747424 -13
6137416511361327 10
7367516322346157 13
6455246227742741 -3
5323424514256634 13
1771236362263437 10
3463615327615116 10
2221564725637115 11
3515417134165274 11
6714571634772131 -8
1726551756425337 -13
3227651375612562 13
6763123476175235 0
4315677352266417 13
7466275121245442 -2
4574363121572634 13
7647116534341645 13
2172732644655451 13
3672522113471142 12
1727757433117442 13
4537411452374176 13
3617454247265675 13
6771231413573246 12
5456457336471725 13
7547354734561267 13
3554363175726312 13
6726671247234614 -2
1641255341373471 13
7111473335633522 -1
7631115512643277 1
6326124371154625 12
5312467222514767 13
7213326254676121 13
7114475562423751 12
1251651323643427 13
2437775265676123 13
4532512371351625 4
6773353574272557 11
1667341472545157 13
5266573611211434 10
6461614712365537 10
3325725434573724 7
4241731426256375 4
4256522467747136 -4
6326276725114455 13
1654464276335142 13
6242167635573271 -2
1517761323525523 13
4337267427766152 13
2416554154363136 13
2747541334266221 -3
2166161125744367 13
5426167275723135 13
4165437723765535 12
6114125155332574 -13
7431636545713415 -12
3163765111672776 13
2735266673231611 13
5261273367563126 13
6534517726121112 -10
7331647125545372 13
4154645361412217 -3
3553214677613516 -2
7247657146135326 10
5715246623354654 13
5112723465341375 -6
4175552245362711 12
7411454721654227 13
4512214365267566 8
5676327271324531 13
4253434555266225 13
3426421256416121 -13
2665424645636764 3
7665515544177632 -2
2564643752513226 12
4634624241177547 13
6664247732121346 -5
5234111553357475 -13
3276224143413257 13
3443643354517264 13
5143567436137142 11
7241324553312641 13
3446211773163476 -13
2444114763713552 13
2635424345357167 13
5123371551334766 11
6714541751646712 13
6457356711421136 9
2426375114677265 8
6437423627457525 -13
3351577112666312 13
1753354173562517 -1
5531571121526476 3
7517131465225146 2
6575175271624116 3
6573441346555734 13
2431155523413751 -13
4134452224671235 12
4123421776632426 12
1257134537761453 13
3741342461477331 13
1645631577222132 13
6715776661773243 12
2265644247737341 13
3114747746515243 12
2771515624447136 13
1147235632537342 13
5747162721156164 13
1364773616224524 -2
2352466555642614 -11
4722511273257135 10
2272144547131466 13
1562473336776325 -2
2625153576771173 13
7566713743662561 -2
7377234632756241 13
4371156531657341 4
2724511312716742 13
1455442663471757 -2
6537452141177156 12
4561722317326265 13
1123651444775673 -4
2513463377443551 4
3511446677517736 13
1522661643775353 2
2633571321116252 13
2576514773372236 13
6344511463426721 13
2112345565775147 0
4531321354716615 4
5173744166652312 10
5143413771571726 13
1163437746472735 13
2147632541616273 13
1656344134355166 13
6342753477245244 10
3234142557676143 13
1147236311454412 12
7623513743621465 -10
5161146625374374 -4
1517343453654627 13
2423646475614311 13
4521155614137237 13
1346745633432516 -13
2421515123666273 1
4123532114416366 13
2674375167364576 9
2571266774744142 2
1556727223453463 -12
5265162446154461 -4
7562412544266611 2
2633742167145122 2
7344164572677144 12
3155263432432372 12
1222324554674346 13
7214613527266244 11
5351424562565415 13
3623663563122765 13
2235556347667472 13
2246247767711543 10
4723724746741235 12
4637635552331667 13
4557341772461741 8
1111273734527435 13
4525667751227151 -13
6661415162466333 13
1327326626726425 2
3374615317722752 -3
2362362741736251 6
6252541332332316 13
7543757217563172 7
3646514433755231 0
3152766543127346 -10
3476556312525137 11
6751524115632473 3
7523434514422771 0
2224642667761347 3
6661152523473321 13
3455643416627322 -13
5323574662217125 13
3673411746252457 -2
2374163477147653 -11
4341421513652476 1
5114167634331357 13
6766712751246476 0
7631755276552564 13
5465123535274254 13
2352117656645434 13
7331223271126447 -2
1737742111633475 -13
3377757232751463 13
1524326317423764 -2
6661753131574642 13
4456753235724736 13
7247374652741561 -2
7121362663227474 13
6613732622416436 13
1721435662136315 -13
5621772673241341 13
2274633667621423 -3
4566364357657455 -13
5324627544252763 13
7115445637527471 12
3616126671422435 13
4347761275274672 13
5655116544366334 13
3473765417531124 -6
6414223423135663 -13
6115237353362125 13
4632551572413733 11
6776651252252167 -3
5477653271455674 0
1335253166274473 11
5767513253742214 13
2434117433322755 -10
1511261175546537 10
1243155732126564 13
7333646523142135 -4
1572543427267567 1
2176543155235644 0
3247422263637546 13
5225774476443321 0
1455773227765124 3
7371314467646122 13
6761146674545225 -13
6225514116371517 13
1211664564712357 5
4414563155676633 13
1755755271322646 -2
2417562343746517 0
3243421567436762 13
6614144653263345 -13
1357754761266414 -12
5535617661276334 -2
5346213256617347 11
7541461266552567 -2
6237753214764667 -2
5641357212325674 -10
1452733242641414 13
7352263315575464 2
1732372546216627 13
6534763447132756 13
5445347126531572 -2
5211665373244763 -2
6556762115771275 -1
7436644375171272 0
2146536577624716 4
2763157736535112 4
4361342133431726 13
2645626741773535 10
4244166473632131 0
6514457651423174 12
5512141757372231 13
5766717647514313 6
1741726374452566 3
2513167376735167 -13
4342634117571217 13
1634157375422367 -4
5312413252166534 -3
7572153277424413 -12
3173164615574766 13
2567754263113464 13
7251625216141164 -13
4567412352751623 0
3151621125743472 0
6412422135536143 13
1214224451553411 13
3452517264472162 4
6717753121276252 13
1544711553322753 -3
1571326441765473 13
3217714767654413 13
7453137654756364 13
6311557466434237 12
7621322515625346 11
6573274563573441 13
6524642552344345 13
7315713144261267 13
3455727123321565 -12
6326724551162714 12
7243323561676243 13
5632475514565311 -2
1236344732775241 13
4522156242251373 -12
3423154211577745 0
4732452113347722 -2
4347576525121654 -12
2162147656617717 0
2442317566416576 12
2542367665347654 13
5537252113577674 -2
7437636551216547 13
1457461727625665 -13
4531257152745127 -13
5776132721615527 13
5572165223267314 -3
5621553772144712 13
5474532446611217 13
4413745146222631 13
3523142621437146 13
1365731116553342 -2
6527432755367131 13
2461354146652513 -8
3164524633242471 13
5622332271572441 11
1246563472121455 13
1611373734556332 10
1546436577514135 13
3174465135572331 0
3421417571553537 13
3666175563152437 -4
6345132647145624 -7
1755513411377254 3
1522246636324415 -4
6247662117364573 3
1247353321761415 13
7566736344167447 -13
3656523211164767 12
6334775643327542 0
1347736775625331 13
5452637523265217 3
2535625135713624 13
5316274432637531 0
5632323517562754 13
1121442366751564 -13
7743565164755163 13
1136545311412557 2
1523273646427567 13
3337614541176376 3
7154314656272354 13
7116647712612554 -10
7145642634367211 -3
2731632544546677 -8
2365521624176156 2
7217144457132645 13
1765127744712256 13
1532114775774113 8
2112354456416112 8
6345157337745215 -13
6154467325712316 -2
3712314675714532 13
7742171424325353 13
2677211665614512 0
3275776244165116 -8
3112514626512325 13
4522133663543177 9
7255517321561327 2
5721123161676325 13
6665413532451337 13
7636172451571551 3
6231416325774524 2
6574252534773651 13
2355566216673321 4
1335757623254461 -12
1267753165244416 -2
3271764432654251 2
3256212335466176 11
2175221353531176 -13
2142625777236425 -10
6647461152656713 2
2233677414167763 -10
5745614366636772 4
6167775123263252 -2
1222255611775437 3
1467231545741435 13
5612467427715721 2
5376644124131564 -6
4767435132713752 13
2317576117152344 -13
1257326447364313 -2
4126632215544443 0
5643375743135616 13
2153421457434673 9
5474217431513362 -13
3651152323127771 13
3474731217343247 -3
2122563165146426 0
2156256542725643 12
5636222764214263 13
3266553714237416 -5
1467272154724214 -5
2717626761225352 13
1553455713327666 13
6731365421233464 -12
1672412173526614 -2
3225731547251444 -3
6347673511523327 13
6431472772315557 11
1463225711567672 -2
2173277464672135 13
4673612276133271 13
6453344537716322 12
1466112327177565 3
3743564612531526 -13
5513623341254221 13
5424554133741221 -4
5274463414234631 -5
1264424657657627 2
1571435176547713 2
7744735533361225 -12
3571475314733765 13
7721752372315746 13
4276171756546624 13
5421463242413114 12
1422751126541636 -5
4745554212633473 13
6431323167527663 12
2214167351676755 0
1462173263325153 -13
2413342622363741 13
5315732456267252 -8
1311525451254674 13
3236314745472552 13
5453377211511766 13
6367241424435565 13
2315433164351423 13
7416532326746614 -13
2372313245136414 -3
3661512471172276 0
2336133247146435 3
4677152123664436 13
5334122375151731 13
1623427742163565 11
3766376411224712 0
1345356712764335 13
6553237223442531 13
7215371261751275 -13
2125347475356342 13
2571773125267653 13
4114317232521523 13
2564153566617614 -11
6541763147552372 -1
4164421725716533 11
5346747773554441 -3
6117266442126236 2
1632473123717252 -3
4347137261532674 -11
3257511342173331 13
6464371177754276 3
6772166347362217 13
5623717375213761 -2
6376741155316361 1
5312217537432176 13
2572356543564114 -4
1623457231243261 13
1346175171463665 9
3763716615232443 13
6464242533551276 -13
7442675642546612 9
1764312546476652 10
6652666237244134 12
6665271344356445 -13
2137453536221262 13
7133235117242411 13
5321513333177274 2
1246665461236757 4
7234645734771531 13
7723666512611634 2
2417121364762363 13
2235476165265113 11
2457136552431564 -3
3165225372521164 -13
4357263746163174 -1
6414545721331561 -13
4126623642441223 13
3622644122531371 9
6511434732623475 0
6715122774653164 13
2246357721723454 0
6721566334142314 -11
5443433165226346 13
4561514274744612 -2
3567155417437473 0
5271731776467413 -11
5536333767542526 6
2336774415424171 10
4714665447627251 13
2642115755714526 13
2734544651657613 0
7125123446131125 4
4357173455713146 9
1436414457163577 10
2754316164415252 13
7454464751321675 4
6653751132546243 1
7652447361362127 4
7451321413712756 -5
5214447736635777 -2
4534423762757263 -11
6542665534517446 -5
5725737151222434 4
6363454526163255 12
6434565533651116 -5
4266314515564752 13
7143143675675211 8
1321647651377561 -13
2713767277745361 1
7324512517441451 13
6217243243315772 3
1717614432324363 13
3771353552144375 13
2427524725561436 12
7235143571655374 13
7566134523367741 2
4713556736333642 10
6412734452431352 -13
6626123714343651 13
4661772647146515 12
1452455164271273 1
5425232751367332 3
4221676313633615 5
4177421642275661 13
4744136531722376 13
6175346647766657 13
1732135577667761 13
7573111552734342 13
3671243533167144 13
3373245777322551 0
1245377135464736 13
4172523536714736 13
7225655163417311 10
5665145722126431 -12
3452267752117453 13
5476612551136112 3
1437633564213122 10
5117344326372315 12
6135757774152234 -11
4462755154256713 13
7215221753436437 12
7242167675235443 13
5123747631226346 13
2237216746117427 13
4546537517362147 13
3542417136623125 13
5367332571472513 13
7525344377562113 2
4431465231262776 4
1145643333756236 -2
4233117712754631 12
3352165743247517 -4
4417326556256436 -12
2675313727672443 13
3321174723213564 13
7643524251147671 13
7245656346537456 13
2717735276413735 2
3422216553755744 0
2241221635573251 13
1543167346774662 13
4556751575714746 13
7246356634616155 2
3662216565331777 13
6465226251413456 13
5146322426766415 -13
1326225435476274 13
3776415616355714 13
4715242342651176 -1
1234541531657634 13
2636142316556173 -8
2314522665755711 2
2475621243317471 13
5154653432771572 -3
1543426312745441 -2
5667632542224113 11
4122755146662327 13
2735656634643241 13
1671642243722363 -13
5222475314647531 -12
5723527533171474 -2
1324442263711573 -13
1673334413231524 13
7255174343472527 13
5552373573463671 4
1651542237563247 13
3124734366137554 -11
5132711613756543 -4
7735251447346715 13
2153466477443215 11
4343716561721164 13
7315421735617443 -2
7574763363613516 13
5272611377136173 13
2143574776123553 0
3764554147261237 -12
4526372226656743 13
7774511122665343 10
1613324133265465 12
4671375312156573 -4
4517563362155243 13
1611743376536535 -5
4471347325246553 -13
3334351112452126 13
1266463145255122 13
3763577517625467 13
2362212515124336 10
6314271514265154 0
7325723531314116 13
4175724354336577 13
5354712755212457 13
3773174752467364 13
1124773425235265 11
2726345566551461 -2
4761351237417665 13
2746641253511262 -13
6547733634314763 13
3111242217574627 13
4542412637613716 13
4737617536432265 12
1447243763756415 -4
1641322577372371 13
3217616447237171 -13
4213176523621471 4
5715632736731462 -2
5244224175533357 13
3547512546722146 13
3447376227166455 13
6436543523451175 -13
6363253121257356 13
7265154536575236 -12
6421324262465347 13
3535317666534126 2
6656353452327241 13
6322474261331254 13
5741365533751146 13
6277136134513771 9
7641533775326221 11
6574713417367532 13
4231123431175345 13
5315332772777325 -4
3654355462123527 13
2232244651551777 13
5121647342615762 13
6746654153665231 13
2154756754377531 -2
1275441375267631 13
7664631756521212 13
7514437575511334 13
2657621423775731 13
3342552652541767 2
3464411231636276 6
1214315161545427 13
3425735777133662 -5
3776717134553361 13
4645752323425411 2
1541567651621333 12
1423416613622346 4
2126443711454716 4
7231467567412516 4
4457116725632141 2
6461427224251575 -13
5433264274773765 -13
5645122166213227 2
5126533212637573 9
5754125327276643 13
4321751327664517 11
7731154167151655 9
4546511316723356 13
2571224371521334 0
4673654721735127 10
7321535575466445 -11
2225176617656547 13
1126657724446457 11
1346561722255472 -2
5527461525135731 13
4352216713422575 13
4636347212345611 13
3374311371236552 10
4442652713536161 13
3252711127647277 -1
3217116346643745 12
4533775631761113 3
6573461463717452 13
3667556124175643 12
7572653334517233 13
7224657626145621 13
6441126755772124 11
7431645571143567 -13
4626116423713115 8
5631647433476152 12
3217725746721146 -5
3673734677712552 -10
7365412676455267 8
2346411561115422 13
5526616374753743 10
6764415754755112 0
5164356132321621 13
1142237314454116 13
7652744115364324 11
4276346257546655 13
6113411321263574 -2
2647464223375361 13
2511271377556452 12
1665215375234443 -4
4713363127115267 3
1356251542715151 -10
6453523442751773 13
6372661122143755 -2
1322661657771445 13
4154576217517764 13
5646661632444713 -2
4524456212771714 13
6167534416375573 -13
2357763562177735 3
3656377452573413 13
7221511657367377 10
1171571473153476 -9
6731253664742624 13
6613317354241562 -11
1355562644751421 -13
7466253372211625 -11
7251542737755466 3
4647334262167456 13
2616344227237471 -1
5433654374221751 0
4512674762415564 13
2247511516767651 13
2767325445433421 13
4672734417165543 -4
3236734156521546 -13
2311276136627124 3
3561217233645655 13
3772343163752771 1
6331421512456234 0
7127241455366511 -5
4164226474223741 13
1772356712531365 13
1732315764763227 13
1332251371367656 -13
1512575246113274 2
7551617617652263 2
7377514524332453 13
6426536426335422 -13
5771573425436621 -2
7527525445613124 12
2234255723246536 13
6274175511664437 -13
7232653371274771 -2
3572546371437634 13
4177671425621731 -4
5756274156724524 13
3654765411614266 3
7537514411677242 9
1267366135547316 9
7252511143163144 13
6325246114141247 13
6733571451271552 -13
4242426736227574 11
6527654477211744 3
7345326624552431 10
2456366672725742 -4
4425533734356162 13
2264232715651651 6
5732217153546421 13
4564435675624227 3
5213442355675511 -3
7376516746122745 13
3215643121454547 13
7576573273174111 12
3357317562111765 13
4752447312256624 -2
2254173716633664 -11
1711124464535757 13
4523153557242135 13
7217553254426335 13
1174417221647727 -1
7422312514375765 11
7641755321327753 11
3576267123522134 2
6641726137464413 13
3257714613672134 4
3417365666632524 -12
3666417742423117 13
6524333264475362 13
3174142211735731 -13
6361756126711214 10
5344632617127731 -11
1431125213236725 -2
1724544164136143 -13
7347141156272647 -13
3433564716175573 -2
4561632525514762 13
4721541616425115 13
4172722362457536 13
5756653754427141 13
2276215743435267 11
2325177652154524 -3
5746446275143736 -3
7525444743343726 13
1577325446557672 12
3677256174672476 4
4612765131265237 13
4371175241532436 3
4376234577344451 13
7713415625613276 1
1756112616243735 13
3661726512174253 3
6335154237722472 8
4612574137243414 13
6341713125532463 -12
4731177541362534 13
4616726377543126 10
7451573213113436 2
2462637247741752 -4
5346172546217245 13
4353611432573664 -11
4344365173371271 13
3526532162117673 -2
2277255745616371 13
3145664234662435 13
4563773726754332 -1
4716613274173215 13
7627426362226733 13
7377432114412621 13
7131755434245265 0
6363217671451161 3
1142414432535534 13
1152574337167146 13
7623565137123125 10
3461712163671137 13
5623374217265314 0
7415145174325656 13
7117373643767245 13
7423771475756154 -5
1574361652322344 -2
5764163626632426 13
3234533421626726 2
6614526211647351 -2
7553426117537346 9
3455272655764252 6
2372361156117466 0
3552641754621263 13
7733611315275432 4
7475711441342262 13
1276714345224467 13
2334473131746575 13
4124143125224455 -1
2552771626265353 13
2463311164224311 2
3571344245576245 13
4674227144733261 13
4135772532676162 13
2137566534473252 13
1156242521745353 13
4424311737664775 -2
2571761631455727 11
6143161557316553 6
5746764543123667 13
5427441175566762 12
3217363527561663 10
5324213551665232 11
2332465751116476 3
7146723121123315 0
7126347634514226 -2
5564714237461673 -2
3252221473164662 4
3312434675265321 -2
7534516161232277 13
2164134423322476 13
6525417426534474 11
5617237525462416 13
2765644131232412 0
6225123335426546 -2
5626412351344346 4
2575257454153173 13
3154743641665652 13
1436644577652771 11
2547241316156537 13
7355571545471636 10
4375734621771235 11
1522175761574573 10
3567531324636127 13
3352432677655643 13
5725257245211326 -10
2466711647557632 -13
5126732677132436 13
5432214347526271 13
4524116726271664 13
5324137434112771 13
5167735633277342 13
7447563464215467 13
5264346217734217 -13
3461213213277146 -1
1522156352126157 -12
2143311567676221 13
1125366716552721 13
5146261776272743 13
3527326135566675 13
6355317163631732 13
4511531332543617 4
6527166442377715 12
6115452615173434 13
7244167622534715 -2
5336734642674714 12
1146545331446217 10
2311625313331567 -3
5261214655414413 13
7512574727243133 -13
5527274113213734 13
6432676142173712 13
6237624516634121 12
6535336514116311 13
6411426237376477 13
3142276145755624 7
4663312577735627 13
3754657362274745 3
3155317462277471 -13
7521564761337217 0
4266472512127535 13
2261446367525643 -13
4766571265162743 13
1247572576662521 13
4444566372272151 11
2534771151476315 0
7754612246543636 -12
6564773334225116 11
6622562452716712 2
3167173256155324 13
6453476662575414 13
5615462173324632 13
3241265761443275 -12
4575252644612733 13
7754115717332275 -8
3216154161526237 13
2753516675134136 -2
5654571371677464 13
5632416427246574 -4
1765743315463554 -12
4556213773164325 -2
2542654175735463 0
2274476423734246 1
7634564724276161 12
1216433731546125 11
3236123322545761 13
5664765237417215 13
7317147464237212 13
5553371513266327 -2
6446625312324577 5
1337263771677525 4
3726455152371224 12
3455311725615334 13
5343364665347754 1
4217747562235411 3
2631277245176751 13
4317725146611555 5
3476245271471555 1
4515746241137366 -12
5276376561155371 -2
2656353531742455 13
6474323567422171 12
3274324275637151 13
4475475125246173 10
4614671317727727 13
7171254224163245 -13
2622123673352116 13
5367537146742161 13
2472316477164752 -4
6567153252325465 13
6237331354653132 -2
1127746457315133 -5
3274464176276477 10
3642515731423271 13
1256357276425514 -13
3137452437557611 13
3412254413513672 13
6671241723167453 -12
5732622752776444 13
1444263467367352 13
1454172623413422 11
4771346372741551 13
3714562235764176 -13
2577136557433644 3
7442144733661215 13
6137453444463727 13
2233572734554651 13
4531523172743367 4
2375437745747212 -2
7534315512535666 13
1457253323622757 -10
3423272664573262 7
3774571162635215 13
5616521314772257 13
2541334673362214 -2
7437413626523727 13
3112546716363247 13
2644137651572737 -2
2575626714237336 -13
1177344546756212 12
7647344633521637 -13
5616353372644517 13
1367157312356342 13
4614525663763422 -1
7236625117346251 13
1677533236255111 -3
7611644653333212 13
4462676531217636 5
7645426713146531 13
6516472772437635 10
6367415517354645 13
1356277232241471 3
1247322446362675 6
2645612123171772 13
5636522124613472 11
1621176443552115 2
7656432424612412 -12
3354225621714665 5
2373357715112665 -13
4156615366327772 13
4327632721455742 13
3117636445147125 -1
7433274665712751 10
4324353644671661 4
2123347411636627 13
5354676725215743 -11
6527637761442437 13
7543254247661113 13
3537435451132566 -4
4776715716523345 -11
5467247377751142 2
1437552714733615 13
4651736267752214 12
7453366263572412 11
4156122311753553 13
4623744117271557 3
3247626574673771 13
1454477672326555 13
2257164553362114 13
7242511111234673 10
2536617551313717 13
2213761571431254 -2
7377652741536765 13
7536413141742656 13
5162251552377461 8
6453723227177334 6
3756262234446363 13
4422726335137154 -13
4613523224157441 13
2371671334633127 2
2136477462643415 -13
1161557335642426 -12
6765271431342373 7
1522126374546715 13
3571455243163673 12
3621322434455521 13
2432412567152777 0
6457774226614267 9
5265766554725142 -13
1575223536377726 13
7725414231656655 13
5765641623777473 -12
6557253221376517 8
2624267735515261 12
1612562774532541 13
6566655534237273 13
6413156622337174 -2
1543577713126574 13
6343144557572126 12
5436741176666717 -4
2631447663753417 -1
2624711515523561 10
6361413315156432 13
6542617165472551 13
6612741374472634 -11
4263312776634114 2
1277252564414221 0
4571676532365167 13
2723615736645231 13
3233515771256223 13
7246664241575764 12
1412213555742232 -2
7347456222552267 13
3466375222576174 12
2347516671134554 0
7456744472661115 13
7614261211372466 -4
7624745417655533 13
4612713517277355 2
5315575267733421 11
1374372166461475 -2
3134246643172517 -3
3625424566717373 13
2376754613441324 -8
3557275474316452 13
2346741654571153 13
3734661317411624 13
6112223446541743 11
4262747571262757 -3
7362543523651435 -12
6167243535422533 0
6122661754253737 -6
4145153323624762 13
2636136316113324 0
1531635276524172 -13
4713546562722646 -13
6213577147413521 -2
1253311764727573 13
5261366425752171 -11
5551424267435536 13
2413356234377527 13
4375475253673636 13
5163252121553576 13
3345736222376644 -5
5643211132457752 12
4146751743257554 13
2411652136172756 13
6133635445776453 13
1126571133516226 13
5753271676543314 13
4641125263761767 11
5246752354174324 13
4224453663661764 4
7344511726552365 -4
6567544437721226 13
1566732541426243 13
1474724636336272 13
7371347557345523 3
3574457227351733 13
1362745461561571 -12
1374475677653261 12
1114677522236337 12
3515341166631654 -5
6342345167247245 7
4122137333162671 11
4211636323755632 12
3532743144611265 13
7451732471635624 13
3647327351242336 0
3663147257512411 -1
7456347647166542 -13
6611537475321566 -2
6411676553477647 13
5745777524161722 13
3414613375142157 -11
4352312657361217 13
2342166411767253 -12
2444531677626352 12
6552243467263132 13
7614563556743222 -4
7717256562116742 13
6514246526116332 -3
4736373617415226 13
6425236615132253 -13
4543167364221555 13
3741647723216511 9
2647755163766721 13
5374366526121776 -11
3775635254666447 11
5676147243354127 12
6341312467527651 -6
4273673123356762 13
3311633251665715 13
1425376335422117 13
7753121375443664 -13
3215431734715463 -2
1653643424472247 13
1471464256767135 13
5361663321577747 13
3625731115242713 13
7755125337343573 10
4111612276254766 0
6331512675172714 -12
6461321656343352 10
6245145713163635 13
6742316642774333 13
6132427535141243 -13
1664572343112757 -11
7376164432763742 1
5445626732732236 12
5764223126351156 11
4755136527722563 -13
7143757664273222 4
6722166525315672 13
2363165557531462 -13
7133673721527557 13
3437512275355514 13
7637654124415542 10
4427651246771265 13
7513641724116664 -11
7366612434547222 -1
4456414172256747 13
3116463552743715 13
1264726655342564 -13
2532535112211677 4
7644633234753223 8
2767126154725636 -2
3544437451612651 -13
2767152656744735 13
5356353341513156 9
6127252437547753 13
1457764725466254 11
1356151347525756 13
6412163322774741 -1
7751165232255722 4
7173243627126733 13
2726753371443523 13
6543525123576116 13
6113547624625476 -13
5216351566537342 -13
3134736677413472 0
7237746324656473 13
2235324566717326 -3
3114336551776312 13
7711175375243573 2
7136775326215314 0
6277321446474223 13
7611267563174216 4
1366274377117563 13
2174527372616367 13
4621356664551712 0
7215415246524563 13
2423315756251777 13
6753132716346151 4
6631765162341513 -4
5562276464233213 13
1627521713356274 13
5547446331616215 13
7125526317327364 13
2433214417134564 0
5742754566115423 3
4367311737624434 13
3745437172366361 13
2674775123673637 -13
2344653771363715 13
1645775732461342 13
6321153614665755 11
6621154347776512 10
4614422716535163 12
3436636211345575 -2
7113655725312335 12
1244571563652436 -13
7627436615256317 2
2747156361541171 12
3631714155736562 -1
6243251147366671 13
3355556316651357 13
3764441633526371 11
1474234165725475 13
7125332372565345 -4
1317325724365367 13
7523564374416235 -1
6267256733141576 2
4253456756153761 12
4441465177354733 13
2721625546711751 13
3722621277643644 -3
6327327272654126 -1
1377171167776535 3
2531477714373752 13
6234743421375712 13
