3631377222572162647442114 -6
5456265713752437774345317 -2
5626615127346462461131132 0
2474676726617116137356574 -7
1462717525424132642516621 9
4776672642716541717214311 -8
4147554713176523227437547 9
6553475414475516112432473 9
5254776435617664515246546 9
7712366473346126225672372 -3
6633655122223536757156211 8
6345647335714437745371266 9
6467154722431233322724657 0
6141234524753327556475766 9
6234321161717614254424377 -2
4277447642513532771425141 9
7212356377571346565122326 9
1221471275134331625672715 9
5177772421312576525211245 9
1532375635472422135417645 9
1226721653537632752766174 -2
7136431251467154327321564 9
3113612717257736762376446 9
6235173312762115244631223 8
2266717444672357451222176 9
5317573663776266237571322 0
7212736572113736264611746 2
5616324426746337171774213 9
6133112643755515764657377 9
6647555366317367744531376 3
2422612674557644627615264 9
5212273356547273147646471 9
1637554475622551171617534 -7
4166374221621377251667742 5
5477536614416725632437637 9
6674725325534615624211147 9
5413147633715751142276442 2
1452265371532141221617726 -8
2364447776342714626331456 9
1175573775142157153544144 2
5567146151263742733545745 9
2111754271651273455441266 -8
4727122323165627456216735 9
3125467163676376421141651 9
4526677262276777535313162 9
5667611235156537232147551 9
5776666126375112116327727 -8
1132655162641714265244617 9
2356274125466342536525672 9
2251141424427236524165415 5
3765147446173332631271637 -1
7264117755637735566233316 -3
7577442556145217752413576 9
1377762225161161362367312 9
2167241745121633236436537 9
7116142746536244264425757 -2
2462575531772564154776574 0
6446325357256712763345715 9
1317527336172544752563325 9
5451257367131652417566734 9
6473271241257711743471234 5
4766742761246147765117514 -7
1757241674114545554367672 9
6433622642652767564771171 9
2773341261767224443437265 -8
1366146551455464167346255 9
7361152126627314564637124 -8
3236471744555643356132166 -3
4772411473264576231763712 9
2614725642657633655547531 9
3535662113143774775515212 9
1262441661237672471475442 -8
4757756322643725413556117 9
2517627576533255123773457 9
6337555162376612774254227 -7
1552322527535356126127734 9
4736466244724725431323122 9
1271264444525732427315456 9
1376325165224532542576453 9
3564114416366722743214722 9
5615377232746471232366353 9
1411473213562573264352123 -6
1554247134215247732227441 9
3771422513171254412512447 -5
7116366655232221511767277 9
7343653466631475164563234 9
1467245646415142366256277 9
2334625427674342713214466 2
4614155227447126366613671 9
2464335651377663527732164 2
7412615316754545235523761 9
6533277611225654143713163 9
7173251462664436772344314 9
1467542677163233134731551 9
6732745443231311665564577 9
3712277226546661557512247 1
5751445634773226634774153 3
3416347362714714152343362 9
5513143211116753645722222 8
7642261245556455423651771 -8
7267515664212257357757636 -8
6537731136171722647663511 9
7524714134613653126531617 9
7512663116472417622362577 8
2122341157132511657742666 9
7514767637613743143263462 -8
2766775361325135224344525 9
5422446211155416326722443 -6
7445535734236227377456126 9
1655772514164127325472275 9
6452332143277666214331773 9
4163573512536754137226223 9
4614671342132367374177667 -6
7645536427441734161627625 9
2557234367767242444726235 9
6452113634644771731536472 9
2467371265763734135746725 8
7211673443232174474265641 0
6326377647571131175543356 9
6127645734444174275625376 -8
2353233473437741257512462 0
1415663454427224572631676 9
2531412453725756453566126 1
4215547124674572262641312 9
5226722254344534176774324 8
2743431712125655267761426 9
7641523531472525526236276 9
2434771262313243264151274 9
1273255242647341555676672 9
1166167752245351752537216 -8
1323321467544262534661131 9
6571113743122447447734233 -5
5715652573473271432756167 9
7421354256715714512576127 0
2243716345164427675137251 9
6153336454672733345112122 9
1662345541153472456472247 9
5514555135132173732167416 9
6753133311244642757622162 9
4124314142177446166727721 9
4511121141547473543367727 9
5243123666222314275476166 9
7264342522677177524752531 9
3135617436111777631267254 -4
7652617227324423117114617 9
6374253437355541736711715 9
4663176751161362534724462 9
7476577532161362526657762 9
3176665227322446417142144 -8
4766126131216535755665452 9
1145612312727341774433267 9
6754165132252664551312377 -8
2445756543323677767444233 9
1577534441271611175233324 9
5776451144632352217511274 -8
6645537652737625531241175 9
5364254314235735354612366 9
3276217663715452422773342 9
7127143661765221623663733 8
5332537425766417124522127 3
3415646135734725137444767 9
5775642372345555366674123 9
2757742212676745332164764 8
3376145463672121723675376 9
7653223113755147413665245 9
2272767362554517533545131 9
2676671313172334346437712 9
5512664563134731557315617 2
6416515355722114226675751 -8
4732651726351125735752577 9
6777331715547366226155545 8
1251253674555612263173225 9
1632322473426326721567771 -8
6173636222151246124577546 9
4131442763474715763214331 -6
1225277111734511435752645 -2
1164642647332264775273157 9
7672477361425533266722754 9
2361637374224122573234655 9
6125573526411216317126347 9
6542161456537126571362154 0
1111241772227557637631365 -2
6225265546467352157767634 -4
2346517277566457762513736 9
4275214144657765113727661 9
7332731155712441522525576 9
5773436235541463772456126 9
7651522722656137527536317 9
2662142454474357117115543 8
5576535713237612336345172 9
5454137323366512722662514 9
5161763335373515721667517 9
4522727627667516636335411 9
6556231315344513516674134 9
2647524225512125633713671 9
3247167442466735465736741 -8
4335565457357132445717137 3
4447667713313216255217522 -8
4675631567421411563174175 2
6211543557663163121365744 7
4254562325234445421276566 8
6664213775672332145731762 9
6125112727713716673336735 3
1342753677664715423162212 -8
7536225434311354271644762 9
7566347425371226422451627 9
6176321625541754745117336 9
4344472616417472177516532 9
6131257324575375223125637 9
6715574175627745444146121 2
1637764314734137151271232 9
4751536251471551672656767 9
2353153142176145751616646 9
5466717725627776412515531 -2
4773546576512154126126574 9
2251436254172351127215375 -2
6442212761256535415225164 -6
3736621176171432225773145 -8
7777643314453173551742165 9
3337767724276472515621553 3
3475276242557225415416235 9
6116712277245162326656173 -2
7325641673452434643355165 9
7466756123553362411342663 9
1251364233112641267341355 9
7735734735466544631672566 0
2456311442334441166272117 9
1167776236463556115475332 9
1312152123465713175732263 9
3514133273674576744613374 -8
1571612415366216773467132 9
2164435166721355161663474 9
6765563574126236272455362 9
7232441463334767663627253 9
6163635715534642453221373 9
1521715524344224413233264 9
7272277125332216461744115 8
1554235321337751123414772 9
2566452657725176713422116 9
1563441547653452152661731 5
7144213612643437774661456 -2
1212714366741235172751562 6
7215553116777171252454634 -1
2111667452355156726756144 9
3642332454374421536537654 3
5771671254463335636237344 9
3576547772667211766431564 -8
1212551657527523412561772 3
3577176541157156674543353 -8
1654417457315436777565411 9
2314564216231754674734327 0
6455551777716641572656271 9
6556264121633576545231221 -8
7355663512245371414255363 -1
7522437674322751462674121 9
2151356225163616157174334 9
7412343443653164643526376 8
7622415263255527452766337 8
3665216611224723136651157 6
7353417731353615672713742 8
3716654132737644412764371 9
7252123616615537264223141 9
6657212267313673332276672 -7
2136122513716572635517531 9
1462143121342662234474621 9
6345332744774465367655134 9
7435347713711666551226125 9
1764235544114617631237417 -6
5316332144571272451326772 9
3746151662264477614261544 -8
2635161553526166122227517 9
7725425157677642552511246 3
3661645522241131256215413 9
6321136325522424152735535 9
3312252232546423361563745 9
2561761237623621736155225 3
4244571336517635475311611 -8
4627556423656624777143727 9
3213461513635637225431114 9
4547126172115216247264377 9
5662662715531551324623733 8
5336271123677561611436645 8
1451322426557136672276661 2
7722124542756771657321512 9
2362476312121331145323714 9
5477135171272243123471355 0
2121467333145131774637422 -4
3561174357221733612426361 9
2766661512667435421223324 9
1344437455111233777736352 9
1544126352752747347437655 9
1556254567622513542777426 -2
4576745314536121167524566 9
4755765155721422134125174 -4
3776541152651227513476271 9
1527431235416663147677414 9
5346164141253276646627277 -8
5143355655775366372361732 -6
7265244775553351177365734 9
7652413343542546173467362 9
4252535414364332254224535 1
4652262567137226317453372 -3
6521347726531435547557772 9
5346712767247664713555345 9
4316324344117616677656455 -8
2357436315573253626711777 9
6236331565273572412266112 9
2437616132144755415423622 9
2651241442665134721523412 9
1133676713423511267317243 9
7156766516774135647254456 9
1454467577626176177431364 9
3446155234127526216117522 -7
7327574672651457512165251 9
7452573327154165725675712 9
5553562556377736774731664 -8
5231167117753356363151426 9
2766273563556413522112457 9
6362313211712716325727236 9
4467472724727441626352363 9
7562433173352752767637622 9
7265725223776215625677433 9
1453726423233744163432747 9
5667716315173437572455235 9
5665613413137574627131272 9
6126172774526214725176173 9
7513231146473577123643131 -7
4637775445751337311566331 9
3544244257663432665755637 9
1162542276374562372216613 -7
4441633365271621617351434 9
4635373172611122767742647 -8
3641433325176141643613451 2
6446117234173452155742222 7
2531457145736657331537327 3
4641153214714676456173154 9
2214754754236721344753241 9
3232561364647651744536611 9
1531721426157777652222713 9
7113452376462716757147246 -8
2613712715424647525772141 9
7452172233776462472452651 9
1671133341253641447154465 9
6323767324755617376361735 -2
1735465352447636557751723 9
6165175756154236527241227 7
1766146365444517714737167 9
3765772657127426417144145 8
5317476513566116321223127 9
3561565251132367466275531 9
5231663454421517411512663 9
6471232751561463574115551 9
4216721327254541317425576 -4
5161344221737436154746613 9
7511335346624761372366364 -8
6634445727227213664547747 7
3453771131463662345274766 2
1176553176622213725562615 9
6467423174263421574174123 -8
4732245671772634176736614 -8
3324447653364533575217516 -8
1323472334435227544172475 -8
1376414112767726173742533 9
4373477575166212566312477 9
7275762157363714642173355 9
3527416335216113547672667 1
6212241636122633442754316 6
3375626312472166174177762 2
1672441474777175162661212 9
3657231757522432255676427 9
6556236121317517561352175 3
4515374352621544616426572 -8
4575461523625626652542127 -8
6333265147676645637531551 -2
1316644424776714411273563 9
5324742115621131374744473 9
1664416367213333775247244 -8
6563353625326312617441311 9
6347713145762266637326453 9
2576326351212316233315561 -8
5316416133431627413466172 -8
1471345715513633135355176 9
1571433175275324134645757 -8
2464747641431637217363354 9
1413723116561244361753666 6
1643433625724575236262367 9
6374271667417775644654423 6
1736226726576411537714237 8
3544317276553756445675176 -8
6416613453312311175375567 9
3573652432477546335761563 9
7324136772325546711667566 9
1626421213215715326373572 5
5347562172746715653133447 9
5423742167161662625344123 9
4356316426151751726674171 8
6135132751666466153737727 -2
7573331627512612135572756 9
