6645472531675 -13
2174173436174 4
2676654455447 3
5466357522431 10
5464115551463 10
3347455521216 2
1362415527352 2
5327744673131 15
7751231646415 -2
7123151726754 1
6115261536715 4
4556147221465 -3
3733464763677 -11
6755162617543 15
4576226542316 11
3374723425574 -9
2755643717231 15
5777654335273 0
1542764244636 -3
5465256171372 5
5422761651325 8
6567134524262 4
3772351672361 15
4245253616631 10
2561541277452 0
1266146741161 -3
2261527562644 15
6425374157414 -13
4513662221574 0
1766327114552 11
3763452562377 15
4215752343451 15
6627153334524 0
2552541173646 15
5274532725641 10
5623113144176 3
5253676364757 15
7125621357165 -2
4153254133316 15
2544132734137 14
1426531676354 15
4312264751542 -13
5761576577154 2
1552446363572 -9
4336771435113 -4
1456732176516 1
5523271374451 5
4562727353566 -4
7746112577654 -8
3522576473732 7
6641257661211 2
6276113313432 15
5312516224656 -11
4415777643245 2
7144776477256 6
4527152717246 15
4175613732655 -4
2541735473251 13
2735465675246 2
2741343225722 15
6321344676431 3
3626741645555 15
3342214114715 4
3773647535617 -2
1355416566462 1
7761734335756 5
2756233142653 -11
3434172223246 15
4643542375662 14
7421571361143 11
7472443136114 -4
4166457212126 15
6542352752423 -4
5176526477245 15
1176753224743 -2
1337611345162 1
3713565114764 12
5634472757423 15
2731233511421 2
5611134254453 2
1464771523574 -5
4475615231665 11
6344172522126 5
2162741626432 1
2145363277466 2
3115562647533 -3
3214671765241 -1
3631533637761 15
3364512561212 15
1627736461131 15
6714351743213 -2
2442541617354 6
5143552737612 -11
2756441712174 15
6723571253261 -2
4411762113752 0
4375534475221 14
4173673246151 -13
4515531165666 3
7655274222232 14
2364756136751 12
6361154714237 11
6314371242376 15
7111457533612 14
4524417516522 7
3116357473326 4
1656454154361 15
1336527524434 -5
3175156216221 3
1453257162571 14
3565437477614 4
6314617352524 -11
7326333463265 2
1724565742741 4
5217361257561 -14
1644711642331 15
7622272364513 -10
2447537615142 0
4567157332445 2
6162223275145 -2
3761154754167 2
5745737614563 2
1763156617224 0
6537334646411 -5
4355236723217 15
4562657653474 -3
2342263164337 4
6376752252662 4
1416763223173 -11
4657531247466 -13
1363141152715 4
1432724713562 -2
6614175321344 2
2366622377576 -3
2431712136433 15
3342463653154 -13
6537775217354 4
7543627771416 -5
1267135542671 2
4336533456725 0
3223537662536 15
2566235214763 2
2464135135766 15
4573725456746 -14
3542137465666 15
3612515113453 4
3774322716571 -11
5272463517243 15
4246273624712 -12
6637641153662 14
5757262366533 -8
1421153337674 0
7371624244657 -14
1553263241644 -5
4613577476415 -1
4663734515724 -3
6151353262531 -3
3441174163377 0
7345552617542 2
5314242523373 -13
7565272245313 15
4721736416565 14
3224741354721 15
2367132331734 4
2632571511571 3
2373526211242 15
1346675246323 -12
7747515546272 15
3332771371547 4
3215351733422 -3
4617152277215 -10
1642673561756 -10
5156163763467 -5
3253164741753 3
5457763613544 -13
7243312657142 4
3161671766244 0
2141217632342 15
3253251234166 4
6545417557411 -4
1212445744271 -11
1277623523475 4
6556112724163 2
5561662171332 15
5723771253656 3
2133744562475 0
1225476114233 -13
3175645622523 1
5764325573217 3
5426771734511 5
3212572371151 4
1176123463612 15
1663215723452 -2
2523564617744 -4
5136653132156 -2
2517415524462 -14
2537716632247 0
3327541115375 3
5312514357336 -2
5522452764114 12
1352443566533 0
5312417641727 -11
4517664351273 -11
4362551763735 15
4276467525254 15
1662415212547 15
3463674753412 4
2772534442467 -3
3355241253661 15
7514523717761 -3
2135732132115 15
6223741634623 15
2257135747143 15
1116345431456 -3
7111634465122 2
4714174367164 15
5274376744613 -3
6753165625772 13
6524277326422 -3
4315256327516 -1
6271155747644 -3
4624517335565 15
2122576234511 4
4561517623473 -11
6771342352722 14
1256445436112 12
5773614437154 0
3355331242251 15
2341657526654 15
4466566723125 10
3137246245211 -1
5311442736775 -2
6277253663437 5
1556714756751 1
6653742221551 0
2752522631676 -13
3114516152377 -4
1423155145424 15
6155673175257 15
3227413561677 -5
2355171376747 6
3274126632511 15
6513363143267 4
6637146744174 15
5672736221733 15
1754754677216 15
3637166113723 0
5427513174761 5
5741461573161 -11
6734473741345 15
5316537614715 0
2213557446257 2
1647145277362 12
5422156727545 15
3474177673261 10
3367441233364 -1
7461353166462 -3
6423214525477 -12
4467621516456 3
6153324364544 -4
4635347262114 -3
5233264136556 11
2274272436241 15
1475217422226 9
1265332314743 13
4766216347356 -10
6171342231724 15
3553232475421 15
5522617361176 -14
6524715273324 -7
6255771554424 -2
6555577736444 15
5637512275143 2
7542713245451 15
1527254563563 -12
1736421511372 -12
6743744121252 -4
6265345277163 0
4143654134723 -4
5654641744761 2
3753543521627 4
4714356712765 2
6436452323562 0
6632117751322 -1
4745231733126 1
2431712716565 -3
7654243674213 15
6755632635145 12
6351722613665 15
4277153672343 0
3474252363716 12
5317167743644 3
3313727244137 15
5653633224541 -13
3232613746756 -5
7624512166767 -3
2642156417672 -3
1721744447736 -4
3124657771427 -1
4675533776564 15
4243176712353 -5
1472351542332 5
3645312347537 -14
5372511367637 15
2524331354167 13
3147156246515 -4
1476764252316 -2
1621464624715 15
6565265764411 -10
6665741177224 -1
6321563753641 1
1346216251512 15
4521713724455 -4
5636225711157 9
5632346121122 -3
5752344617627 -12
4326415727744 1
7373154777563 -4
6231361545746 15
2457351327174 15
4473353352626 3
6251641555222 15
7144646533232 12
4635567462544 3
7234264371361 2
6715515152247 15
5164515276211 15
6647622547374 15
6722161514654 -2
6362132135474 -11
1432567772253 13
1512453621445 13
7315614542674 -3
5631647121247 15
1174613776243 11
2114326346466 -4
5526772315346 4
4672616765222 -6
1272534774324 15
5531517236627 -2
1454715365313 4
3253612371655 -3
5666431127511 0
3374462575241 13
2213451566337 12
4356267114235 4
2371746625122 2
7217453326731 4
6133451446761 15
3571565656154 15
5412774646733 -8
5664174363111 0
5173362336677 3
4656355564724 15
1357112725561 2
7136256517647 2
4414277657651 5
7412431713363 15
7651553427576 0
6616653215134 15
1244346136252 10
7566232475716 -2
5314164775432 2
4235727256651 15
7561426111435 -14
3662713265167 -2
6554417775536 15
5472366416551 13
4261564422516 -14
7635435353157 15
3134574152317 15
6622327724167 5
6756275671543 4
3562314416731 11
5673436157321 -2
5526756317763 12
2435156745331 15
1324714752577 0
3674732251714 -11
4316124746336 -14
1464426156177 4
2345175231473 0
1566413532766 12
4313326126455 -12
4265473541236 -3
1674412234731 4
6211474661235 -3
5537561726335 -3
1547131532366 -12
3354317461674 3
1517216772444 -2
3246767136543 15
2645744766612 -3
4223214537647 -14
1333432242657 11
7312531225273 3
2741614351225 15
3724443114326 4
1274463215361 -6
1767322555754 4
6745641767431 15
2225367534641 13
4662744356764 -4
6216265277651 5
7523411364526 12
2437134125125 15
7614547776625 4
4326373476665 0
4553423535771 -12
6113674675734 -2
3457447372754 2
3465613742477 -13
1236233377474 -4
6257427243135 15
2475652145326 15
3564422351412 -11
6177344567135 1
6443647346716 15
3535611744423 -4
7552366173147 -14
6325561375443 7
7573165626414 15
3444541236626 -13
5433117432556 15
2271457366157 1
6125225374123 -2
7433543152464 -6
1471354553631 2
1756663133155 -2
5223666157435 -8
4167533137513 15
6167271475424 -3
4725154647511 -14
3331741577646 5
1316245752456 -14
3125346552751 2
5716351264341 -3
4357167477736 9
1175276145515 15
7153223172433 6
5134527645317 -14
2126647336776 15
2325734644273 -3
3377155311652 0
1146767131324 15
2513173214674 -9
5257574346463 -14
6114736346734 15
6174442336356 -3
3265442277321 15
6324153553517 -2
5347475352316 -13
7637371324542 13
5116577345211 4
2145371344736 10
4264423561367 2
1216245321643 -2
2163425634532 0
7647411225543 2
2732511367644 3
2176734723745 4
5415676377174 15
5643642236136 5
7612356372324 15
6133273574615 -2
7137753124274 -11
2665411742357 8
5274541164112 15
6463217223211 15
2222464746611 5
2345573712721 12
6247474471213 -11
5427456752364 -2
7421347723531 13
3612174764571 15
3451422642733 -2
1323766116164 4
1545544333372 2
5227765347137 -4
3135257571625 -2
2443721454362 4
2473637716646 11
7346715422716 15
2175537611431 3
3123142455557 8
7135723477655 -2
6234754537334 -4
7561332774163 2
3517331243425 13
5753661737112 15
4523627762624 15
5444777262137 4
5241421326711 -10
5246476725122 -4
1223317227763 3
7641637223667 -10
4654361651773 15
5247151534545 11
4476166717341 -14
4622357241154 0
2751622774125 2
6713412375661 4
2743137131751 0
4211577337637 2
5425154677573 6
1737227624274 15
1257343476552 4
1252417354467 15
1147323514631 -2
5722213364277 14
3147126361326 -14
1245747655233 4
1431464176533 6
2115372376136 15
1123321765432 -1
5146277174432 -3
3613422514143 -14
1512647654253 12
2654771277231 2
7534511165343 1
7762257133265 -2
3657146213357 11
3515417412713 9
2163173566637 3
6635424675121 6
6745776432214 -2
1336772346364 15
7621725142433 13
5421277435774 10
2424124136557 14
5736311251547 -13
1422164376571 -2
7635726753326 -11
4741676372245 2
2111727736746 4
1317653542771 -3
5473254167165 0
4523165363564 15
6573557421653 3
1333562241425 -1
7252164341715 -11
4723532256354 0
1652335747317 0
4643161733351 -9
5663724712115 2
4151626647264 -14
4247362171611 -10
5466625227721 2
2761171521654 1
7662347613144 5
6141536125356 15
1772446576645 3
2143721736166 1
5311371541252 4
1411114457335 4
1275742142147 15
3132762613627 1
5657551622657 -2
3265712537714 2
3241762543313 2
5266673675772 -4
2345143561765 15
7721242155546 15
5431276111543 1
7477723261323 15
6632242454311 15
3461526471165 12
1531723426362 -12
6321747341576 -3
4234333745165 0
2651167473547 -2
5522567113744 2
6172745111472 15
4312766755262 -2
1311713653735 2
2321661577167 3
2475176531545 15
2276412143753 -4
7234536221126 3
1563353425142 15
6117755445364 15
2731516626135 -10
6714543671643 15
7727754732714 0
5513642372662 15
5157511414433 15
1523571354324 15
4174211245754 4
2535467324473 15
6653165444147 6
3455125652616 -7
6461272174317 15
4142453633726 15
5267527245117 15
3234443312745 10
2553331754714 15
6277614634351 4
7224571557261 13
1776235134341 0
3213626554665 13
4654424726752 4
4153677367643 -12
5155321663474 -6
7221447341473 -8
2325342766565 -14
6432433131724 -11
4577221334676 6
2763734614376 3
4451567537534 -1
1412335375443 11
4646364257335 15
1667316622555 -2
2361716474157 -3
7433461671645 5
6434524131523 -13
1577513411765 -3
2573246517626 -9
7476122542363 -14
3746322472174 2
3375431612271 2
3361377434652 14
3275573416754 -14
5415634224774 -4
6564517123753 -3
2167336457767 8
7165434172657 -12
7714111342144 15
3367733534326 3
3134523246174 -13
7123772334613 -2
6326727573166 7
2572514364516 15
4367667132166 3
1376162771462 15
2564561253117 -1
7242366375466 -14
3451142271774 11
2676125363132 15
5762731655627 8
3635421246336 2
7213362576465 15
1777455511667 12
7122432435571 2
1742353551173 -3
4124531662772 11
3357577235577 -2
1736663553524 2
1376536231534 2
2362256375426 15
1612473456571 -1
5747545643361 -13
4623113714537 2
3275671527644 14
6544246573132 13
6672414542577 -13
2412661464271 15
6311642672243 2
5671646347751 15
7331462415144 -2
4655173262742 15
7537426632744 15
7422361176462 15
5623437467261 4
1513174523613 14
3664146256211 0
6154267351153 -3
6635472752615 -4
4153754274214 -5
5456767347334 4
7462253257517 -2
1714525136743 2
1274435543672 -1
3546557664177 -14
3172155234576 -3
3214627735716 -1
5372176214312 3
7722557321325 -1
5246544541421 -3
6415171136224 1
3746422146217 -10
1127672335674 15
3151527757141 -2
3655153351726 3
4617246312676 3
5525372261135 5
3214752452356 14
4123637122151 11
1562613757453 -6
4643127757136 -1
2751456256145 15
6566144722373 -11
6742633725751 1
5232335636145 0
3522736415473 4
1774122731635 8
7247412134357 5
2627567354574 -14
2331775417715 -3
7544641162356 6
3242673637155 -4
6627652255167 4
2462764362754 -4
6522271141566 -4
6147246334744 9
7475273126235 -3
1442351376614 -6
6563135524637 15
4733424662235 5
7274146623633 15
5716747764566 3
1246731354554 2
1745552423625 7
2343566375661 15
1475274325711 15
6533245771723 1
2722616571231 -1
4375532366274 15
7374217356413 -9
1335154646362 15
2414216355754 14
5416316627231 3
1471652645765 2
7426574314312 0
3236463424736 12
5274543161122 15
4177371674153 9
7413366327435 -2
7766151132621 3
6647212145525 -6
3714266157525 -11
3445343266676 -13
5236133437411 -3
2163452677562 -11
2353652513172 15
7143626337633 -14
4137564642543 15
5231615212341 15
5175314117473 -14
7336721451735 -13
6413223261555 0
1741232366247 4
7653641423767 12
5246434161567 -14
7655322573163 13
3525725264623 15
2614615177432 -1
7561162572416 5
7311651156444 3
5466311225641 15
5136245367514 -14
7511355363742 14
2417422174573 2
5575417446656 15
7633457112541 3
1543625741264 -14
7415466722644 15
3257645645613 0
6474724466213 4
3621743557435 -14
5557761224443 2
7317361355464 13
5613273521676 -1
5677632632154 2
2475117365331 3
4226644131371 -3
4142444615266 -5
5441154471566 -3
5363744125616 -3
6145224641775 -10
7422361135467 2
2445416337762 -14
7124736316253 2
5723717552467 -2
5513546652177 0
5422416167422 -6
7631642634476 -3
6517737261235 15
6621363164522 4
1175757615463 15
3143723634577 14
2772356172612 2
5536723663445 15
7434123164555 15
4237743475416 3
7515254321244 15
7145572447221 0
7175453212562 12
4276123356534 13
2667632145642 -14
7427652735324 2
4356532665117 14
3257661617541 2
1236432276211 3
5563352653275 11
3522544112156 4
4312575624356 4
1173515244122 15
2137345516342 -8
1152432352134 15
2556712367627 15
7346154623671 0
5341555752222 3
6247254671232 -13
6315317612437 0
7537164112143 8
2224213747653 0
5673625771161 15
5425451672147 7
1577134774273 3
5551326674367 3
7212164574315 2
2127276435354 -14
4313674357726 15
6661642657437 -2
6734252572621 7
3367422576644 15
6751134771152 9
4134173246566 -3
5727215372357 -5
7637762454175 4
6337121172543 -2
3257721573246 15
4355264676176 2
1661322147435 2
6514231323745 15
2227435376516 11
4432176736734 -12
1142177633454 -11
4426421367771 3
4566162351314 -11
6123462552736 12
2531154712262 2
2142471176323 -10
2351155576762 5
7523511764657 4
4222334145516 -9
2536253241572 -3
6231151546572 14
2674316135255 -5
6462776252261 -3
5237133224746 15
2263745235744 -3
3763573416223 14
5437663272556 4
7343563722676 3
7255656136763 11
7461212727514 15
6145572534662 5
4341334226316 -5
4467431232177 3
4211276352525 -10
3177262364332 -2
1524335551372 15
6234517122424 -4
5356267715174 2
4521714115347 6
6734247733323 6
7412411243437 15
3545522146451 -14
5364716444167 15
4632463773721 5
6437251425716 12
6213265332627 -6
5221247571454 15
1772127424463 15
6635714116455 2
4346363257127 0
1645347216646 14
5272535614117 -11
4737147661144 -4
1675744634641 5
7516473134423 -12
5536627262441 15
3256137474621 15
2635717341452 4
6334675547411 15
3413765147725 3
5732713646645 0
3577145252651 -2
2273343157146 8
7253247724151 0
7344732327362 7
4434155412635 15
2371774562136 11
3352312414123 15
2323374664561 -1
6111715766223 2
5141744354227 15
3245354563117 15
7613422413735 15
6531573252344 -14
4124251175253 15
3216127161324 15
1716321115357 15
7624332743153 -2
3444321327416 1
7232243634761 -2
6661772717745 2
7571441342637 -3
7745163412621 0
7555472143743 -6
6322143451577 10
2754256177371 4
3772231646567 15
4116662753524 -14
2117135634657 -2
1515726343434 15
3771356154252 -11
3744163264517 4
6456323746736 -2
4727476341645 15
1527627142134 2
1476412214133 15
1343553713425 14
3563525667634 -12
6223477264615 -2
5112522636324 0
4654173256725 2
4154165373133 10
1354373431562 -4
5141436147532 15
7271543626117 0
5467417316771 15
1467734373541 15
5776771341456 4
5154371671123 -3
2114365254677 3
7274446251455 15
4325772314735 15
4515216761556 -14
5765312422421 5
6227217574163 -1
6177623411425 0
7766544544117 2
7223433152431 -14
2366176217167 3
7546523265141 5
1443132724617 14
5543241742421 15
2634611512127 -6
2367446531154 -3
2274234471734 -3
1262632153515 12
4327535663742 15
6641565426246 -14
1635547764515 -11
1463752774416 -3
7227157333674 4
6467271716424 15
4522557273774 4
5462153766155 7
1552477527151 -2
1557153247637 2
3463572544476 2
1643463141157 -11
4317277416652 -3
6411773617237 10
3647674147222 15
6547367654514 -3
5373422524254 -14
2421672256716 2
7512611777355 5
1752434736252 -13
7661444245612 -5
2215433555752 2
4236471561575 -12
5616723473155 15
3531235335677 3
3254635726324 -12
6356474125163 -4
2442513671377 1
1666547735247 15
6232677643151 12
3611624557276 -9
6476213123521 15
1226761233256 10
4174642542441 7
4474251121424 -3
6575221137123 4
7437723314214 5
2211642334672 2
6324237565156 15
2416772364733 15
7546557446263 15
4577514621732 -11
3455514216736 -3
7136467445351 -5
7212162774413 -2
5715615345214 0
3217651264257 11
4761751335424 -14
7462361142663 2
3654171222321 -14
3761114725123 -3
1742436162571 -3
6324111734712 4
3473551432154 15
3641754523211 2
1475254752147 4
4322176573736 15
1242762114744 3
2561475721331 0
4542623633517 13
4136264115743 2
5747752151457 -8
4346253453753 -14
5412314673441 4
4715445213135 15
7564777114556 14
2162546235371 4
1346657656113 -4
2754435745157 -6
1326673557272 15
4517174634375 15
4541532476232 -3
5167231311776 2
6213457235111 4
4275441734656 5
5132213566242 -13
1564316652571 -2
4651617562476 -12
6622141232477 15
1375567652163 15
6115534754112 0
1312563422353 -14
4564572562457 4
4365417723511 2
4422115743765 15
2514625342711 2
7731731257467 7
1145246147652 -11
7556662131724 10
3274545371451 1
3275454751252 -5
3165651567143 15
7533226534111 15
3251742436167 5
7313234642353 -1
2777435371417 2
5616745323252 2
1652726377672 3
3572443643712 -2
5752513471126 -10
5532672477213 0
2523564532561 -14
7476463755371 15
7233463437125 15
5271374621226 0
2533376624154 8
6422731651356 3
6131643235245 -11
6637515313523 -14
2143612727755 -11
6665522145452 4
4544257413227 11
4135427757673 15
7753452233361 5
5423225171761 1
2545172176562 -14
7676343525244 4
6412314233574 0
7254472271621 15
1373412653372 2
1267217457317 2
2241231536576 -5
6343154171746 0
2274536352435 15
3271117516532 -1
2734617444253 -2
4157265251652 -13
7745533235621 -1
6411762712432 0
1563124727753 4
3523723414235 15
7661366635753 -4
2276316554216 -3
3125356247413 -12
6774427233516 -4
3136765255563 15
1256124124632 3
1743465754636 5
3257271235411 1
7666542654524 -14
4534731267471 14
7334223224145 15
4375647617771 12
5213212752175 -10
7724573525626 14
5341255662326 -2
6362557173623 15
1256774536712 15
2333554212435 11
1174437227366 15
4727514266752 -11
5345441156416 2
7465132162336 -10
1634747541654 -11
6313525454422 15
6216554117457 0
7715527356672 15
2653715724215 -14
5416276547716 -2
7761332747112 15
6611377314143 6
2341366657134 -14
6415774145124 15
6224351311146 13
4344251767342 -14
5275631525363 15
4435531666764 0
4544271475636 4
3425757664716 -13
7242467346143 -2
6357215471235 -11
3125356224477 0
1764527712247 4
2121716633356 15
7342122773651 13
1165775247233 -10
6676251144771 3
4513725324447 -2
5224244256377 -4
7246731435626 3
3421121626541 5
2146664122312 15
7714342755742 15
6145216737446 0
7135657236122 3
2265216136537 3
7236354671677 -10
3446432531124 15
4516476146162 -14
4232421553736 15
4364535146436 15
4765261677262 15
1665542271275 15
4372563543251 2
6577472176156 15
4426463432667 -14
7165247216112 2
6232345641725 15
4256671576611 3
4364453721353 -10
1555212676375 -13
3167752245241 15
6347253251565 -6
2567477374265 1
3375656761222 3
6154745531173 6
5631772574347 15
7753215634625 -14
6533444262121 15
3143472226653 -5
5276732237635 2
7736334753422 4
6467645373711 15
1476455222641 15
3714456237567 -6
3552236634377 -4
5466336734763 15
7754122723745 -1
7637175261243 2
6342373646327 -11
7511722246241 0
5646757752423 2
6457743331547 15
3627136134542 -3
2261744373576 -3
5651245512133 -3
7213561563251 -1
3433267614112 14
3626774346712 15
6721276657344 15
7121651323351 3
5423463642575 -13
1155131462744 14
6634516154233 15
7211353366414 5
3245473456133 -14
5765735347541 15
2136675627357 -2
3657744156434 -12
3544275325213 -4
2613411557367 -2
7632343357277 0
4714475161256 -3
1432671667127 3
2132631421254 -2
6441552252356 -2
1441544565734 5
6313244175646 -2
1245357734646 13
7155521652243 4
7626754153776 -2
5453145532212 0
6226543235447 3
2265714477523 13
3524714372723 2
7716652624143 5
2156741733245 1
6413726367342 15
3466216726355 -12
4111745517235 0
6225334231275 -3
2767125356544 -7
2562342373666 14
1447447117557 0
3744555732454 -2
4636171757436 15
3263775367647 3
6312645731621 -11
7376672431635 2
2747536366171 15
3416525432437 2
2663217145247 -3
4341575217576 15
7617214252246 3
2755141541635 2
3155742722415 -3
4454562653622 3
1753457657627 0
2322425413674 4
7354766412625 12
3621141652222 5
1371362276412 0
1554216144143 5
4524762656657 2
6137165355322 -3
1246355233765 2
7725611761433 -4
5373156425473 0
1422673723376 15
7516364277623 -1
7745612165544 -13
4764266351674 15
1277214247231 -4
1713452746754 -11
2761431356174 3
6447136357422 -4
7536654111533 -2
3764336634161 6
2513274667241 -4
6345545373315 -14
2433215327475 -3
4327474173525 -11
4375643716726 15
1333116267442 6
2214631742723 15
5617773514231 7
5632174442764 14
3163742175763 0
4572657274654 15
3324723427615 15
7651153755477 2
7533244241512 -1
5574113137666 15
4656246355422 15
2166644651312 15
3532345672771 -2
2116747467363 11
5571635362335 15
7613377366465 2
7745233755725 -11
6623416757642 15
6743734125614 -14
6137746114422 -3
2562336641352 15
5165151321344 0
1353657151523 -3
3154542176254 2
3312476561354 0
4657475457232 15
5447733337357 3
1575566252731 15
3352424532563 15
2142757121766 15
7737423165152 4
7235174766344 15
6273164462256 14
1677222736555 13
2156433766566 0
7346556216354 14
4614631145564 0
1443677212625 15
2326317656227 15
4123661462365 3
3233673527464 -4
3775674731243 -4
2774134417511 3
6545337774413 15
1572716454653 13
4227426155237 -4
6462516124747 15
3761313725644 -14
1627174673342 10
7773236214452 -1
3567217527512 -3
2526667763337 15
6441232551674 -14
7764462672537 2
2577161543434 -3
7477522216663 4
7511334115674 -9
7473256524711 12
4321462312575 13
6147546226142 4
2271155464136 6
7715251751622 3
4533523657725 -12
4625731741543 -14
6367775217236 -3
5164764563511 15
1225524523316 2
2525764341373 -12
5677317724135 2
2513331474416 2
6617254771255 15
5721164177533 -4
2512336477634 8
6644451336535 -13
4575334451661 4
7164643772264 3
7423137752771 11
1165134346512 4
5731275436166 -4
7436215752413 -11
3133276241264 0
5354435736147 -14
2527564335773 -12
4437446231256 -5
7457732211664 2
2553764655173 0
5471523776547 0
5325726444633 3
2611361117576 0
4456516531351 -2
1166135727356 3
7713357143165 -4
5622712661546 3
1216535543372 2
2116244412735 -2
6233455113755 3
2351315142757 15
6376471726132 -8
4336157276515 -6
4413645655121 -14
3263454242356 15
6146247364614 7
2752464274275 -14
6735732443674 0
7254633635536 15
5471321224675 2
3576647341742 -14
6371565377141 15
4661315534577 -8
5277113426533 -2
6422766254623 15
5432437434532 8
2151254765136 2
7716516354642 11
6127217732245 2
3155376134644 -13
4371436415176 8
2157665171745 15
2516763277323 -14
4562561724351 12
1774357572422 15
1714332652371 -2
5276521241742 5
7176253561435 -1
4267624321135 2
5367673376751 2
6677433145416 -11
7131334416565 0
4721441615721 0
4615546447216 -4
5372331525764 4
7452156736657 15
2661745114234 -3
6156574313524 -12
3272425315445 15
2263725116576 -2
4345365122754 -14
6652176557643 15
7447675334672 15
4651625417213 1
1646317275232 11
7355535451134 15
1625461273551 0
6317373165345 15
3436161724412 15
1573763267612 15
7633752755733 2
1527735321273 -10
6433345566734 9
7556561441743 0
7476662445473 -3
6745736474242 15
1146446412376 3
7746164357412 -3
5467234622432 -6
3152413665235 1
6211336447411 -7
5716726511423 12
5565412162142 -14
4423644715673 6
3723234576215 -4
3764257643347 4
2727663442456 -11
7745367472544 -12
4167567112457 -3
7424626555315 12
1131466343524 -3
3264552247512 -5
7721517455742 4
4636312715174 -13
5177665312527 15
5171743211721 2
3573752676415 15
7123667266154 6
6272355631212 -4
2211613551532 15
6524136623547 13
2431124752277 -4
6654626754571 -9
6264733734776 15
3212737231712 3
5435714514465 7
4736352641151 -13
5433757325776 14
7475336217125 2
4225422216373 -14
1364714665356 15
5771226433475 -11
3231334452144 0
3674247222314 14
5532267114246 10
5536113521641 5
6265312567377 -8
2743575444272 15
6325771547274 15
3271256472772 5
7635713247261 -2
3731553716145 -4
3345774214661 4
6543736243511 15
3715353546467 15
6546247332677 15
1665366343761 1
1326734437774 3
1142752615235 -3
7413257313217 15
2675431315573 14
1466132722353 -12
2461454736116 -3
4236631126625 1
4277534123123 -14
5176617331274 15
7567144226213 -2
5714512422116 12
4627463571425 -12
1531547427516 13
1572715245322 13
6452636537723 15
3442173217111 2
3312452714613 -1
5451631771267 2
6763445376125 13
4521645736757 6
3547114135546 -8
2773336522614 5
1266351477341 15
4361753476113 -3
4625375561371 -3
4451133172571 -4
6246165725537 3
6563241255527 8
1117344423356 2
2316375151734 -3
1771632532655 -2
4763643114553 6
1456632622343 2
6552134464153 14
1424323671237 6
4766564277431 -2
4417152264732 13
5517252436414 4
6415442747215 -12
7416215425317 13
6455144717353 15
1263273123753 15
2663537665313 4
1761542747537 -10
3762453142577 -12
2623112513473 -13
3357545277421 -11
4372717751243 -3
7542621535316 15
3177525166331 -4
5675414477523 3
2312764561214 -4
4775326115662 1
7236536117471 7
3543752574615 15
4527721312174 -3
6213353753617 15
1672153326271 -1
4767435161752 0
6615355667233 -14
6536423317557 12
2317575735146 15
7265121712236 15
4716515427264 -12
2743117441425 15
7116742457221 5
7561253167723 -2
5657746256632 15
2156467452236 2
6435416163473 -13
6461723236431 13
6757217561436 -2
1632314671235 3
2134575741274 15
5414762643417 14
2347415167274 15
6136245762722 11
5773463654355 13
7455423643452 -5
1373756421632 15
3742623524673 -10
7646117226442 15
6572437546411 -4
6512754554473 15
1635467553316 15
5211256616776 5
7412753114562 -1
1334642463724 6
4362627562341 15
5431571365564 2
3553744217423 -8
4736467556131 15
3733443645471 -6
5367321226642 -1
5232531422317 15
3325634527527 3
4673741322654 15
2577235767132 15
3546312772155 -3
7732412616511 2
7321355767542 -13
3361244413564 6
2174561427523 5
2372654555177 14
5426165474325 15
1337174351242 3
5637151641375 15
4377336621642 12
6656373161662 -4
4422511245465 -4
7131126543147 15
3315542241754 2
2563461741473 -11
5235261235744 -13
3642556472327 15
2564426662476 -4
4526517316247 2
3226556114621 0
5312132354477 15
5436647663172 14
4315274372356 0
3761154214343 -3
1752465123343 -4
7623364277465 15
3564431256211 4
7533656376417 3
5676731544561 15
2736532434145 15
2417252414537 15
3155271471523 -3
7647321425711 0
2255161773314 0
4272167454453 15
1632416552175 -2
7263271164531 2
2745524621173 -5
3131127543256 2
4746523127551 2
5613532677623 3
4354156755467 15
1514373366322 3
3451112535441 4
6422321576524 15
4211152366727 2
3462365726556 2
1176621734245 0
1354113232425 15
3141351257523 -5
1273337261442 -3
5663721371133 3
1667463547537 -3
5772357512615 1
2456723533177 13
1334524262765 15
4665646332147 -5
2174264313615 13
4373621665525 11
3463637517211 13
1714216673563 4
1475561533437 4
4574675741332 0
7534317564263 -8
5337734611534 -9
2543641256774 2
5267436356451 -4
7545263347212 -4
1661733641532 2
6232577656752 3
1576627321266 15
7267644535152 15
3513327142557 15
5126564211257 -2
2531355167161 -3
2643411763655 -12
2753231767422 15
4323643737675 15
2517126463355 -3
4172422236153 1
2732611332263 -6
4751112653722 -4
4413164324651 0
3122756236762 3
1475721561334 6
6173764745466 -4
6521366736742 -3
2137442667722 -1
4727612355261 15
2225333456632 15
7161342274751 15
4332372514735 -4
1641715447627 -2
7267136133341 15
7351122376637 15
1645127315545 -2
2745457473143 12
4647142761257 -7
6674315247612 -2
4612446134635 5
3744753511533 -2
5456621111651 4
2311735425424 4
2165421737614 0
3155774653736 -1
3547154612254 15
4765644353625 -14
3221641437652 -1
1546727523224 -3
7677643256125 2
6571267536631 12
1275513777752 2
4172732156137 -2
2617214775412 -14
1164665672535 -13
6516274247266 -4
6317117451557 6
2353473765261 15
5761241127263 -2
5346363453763 15
1626436522675 -4
3534176744773 0
5532453473164 6
4543512167122 -12
4676546577313 -8
3421561727274 15
6751741553751 15
2723122257437 3
7247715656752 2
3627754663312 12
5174336452671 12
4271143555457 2
1347654256176 -4
2167446132123 2
1355461574232 15
5344674271526 2
3562365316447 10
4222355111152 1
5542712376417 -4
3174545563722 14
3514712623732 2
4256377231562 -4
7436757531216 -2
2313547275424 6
5237437435235 14
1324675725724 2
2316574465611 3
6574116617336 6
3374453662266 -4
2716141763272 15
3567773254332 -3
6245135454313 2
4632367325117 2
2652475643461 15
1426622654754 5
4721466723627 -4
1545661672265 15
3665637524521 15
5442655711356 4
7352412371354 -12
5415756522746 15
4751447123761 2
2313156521351 15
6424134611337 4
2241636335316 15
6317611757224 15
3464621245767 14
1255373461216 2
5471715472264 15
3246224274777 2
2277732132144 2
4763652254267 9
6152574524715 1
4631361743331 -11
4335671416453 15
4623216756467 -10
1477617374323 15
1776712324442 15
3474635456612 15
1442552426563 -3
7146154273341 -13
5417773323412 6
4173636246334 -14
1563325735366 15
4313372754222 3
2267555422764 0
5276625354377 15
5614133674422 1
4336776141164 -8
7376615552367 15
7237531436425 2
4373514375114 15
4333154462745 -14
7756642712347 14
5745272453371 15
5612553236341 -2
3624554136412 -6
6534627466271 1
3644574761171 15
1216524571514 2
3373211565754 15
2337243632174 15
5417623641172 -3
6613367515615 4
1634577535517 2
4643552762153 13
7427121315233 15
4327231162475 2
2151657324216 15
3752776442166 0
7167437262442 -12
1525437626745 15
1567347255736 2
5326426541712 2
4165312227663 -3
5221667356713 15
4373224567364 -12
7421543532727 -3
5751334741567 -14
5544124736551 14
5465134747124 -13
1321141147265 -3
6451451173372 -11
3637667236454 -14
5555647751137 15
2352152425657 15
1477415471153 6
2312654342735 15
1621242357475 -14
7371245525373 -3
2734117436435 1
5541341756121 -2
4761264223345 2
6716121172545 9
7737657145431 5
4432243547157 12
4631274562757 2
4571672453451 2
1575425125617 0
6534645763521 -13
7433471415425 6
7343445351337 -14
3125442165753 15
6451715235245 4
5411265473233 -3
7427342656337 15
2732255642675 -12
2614345542664 15
1124715473535 15
5226747411243 15
2442564135177 -2
4633255163614 2
2765427453647 6
4677367144561 15
2162273674551 4
4756265423457 15
2442763231753 -10
4127456553572 -5
6413435757245 2
2114276742333 -2
1716763456325 15
7667257437634 -1
7245323314354 5
3254142665254 0
3214142557666 6
2773353464511 -2
1227727444152 15
7255276413532 -1
2432716643411 -2
6456624653422 15
7236573671221 3
7362177257161 -14
5125764524534 2
1445427516523 -8
3242354711164 -13
2574114515376 15
2511467255156 -13
4326555566141 3
7115656233111 8
3422716411311 5
6726335417316 14
2113555373412 15
3577537266643 -1
1277633717625 15
3353554635675 2
7266223153743 4
5153212352631 15
5163674326634 15
2462155764635 -12
2677353441443 -13
2156325734734 0
1356671727235 15
6153342625532 -2
1646371762675 15
2431535376317 12
4674354121762 2
2167533473721 6
2165341317554 3
7135365236476 -12
5456217134116 14
7524222731637 4
3671771752465 0
3156157735444 15
4742246174276 -10
7345551467644 14
5741767363453 -3
1766731437217 0
1531625276272 3
5474247216714 5
3233742775211 -5
3624715454165 15
4615357175161 15
5715341622442 4
5725721441632 0
2112646534217 11
1576532241754 0
5231241521534 -3
2354366163531 -2
5346322215564 -12
2466164652542 15
7353635722726 15
3674246352616 15
1343261537737 11
6247137517733 2
6775223161627 -12
1442717537313 -5
4737755432324 -11
4721422356334 15
7537721667342 -2
1564463776514 -3
7154231264237 15
7762145213253 10
3336715713123 11
3164374125261 -12
6161153632636 2
6316532517154 15
1141366221323 15
6432176261573 -11
5167327623645 3
2245621557247 2
1341546124516 15
6435162261121 13
2223514775645 15
2437711337753 15
7734653144437 -1
6317763145241 3
3552315577243 -14
2272347124164 5
1644513477322 12
3517141272576 -2
2224343354312 15
5376441753654 5
1722651453351 -11
3436123342267 0
6313771424165 15
6335227714661 2
1663673423725 -2
5265137357246 2
1315165343252 15
5324651414114 14
5634262675624 4
2651341377534 4
2426624223375 -6
2762116342434 -3
3273713277365 4
4563651714754 15
5663444171237 15
4721317615325 -4
6351436651175 2
7761532517123 2
5234763745625 -11
7337267273217 2
5454476127342 2
2256765474372 13
7347267215431 2
2345265174226 5
2423637641517 3
1751374457365 15
1447421333426 15
3715672563716 -14
7231353513142 -2
2572664345351 15
4651624363216 -6
6613417222327 -2
7561244125713 15
5731361376123 0
7551267726443 2
5117472345252 -14
1172514575177 3
5157453335443 15
5736661535726 2
5455761263435 -4
3612762372511 11
6117634112274 -5
7746671477321 1
3431126754255 2
3366775423212 3
7411126536122 10
4414236757162 15
7124543766234 15
7776453542155 6
5461213457716 15
1324164257546 -14
2675571261631 15
4613757635127 -6
4617437326721 2
3246766232714 15
6717456523223 1
1171746657772 4
3723212661123 -2
4411742446465 11
3241756742237 3
3431436421151 8
7442356462123 15
2415713756136 11
3551613176375 15
6472461623317 15
2667324761653 -13
6361453322124 12
5737774246516 -12
4724627262731 15
7327566254156 3
3227673413537 4
3725347161573 -13
3475627146563 -1
1751552634731 12
5633221132147 15
2476766514357 15
6267176413147 15
6127451633737 12
1761633425457 0
7337445221234 -4
6557132527234 -3
1367247434515 15
3642233612153 0
3443256321157 5
7576723156433 -2
2135643161245 15
7123711654325 -3
2633171613662 -14
5252765646457 15
3724314457525 0
5733347126675 -5
5625367311543 15
7333326235114 2
6723232244711 14
2126672255477 -4
4365625555267 5
2674511643123 7
6542721164272 3
3162235235671 -7
5421652374754 6
1257241534435 5
7261443574731 11
3563751562765 12
3766763174356 -9
5761445776766 -4
3246322145213 -13
2374631757132 15
5337224631545 -4
1366243747275 15
2331776436345 15
5472365526171 2
1613452126243 -14
4172626425755 3
4525575723743 5
4357366612544 -2
4675425415676 3
6376367151667 -14
5753655164464 15
1443726357775 6
7377631414741 15
1211627571452 6
2513247432572 15
4352714416125 2
3465256211545 15
3571111154645 1
4267416175632 -14
6432713225576 -12
1342212126634 -6
2315553566147 2
7172171343316 -3
3145334424777 15
2736361633132 15
3454663433324 3
1621261431723 3
2717127345456 0
2263135221431 15
5315724665142 12
7551124262276 -2
3321721744256 15
6671144337342 0
1331566347166 -2
1141425537432 -14
6351127375532 15
7766326452312 0
6235553367324 -14
4317155632677 -7
5427736216147 11
1136213362775 -9
7734431425315 4
5715214376424 -4
3365713246616 14
3116117756724 2
1737545346633 2
7562457632612 2
4326115411362 5
2673111364445 5
1133543271416 15
4726136662743 3
4453313572223 -14
2512634347432 15
5367321735724 2
5173344526647 12
4113634367425 15
2644352623437 15
2531614155641 4
4655734134215 12
6517716622357 2
4272627373213 -14
2112672476344 11
5725556436167 6
7125667373542 -2
6631252211577 2
3155712326267 -14
7114442176753 -1
2276542251162 -2
2731452613417 -2
7217644476253 4
1553222466343 1
3213147177573 6
4643561133277 5
1621442466434 -2
6434212277674 4
6174442336637 5
1325654717515 11
7561444122463 15
3563324563255 0
6353117624145 15
2637756111762 15
6263323317144 15
3755764244321 13
6446136433142 2
5727617266323 -12
1515723477571 2
7132566517341 0
2516456367723 -2
2173372564412 -14
1126555517615 2
1311676441275 2
1721667476375 15
2431355242715 13
3453217712621 15
6563617546247 15
4747173165365 15
7315231546156 15
7776642431511 4
2122143775437 15
1455264327412 -4
3417525724363 -12
3613523461714 -2
2555273761323 -11
5325313147447 7
3711711633122 2
3431116526763 -2
3215677675212 3
6342576224272 0
4371145541714 -12
6462561117257 4
2746724741231 -5
7115677617651 3
1126345147437 -2
6215746627773 15
5157722134676 -8
7351372646665 -6
1365556771764 3
6541643355372 1
7776316521124 2
1647512554235 14
5437227136276 2
4645523173576 -12
3526244261647 -12
3527444173117 5
2575612527764 15
4234747752523 15
2241246117377 15
4764256652552 5
1277467676642 3
7416365341232 12
7432337732155 -2
3664255525717 4
2473255255146 4
2473715635564 4
4647425763352 -10
6623272747455 15
1445763276112 -4
6725774137123 2
3643425673127 12
5755174333143 11
3116251641246 11
4327261271416 -3
4274152355753 4
4321453212743 2
2133516215372 -13
5634425656153 15
6367763435211 -8
7436227411472 15
1715614224267 3
7445423542717 -14
5521643573232 10
4255176325633 4
4163773212667 -3
1347416252514 -13
3427745432131 15
2336466541165 -12
4135643362422 15
5557347264264 15
2657742736715 11
1516366552364 -2
7331651654566 15
2563124477256 15
1665351533174 15
1665722351174 -3
4575251462717 15
1321772144653 9
3425551466775 5
7316512772274 4
6133377517456 3
3543733657175 -3
7237123624154 -3
5654157532217 3
2367146643316 -3
3162231716771 -2
3126773224452 -3
2624573562344 -2
4356541547171 -2
2373516257371 -9
3631433413557 2
2456423356334 -4
6645644165356 15
3126751436745 12
1276632776477 -1
5613225513715 8
6431625311763 5
7163127676234 -14
5317443627714 -2
1264462141555 -3
1273756244466 14
2761556631536 -14
4266772135723 4
3346443374525 4
2771411465553 12
6477723144236 4
6335723772765 15
7153452734566 -12
2155643676731 15
3521661632775 2
6726166632337 2
7162144626545 15
3233515416735 -13
4371572271566 11
1474257721634 -2
6456657552371 15
5161612536742 15
6375736616131 15
6264714727315 0
7777654133725 0
5617433142174 -13
4154721732133 15
2674653735151 15
6645536247442 15
3274451556417 -10
1271541222752 5
3274631751747 15
3675173275773 1
5426767412546 15
5371122236566 15
3633753215413 2
6435112266625 13
7314722446562 -2
6346277164265 14
4627735126356 -4
1245753136726 2
6213651657725 15
6574673513174 14
4246271716546 -6
7363652775245 3
4743233316656 -5
1136355612455 -2
5446532356116 -2
6764456222355 -8
2216233674427 15
2121177363643 -1
5517134324365 15
5675134345373 0
5244473731234 -5
5763436275313 -2
6452473575214 3
5343262274663 4
5422531421764 15
5314124266343 1
4735415177121 -12
5423513371366 -2
2572166634573 -11
1261472465671 -2
4535136147651 15
4256267135171 15
7573663444735 15
1315466547127 -9
5674354365372 13
5754622367323 15
4643261234574 5
2275716654534 0
1252761527716 3
4156525177327 10
2526554136375 -14
5617213564234 2
5721276165271 15
1164556366734 2
4777472521263 -13
6723754215543 2
2771764333155 -4
2116517447476 0
3153351467171 2
1133561542367 15
1425652623531 15
6243577643561 13
3544656753451 -4
1113175362346 0
6265137561462 14
7122135567157 5
4753714647313 -12
6756772725174 15
2777711452246 4
7474465316261 15
1561373452543 -3
1224516536125 14
2135434532167 -1
4321315236556 -12
4212434665533 -13
2242724115746 15
3624372154366 -3
5466346347565 -14
1655735617622 9
3267621721252 -7
5642713152113 -2
5355663523474 13
7712762363162 7
1121317374433 15
5431421776123 0
3512344571415 -9
3435157125117 15
5336477456512 -2
3765241321566 -2
7557634727315 15
5674763613157 15
2543453462735 11
7724331164232 11
4355372676617 1
5231723137644 -11
1466275517573 15
2364136634135 11
1771531343423 6
7117134564752 15
2752114352152 13
1236465573454 3
6754117542364 -4
1356245677446 2
2342361425753 11
6271624614413 -3
5256153761262 0
4755443225566 13
7132353411625 -11
6166715332612 15
5124564712724 -7
1626427255675 15
3417273563126 2
7153261566624 12
1436445541231 6
5571747254213 -2
4456433565145 -2
7246372571331 2
1617264555461 15
2743146624112 6
6677113245524 2
5415137234262 11
2451273516653 -11
3773663415672 2
3722215565626 -14
3231174336546 2
7214734131263 15
3421733662752 14
7231611432555 -2
3426531164252 -12
4133153771632 2
4551521745266 -12
6732364265171 11
4434366664525 15
6325574524347 14
5463542241166 3
4231247325746 12
4666311255773 1
2253534134374 15
5532733473441 15
5666377271456 0
7375523657113 15
2172734136234 4
5354677762251 -3
7336464657376 0
4356543555667 15
1454362125173 11
4635156313714 1
2164224314241 2
6735127532227 3
4713621564577 -2
7745153232216 4
6212436631253 -10
6167144764244 4
2764654673451 2
7364526766242 15
2421651154541 15
4532553646637 2
7415571637354 -10
2472561216126 15
3471163633275 14
4246611672577 -4
3276564521164 15
7144561235443 4
2374752743116 0
3552742641426 -14
3374314764725 3
4325225673234 15
6264345472357 15
1515153774217 15
2616647266723 5
5322754712262 14
3351737117166 5
7221716153165 15
1753332115761 2
1652213235657 5
6513136151422 4
4662574572221 3
6643751135233 12
7254243372763 2
6524731674612 13
4766166732642 12
6156345265127 2
1467446257766 -1
4613172545125 -3
1711534326174 6
5543263736241 15
2333131455647 12
6237242234461 11
3667472112237 -2
1721572277437 3
7414553375721 15
7237561367515 3
6621112731256 2
7326316352547 -11
1473612763536 15
7463122272341 15
7542152251656 0
7672146411453 -2
2516654723467 12
2146467564351 9
4756516157322 -11
3773712352112 2
5563617413227 15
6215123776765 4
5635712251331 -3
7477763545762 13
7715332663352 -1
6445245553711 0
7615672342553 2
5563235273766 15
6175413756215 15
7543313477124 -3
3546262774753 -11
3426455377144 0
2251773465325 1
2143542656416 2
1532446312772 15
5454461434522 3
3765341537617 -3
6275752613443 12
2762145741622 -4
4655264354261 15
6312547723452 -1
3441761525526 -5
4267132214753 4
2546735772435 -4
7455472742213 5
6374546637521 13
2461456353763 -12
7314741317442 10
3516552451427 -1
6154277676452 15
6722236637642 -2
7254511745352 0
3136617423345 10
2717516551357 1
2353256365474 15
3677725651244 -12
5527237441416 -1
3225167364173 -4
2475117634261 11
1672141154621 5
5416656721213 -2
6721324741727 -8
6275317456431 2
3625754367314 -1
7523114532423 7
1645713367415 -10
1727532541716 4
5451665727471 15
5714212527663 15
3762751466744 2
6335161644652 12
7634263735621 -2
6612532233451 -14
