22234773753111257631414557321 -6
64251261555636371174352615731 7
72527417512575334252734511462 -6
11575663346174432421147626324 7
35576174557276162462272725466 2
27365451134777361627662552265 -6
24127231175616272675774533654 7
75236512357713524171642331126 7
45121243521753642337773624646 7
53632167313153121254737522516 7
12173426526166272574657513417 7
43613357144677241367412143727 7
12236422176172123433164477547 7
77652266711755124737542362621 0
66411441164563524756276317325 7
76742654533241343171161147622 -6
73363163562117247564627133155 7
62337211344624545641356642553 -6
36436577743167732563251255161 7
36761465564725327221143223745 7
52341672332637727746346427162 -2
27617535521725722113534123717 7
42715246762365546623442371173 7
37645564143751614346735716577 -6
36337757144271326364116446721 7
75446145251741553165237764466 7
16627536334551213715673772165 6
34344113435126575144753317255 -5
64561143136534572232374542457 7
36743213172672343623714165161 7
57254716136347217672417411554 1
62746374374327526417217322555 7
23577452142551315442431527761 4
34347461351146137757476365431 7
62471373265122226536175743766 -6
13576344632447214536627456633 7
63411655132721777647751522665 7
46263175426627171571442713414 7
64357577624131521565227316472 7
61351123741636575661764473243 7
64662557614242635767114522721 7
26234727511554116455663542134 7
47647743556344775614365326711 7
11244467174542762641716373531 7
47251164654572412252147566567 7
35347474523157424721654521225 7
16215224441724317317227347153 1
71212462624523427477156674361 -6
65137433677145442256113621154 7
22334625227447553677743557546 7
51317216673726517556173573354 7
51613651663424147112227536276 7
43614736236132652357665475312 7
71427565777366551215362634732 7
63335517414622375232162436672 7
22563165117277335456316512332 7
56772415415322331725337427453 -6
71357446251462714767663711154 7
27165563232275565264647172673 -5
57142732536614251531156472574 6
13372277614727143125163221647 1
27747462566161564417713471321 7
64162377616742563432567157427 7
74253537435537111631657223667 2
23622445161114546633773417675 7
25455244771656116241722544651 -6
32162143147511243223646166463 7
65372713113654726464433215245 1
43533462612527241633325117612 7
45636144731531511376633464461 -3
47124311356517724265365577337 7
34216466325617541737766242744 7
21356461425726171661537443175 -5
44641324532741522217553357711 7
14452725415264247766242615731 7
22132132672123346446537774746 7
23155272417735613761533226321 -6
76355536511367321263257462132 7
22664717611523317742717455432 0
77112236115365271334213542357 7
72174556677633772456615365444 7
43123357364166462314452522554 7
52552766647235347467756121367 7
11761167275623517336325747636 -4
51271573346215656632572221113 7
75676621333222413767661572337 7
56545322341336677776724542163 7
71222416234113241663765546426 7
16345777756512257361313736662 7
67353664764471454351754323355 0
11775765346432112216232674265 7
14345717517643126162454475137 -5
25515227216367546665631157423 7
35211414153343664621373664774 7
37124743264662731615326356355 7
35267217647332462213457723666 2
35665344713324561757166711457 1
64443763671155232731454376714 7
42522367762733731631437761266 -6
23461237225331416524562551541 6
71554771434623236637527724521 0
46336667526445223162315152175 7
