1262345715326533167461265156574 6
4416572113652651522534775447637 6
3662225532723773155644774411115 6
1255756132356176547613224644415 6
7524527127133266136356453443512 -5
7754226523466127765314633544375 0
2255524673264371445116176465172 6
4276276357752661764673121342353 -5
3455673132676375761132462755314 5
3331127344265464611751152727625 6
2246541616136357334224437121367 6
7365324612275341112645736217772 4
1352313564177275141246672553272 6
7612314565567461413253122774217 6
5351272746122171146553534516424 6
5124773136677457126462122133135 6
1333735524376647314166152725526 6
2511726542532335475274647617714 6
1764314521376553241366377457651 6
2214465745376675331326222115437 6
5576151621761157446262474254534 6
7521176173352265445755742261441 6
5374346542532634735711221476551 6
4673462566744321513473511311254 6
2174676575531423711637324553631 1
7621354643477433236252446717132 6
7633556443154133537465272426511 6
5456646777442423756316417253251 6
1436357651221527436261213634454 -5
5331354526772414667762551712352 -5
5416366112724756616375223474525 6
2343573725164624117665555277113 6
7435512425523657327171672334736 6
5134757611622134356623462444777 6
5642451544225672433261471571365 6
7341455234577533326716256676124 6
7436263365561471773457654412535 2
5147766541565333361174243576242 6
3135727415245744331274257361652 6
1736416156122613454374247575663 6
4562453113455727647252634717231 6
1174517555442164423417222733561 6
1177763355626423223564214757145 6
5211632725457214476277314623637 6
1325622356644134645377371175554 6
1675421143736512267653673142543 6
3514526737175233762245665413415 1
1652217332756251456156533226347 6
1275373461454772763516555342237 6
3615325132447516544124636777724 0
1326553426745371176362461561471 6
7231637622227744434551236745311 6
2377542726627365211542373431461 -5
5171625441337736146264743633117 6
5511126152533627337465641734567 6
3415762115136143372546643456621 -1
3526761421637341543622371521615 -1
1664461732436624317351442561737 6
2266755263674275416127231176157 5
1156342726633135447712545337561 -5
1441556137342576533311662376274 -5
6435252326444162761551737771533 6
3365622343372455263765775211171 6
7131225435167265634573565127736 6
4475716463462523155215614241223 6
6327547642471217651651333523256 6
5731245645721531732126364747341 6
6661231246253551467112347147735 6
5257123722556361544357427361764 6
2414712632372341645566611772324 0
7447113675135335456257422214615 0
3156736425335772152671117251653 6
7224113367337446562453711734422 6
4273245632557141663761277216456 -5
7243355372374766615164174132452 6
4214571546675765751733446421251 6
5757322542166613475571421736137 -5
6521432755617316776634243252377 -5
7265115777121667351544516265243 6
1124673541537274265353423437611 -5
6127136354261561227433756425537 6
1371122455444755721674365567266 -5
6233666556475114777455217123742 6
6625174144631152336754562732364 6
7642266651332473725225671641457 3
2312317671275344636145227653757 6
2765264775431436517613546574113 6
1323213572444751661361653174325 6
1215453624212363575766474652634 6
1236335414476147345773615172452 6
5557634455674636327122113775421 -5
2343612147516214374574355676316 -5
3755236423454177261362716512447 6
7122433147772622244555167431647 1
2474365226275574574611371452315 6
5127176466264247724217146733315 6
4346216372125557735735563131124 6
1352747341264453273617621155414 6
6726577371115326663422351714372 -5
1632647743234277773425341656516 6
6233357517415471637734172412514 -3
5564374124526636421743731574652 6
5423551177573256517314237436731 6
4256117625674555314563226137117 -5
2156641577323163433371272165572 6
5633252764122274433761773111275 -1
6462731331125763267562515153264 -5
7425616144126527344322574517512 6
3536772166427545736153536272562 6
7623276244715211427641113567452 -5
6727611667245134363542431442712 2
5617744117356522376643224331716 -5
1574577467243122424566137762146 6
3561667141743755425324236447762 6
6474627533124426555617314227465 6
5574456436451237422241761652521 6
6164741667573113326643554522773 6
4422571463512732336675447162311 6
7663223221765143342172175517655 6
6445711511625565427776244237435 6
4242152574533466115377643277616 6
5755115322663242772156723615334 6
7332424567254511337754717664336 -5
6411634177671426251137436625423 6
1253763324235455727775464312166 6
4755133253766432277243156162245 -5
7312567437764227115641642455675 -4
2146237674647147341163322751535 6
6534266141776314331267463521472 6
4723125435543426317671566176131 6
3332665122367417525776456753712 6
5162452367731441727752351716426 6
1353271631673736466174542427625 6
3624762226746365521114447517562 6
3764533272765346173625125117721 6
5641325414557232757623476653621 5
2656555174217717664343237752123 0
7471453471456227266711322157532 -5
4665431645212214773136416625737 6
1336632546752122317763414522173 6
7236745161231335532475466514443 6
3534456562371742134621747223527 6
4444613465237122421635127725616 6
6257612341457232176667575124245 6
6436236231577417661211767353242 6
6512446216451174527123353234515 6
7346632127261544523135517563762 -5
3555147162272266217574164164734 6
5744517455274523753766266762341 1
2343353631444254477625661752612 -5
2731647546132375621557651653337 6
3623434322757546526117742137561 3
6724744616313773314771632352252 6
6531427456742335615237215316573 6
1223537175167265563251674334325 6
5532545576234767633237131622467 3
5275464176142563732611316452377 6
4714365471554577617572224636564 6
7166242467535763111265442532137 6
4741635426513246572322314266753 6
7761312653615462462765777313214 6
1621722414477331176153265547646 6
7532712744622567574416742133666 4
1574712567633253441752661732256 6
4356152171156243634456562277572 6
2341373464167615744372536312575 -5
5623766341375473253264176247712 -1
3246552651351257762441733443325 6
5431641647445625257236132272754 6
2141434216633455641677727225356 6
1663275621451773653134127362724 6
5456222373121741753354635177676 6
4516512271764413325655347165341 6
