7513274744237267613365 10
6273214566663453323677 10
3676644635627117327746 10
1435331231743522264214 -1
5724751627634557743743 10
3644416356173226336655 7
2575265746441654177562 10
7764165511336347721656 -4
5413747755215627124725 10
3671425524453262164156 10
3314157313555421465544 -9
7272525616732144473317 9
2615355651775772256771 10
3436133166217442431166 8
5757651216754723373113 10
1164767267221111345536 8
3226712774464227666251 9
5376553412133665746316 10
2173536477411236755134 3
6711361213424376657661 8
2715556467547273164552 10
5554567225231644773722 10
6734311421731312667316 -9
7243237464263553311537 -10
7741264115263462352652 2
4375531117712556253713 8
5764325772325522651562 10
7525364157212236327672 10
4717141261217352435721 9
2236241433563614371361 -6
1444253263374375451347 -6
6713512142534416265173 10
1734432377725464367124 0
6113172127743752126772 10
7346564436472765677674 10
5241567774314761136556 -10
2153571261477541117427 9
6533651247257734762636 -10
3533437667623634775525 -9
4114334625465377473117 10
3474527657434221162547 10
3737433637713411274272 10
1624372244131243225456 10
2641772215676553132567 10
1255371472464753274762 10
5642753455246551143662 -9
4563715414314431466315 0
4773555244136273372463 -10
3763626277451115153672 -10
1723547273264175435114 10
5535723334122433527421 -4
1352653372345316552773 2
2466212232127146744465 10
1162346521447726412517 10
3622167221735171266732 10
7634534357255156345243 -10
5124555626133417157571 10
5345341334214757766155 10
7674225662511411356274 10
7323515154661175651163 -9
3766527411113753151664 -10
6734642577165674177653 -10
4275273413626745577521 10
1324167441345266266167 2
1474166533632621567311 -9
2721577523451761627761 10
4771644721322666264525 10
7372445637631414456125 10
2621171764744261147473 10
4237245722514376745463 10
5234656657246767237432 -10
3457577562347256341241 10
3515646433742362123613 10
2153641461374152554322 10
4645242117577725114512 8
2375276672551753532532 2
7745672136131145733361 1
4754521326766663142677 -10
5353766211411121537555 10
4627275661133634164431 10
4165272117427574345572 10
6534312513732615771663 10
6151173132266626235373 10
1173741244326774721674 -10
3775223265717514415621 10
1315573272432466377677 10
3375131442242164147121 10
3277621764213653712257 10
2332722525514144163432 10
1277347223114657413135 10
6173133543665274326461 -1
1753274542456536172632 10
7264663444451611335127 10
6327137442722556467133 10
4673236434161262423757 -10
3641773762171664631161 -6
3666736214764136444575 10
7522375636641336274326 9
5664227237371366656224 -2
2163164711467744163227 10
6145324315262464764417 2
4616657216737431273527 10
1226464536236145122161 10
7551146715264762147176 -1
1223664145433435465432 10
5535546372464136714513 10
2653561643145175333314 -10
1231775616223565736251 -8
7325334656123777741744 9
6433212275664754162664 -9
2313554147712755672441 10
4145271413411657672344 6
7232627726515352751577 10
4253141512356162413733 -3
7334146425765515513751 -10
2673752111444163456163 10
7265625345717317176723 10
4375562127522137725737 10
2666724361416747155467 10
2622424633646574442567 10
4575471356747556474413 -9
2535513717577312514235 8
6355432613355765174577 -2
7112467144641273573214 10
3463547162461574152113 -9
3521657645174252127164 -8
1647621645256744612724 10
5635774635167555123222 10
2364466533366761321517 0
3341771227113414122633 -3
3255672773162446355614 10
4771677264231556355357 -10
3542475312172236236346 10
3235711572564554333713 7
2572676516734665235211 -9
2115513112333676262463 8
6756747242113622241155 -9
3456767311455721615254 10
5154355166424223247166 10
1135336766564763377435 10
6556267355475117166243 -7
5746626561252226131513 10
3714262412363361415524 10
7521514421125351234737 10
5733644465155631667641 10
2176552244255113445121 10
1343116434276754653676 -10
5675167215511172224467 5
7736562412662237616522 -2
7676672243372374675613 -1
7615352624436652357363 10
3157626414174662767723 10
7317266566172736713361 2
7222153146246662317545 8
1641141174452646556363 -10
7427765143221372712342 10
2316736153127762465537 10
3265561134327121276513 10
5251516117155346756421 9
4431111634256646446522 -10
6155545455412377422712 10
6464117652165436426727 10
4216626237167645222474 10
6221114512352166727531 10
6143272273466765575445 10
7134324766476337266155 -2
3537617136776216226657 10
2571632462776777141442 10
7667517756152317543464 -10
4635323375636617361621 10
7747235216237345345424 -3
4222564311356557446575 10
1751763761731212552726 -3
2712127726556762747166 2
5326712341513347621137 10
4214732425457556424652 10
1516617237173452251664 -1
4247554375137133777223 10
7575331666151443522235 10
2461123615427613246235 10
1447753744277557216424 10
7763611646632743721117 10
4263247521142267755612 10
4253614347651266544662 10
1277346515713152721746 8
4635456344423136714661 3
7663541754562621356254 10
2533231411236471574145 10
4211461474446516273216 10
3635627111367153246566 10
3263162254622355751321 -10
6741637132151544564212 10
7427521156145417441665 10
3745355757664623732154 10
2471525771234614656214 10
6672775443347473741623 10
1252131721363213545136 10
6341215726337464237637 10
6333377677227435165224 10
3767153454526332121633 10
1613536761667571267222 10
4663762757717365444137 10
7356566163712426255512 4
1525433566335262731435 10
2723134461231647645412 -10
3134521245657454352511 10
7365232541136737732471 10
1427131232662647514156 10
5325236714213216773236 10
6533226471753243655324 10
6127161162751232637377 -10
2573534144356136337551 -7
7354542326526476771125 10
2453331734473267757564 10
1247646265221515474126 -10
6474353145432472215317 10
5336247472635143623136 -10
5777724441335353352663 10
7126745536667714341744 -3
2625421527236145711277 2
2744263275266165776437 10
5574416616362447524472 -10
2122142646755557263425 10
2326345441776675751337 10
4216427625166141336265 10
4316366554146211313163 10
7126127125134271515355 10
3747545615437441654576 10
3215643644622545564134 10
5727567716422263737411 9
7323731214513347767765 0
2761415313633232447171 10
5614156532547626365312 10
1175651627312364662335 10
6333121622475513763724 10
6741721172541366125737 -9
7561451566463255727623 10
6745515474656123754714 10
3331651275252342164132 10
7357242434554133244335 10
4336512572515337455677 10
2553436522711673676533 10
6427421114132541772627 10
7221312654135417664222 10
2567243551764211514462 10
7155227327337415447237 0
2522462155713357327117 0
4665651441716552543111 10
7726137324315451235773 10
4655712776426212266414 10
6433271654515623277242 10
4517611543637364355735 10
1366712172563454634334 4
4153441776133274365633 -10
5366154756355236611333 3
7676615711711472362531 10
7623521542252344174775 10
4436347172272442371551 10
2712424376441642251373 10
2732141756262777442365 10
2427174365712653336314 10
5646237437554734442625 10
6274473322175537646474 10
6724262153725752713574 9
5561215347226142472517 10
6725647724536613237744 10
7254721153251632437657 0
4567417556265717436554 10
6175421466617465756771 -8
2463713457711243477574 -10
4231564417722727116677 10
6246256334313127657641 10
7346564375155663614621 10
5455721257241344564233 10
4521374326551116777666 -10
5367312561757327176153 10
4176323224747614126146 10
7731771172657244556223 -1
3427524771533634177162 10
5767135254721554437474 10
6651325713625313222776 10
7357752375162417315336 -10
7667763165411411325267 10
6466516234473575274672 10
7651333255656347526731 10
6724751455124565746474 10
1254116773115717743632 9
3444256375722237514556 6
1443273254414527515334 10
4277243513376164142512 -9
7562513351113357267423 10
6136726533517253161335 3
4362663377666712714477 10
5677725617674131467341 10
2325457755265474511137 10
5157231142246521453564 -10
2131226512411371664735 -2
3664642377517776513364 -10
2261156464713614365321 -10
5476173551725675252773 8
4327322217435436477726 6
1771735614763773656625 2
7445333635731652475122 10
4246321173377472463653 10
2644347236642175567541 10
7134542672453143451615 10
6666174325727346572655 10
6616571734437417434654 10
1177577663273336653161 2
7326611346127222741566 10
6253634725136635131361 -9
3173166624464355723644 10
3162626675322477163255 10
5556214275115651636123 -10
6172176127263213552577 10
5277121771357211733645 -10
6253613745462114333136 0
1575544551334126364732 10
2431676566546272161217 10
7347353774524367627645 3
5247657311564375214226 10
2345645215354745532314 -9
2131367475245263242752 10
1257673476477172553234 10
1334717155342436677647 10
4164451747126355652331 10
2516276275114115232276 0
7636177456334312322371 -9
7357322636627643521623 10
5721256363161124511742 7
2421426721736233456742 10
7352471236376571625314 10
6266676555724564512344 -1
7656776444554567725467 10
1137663351346736264412 -2
2451565563667627476775 10
2454712467572571333235 -5
6452434312556762441326 10
5574214626435176113545 10
2221523263551636552411 2
3376246116772553366751 10
4325341427356312721326 10
1744725226722364551653 -10
6415411647154222762614 10
3575175711143121552273 10
4412672743323223741326 -9
7461733537163753612156 9
5711232776757351143566 10
7245714223516616534724 10
7174641734254653327472 -3
6763226114254672156714 10
5755155736121332652124 10
3633455734512473412277 -10
3761334261271466176577 10
3344115743377472344557 10
4155525523144124231677 10
5222432336242433676441 -2
6132546115733516174443 10
2431125161635455561145 9
3373376534541563165257 10
5125676435267633526433 10
3467644252437436231336 -10
1151621776416214672545 10
2761756364337231523735 10
1144754222317535227423 10
6471565247117236467512 -10
1724364471367753551565 10
2667566263444144227521 4
4737513535567336624631 -10
5546721662745614265212 10
1436737136452563655575 10
7217212674261442466442 4
7541672422467363516133 10
1223345645625671664254 1
2444615172736625422552 -10
3463263145423412757745 -10
2735463566516471356224 10
7652661315116773716523 -8
1156227751212437662347 10
1551233122455762637551 10
1144724575117663313136 10
1555765342643474317651 10
5166236775131673462132 -9
6276235711155725247763 10
6646211152236422563627 10
6751771563212331342665 10
5234362552552127166177 10
2246756674421651741246 10
6471771657541745123445 10
1346231352715224467736 10
6372221424673117535337 -9
4155433741531663547545 10
6166134722546217341553 10
4657764525111665532633 -10
6644421521473675676457 9
4316337466342535617111 -4
3634667643325176246345 10
7376477231515465135556 -10
2252633324721161744452 10
3477621563215671472632 9
4553634435426221413612 7
7612723121576262344575 6
3166276367152477547766 3
7752551455463637663441 10
6311423646326724361257 10
2726434556725716733723 3
2335231612254666244742 -10
5377155376334217676641 10
6224427631672352745472 10
3373672264556121363247 -2
3512675516437711143462 10
3654514667232543623117 -10
7622115461165225153722 9
2132742324476414225767 -10
3417312331142653464736 -10
4724225152141765454255 10
1325714561522577367565 10
3113443125751557231146 -2
6342334737562675722346 10
3172625531771365742273 -3
4177735355722517433631 3
7562456647224314642125 -6
7323221161452333361722 2
4565567431366622461534 10
1454162223566465577531 0
6767552243734465755653 -10
6316442562773452274145 10
6415775233174436263441 10
6222351624653352775763 10
1743512437775411646116 -9
3727172263612516663465 -10
6153566114164657155375 10
2622455677337154272346 10
6173211441332764177456 10
6527363554471375364655 -10
2211231446733257372567 10
6165653637277614623353 2
4172143561765121537665 10
5341166471635265227633 3
3551621241636635437432 10
3674333664455212753646 9
4715535476633115616516 10
1663772642432653343423 1
6541755544552272267431 10
7435533461251455441146 -4
6755224465726173324315 10
4631714112565675556222 10
4275664374753556113116 10
6325263132633524511271 9
1271473663551375113664 -10
3234533655144177556453 -5
5144451253226714345576 9
6463236777162236721223 6
4622357157626664214617 10
5544475464462177767513 -8
4751561123723525233232 10
4157133553776521723335 -3
5156731216274154657156 10
1574255725313634726773 -10
7556724615622554421367 10
2361577526546733426124 0
7672743143373442225327 9
2355125441727233245515 -9
1636435255425442222475 10
3171214463752614224652 -1
4662454111661375531126 10
7225173343375271173626 10
3476675744142324411131 -7
3261272546676446767272 10
7726652771315553412232 10
1357241331735416127566 -2
3651241161652673467541 -10
1755642535222756316236 10
1622277672335536345353 -10
2751456621257677547312 -10
2653113174672467342313 10
4151236661162723571242 8
2662731542364425575567 10
4327134133547117677463 10
6765213434127261421114 10
4323631231524754247633 -10
6745733345211361743314 10
2176235354754424555676 10
7474414651431431363723 6
3712657223177721731136 2
3621764624472332346435 10
2163621525142667335767 -2
6752312564734714121723 10
7612767127314473632713 -9
4151555574132121514277 10
7752741614667351634173 10
5365247377342411337761 10
7253415613665636353171 10
5713377165164212722113 -9
5722556725772425765761 10
3535463471774664457146 10
1432634644623774323576 10
1232151631665745716364 1
5166336331216452731771 9
2335315346121412654426 10
4726415211246511415662 10
5557154674177345521747 10
6612342656235772643577 -9
1647675166651317556145 -3
1411536135563225741543 10
5474263713422473624277 -10
2745252756126216635467 8
6146155761421213545132 10
3477766675356331455747 10
1137715655672563553237 10
2612271257237454356245 9
2574163666411453624647 3
5216173335637726356273 1
6542445142137123317221 10
4212151627312565566536 8
5667361353453156665353 10
3663554255421676273176 10
5225745614635373113553 8
1222362417554676124365 10
2362544461263545663653 10
6456754322746112562671 10
6127422662715727531555 2
7237723244762475135363 10
3646716231425236644355 10
6121176471774634634165 10
5671755157733671343476 10
2445653621234376544152 10
6262223127372634435135 9
5426553632342446276466 10
3725535636214274425227 10
3324642537662244722744 9
7444472223335516773726 0
3661242126527343571531 0
3356741122176612134653 10
2124515726746277265636 10
1214763457541562635343 10
4455225616262111611667 10
1177575614716125427525 -1
1744217741562372675136 -2
6357331345474524674211 10
5271272661411241763251 10
2252273176744717411261 10
4646537662113663571371 10
4515414662651156626135 10
2577311352533654367264 10
2357561223255453277765 10
3511344472324216542274 10
5764461372661354674212 10
6661625134122255254237 9
3574422617161127471554 10
6457115321727124667554 10
2275566371576752267541 10
5257556723367761675542 10
5545314771175432345421 10
1521735625612567511763 10
7651136523672122612776 2
7353564774763625314164 -10
7124126347751321646377 10
6175527144435755745463 10
3332677425236745727766 7
7731235556116125753113 10
1741447375457241523537 8
1615133732664653276361 10
3614575221574612141343 10
4157457356341273567115 10
4645663346657737333417 10
1666225615534241136552 -9
3117243313411666626416 -10
6514343123354772466246 10
3151533573722717331512 10
2775112363456555347254 10
5751757223446544173161 -4
4377437235444776333564 9
5514214753671672714274 10
6167122117366431245746 3
2427561442417726635373 3
5752143211316445672174 -9
4345313576277111763516 10
1561466712152473552711 10
5332675176125647157715 10
2244152355234513364615 10
5372356116652623555167 10
1242523716135153454135 10
1521336433345375542575 10
7452151457312256341225 -10
2225575352172514773343 10
5753167116521571647432 10
3515133474564223511533 10
7547111532213615414444 1
2754425375447773134625 10
5543212316721247163774 10
5521426756461335171143 10
4373223554171736234231 10
7266611341462663752413 1
6117462534276612332211 -9
7612142564577252116221 10
4335372427446166172372 10
2314437333731477415642 10
6625575345664225361251 9
5253161277671772245574 10
4164634244157757236547 10
6221214777754437227623 -4
5763264161536565732715 10
7212466327366777431312 10
1175152447376156455265 10
5455767356744252652742 10
5736421453613523274775 10
2724265234366332772151 -2
4676452367411566161437 10
4646777261747326544525 10
6766677174553736416275 5
1315216137756533525561 10
6213256113633613453721 3
2234275317451612436741 10
6653352171365322146263 -8
5262271674165144413663 -2
4345776671276253316332 9
2113326236117525131666 -1
4613443375152132632161 7
7225524614272163327355 9
7642222155772447336611 2
6437655613115132633126 10
7237215663424162131221 3
2652134243714366665716 10
6437463774112514675774 10
1657237635443327564111 10
5316733236713155165554 10
3564132722425765722675 -4
1762725723415665461565 10
7757225414125165533223 7
7473523362166727614225 6
3564565315241173367627 10
5714177742323133144352 10
3235232742377137616212 10
7517345743152725564444 -4
6555713377515512273712 2
4574733733765744574256 10
5743221336526347517641 10
4136713243171746223466 0
1567476521134453245277 3
7725155563411147163224 1
4617147554174723562532 10
2671431345257561513274 10
2574555167224527132142 10
4774432513276156511546 10
5226654171336242677311 10
4773335641313221432557 10
7637165412336324645157 10
6722144614111255266136 10
4721777246636627352521 10
6465221642614736642425 10
3662434524253622476741 10
4746162345121753713132 10
1756362167265226242541 10
3325547177257426477262 2
3316165473524536571161 -8
6234265752677355431631 10
2173253367766712135473 10
3414654276261113773151 10
4271215624175162632151 10
1751226416774111634356 9
4265713641671563467426 10
5577343442537123227341 -9
6533633727775146626645 10
7753365641512512416746 10
5451163356652121277653 10
7727761526623636142225 10
1462747357312515612672 -10
6714255611752564375577 -8
4215262522715645377256 10
4363354365451724565514 3
3423433732541777742226 -5
3167462341246325323514 6
1221467722337646123554 10
7311524727341112765173 3
5134145531466666314267 10
6766631225774444217367 8
7171131634513735162257 10
2765363551573165176156 10
6573765136146363543157 10
5324133422573115153774 10
2425531312455767342613 10
2133232562173417624755 10
7136345241641275641727 -10
1752725722336534612736 10
3634141652236143675143 -4
2174245771413572121273 10
7516311534512241553333 10
5132235265547744721545 -8
6574774516441134153731 10
4141164511226417622572 8
7762513434162326634213 -10
2716544164723556361625 -7
6435711247561563167273 10
4245145152344322335767 10
2454512732351131437622 10
4321776517411613555466 10
1775345225271734517733 2
3763234542347531255753 8
7656215227653375757623 10
1534255545353321614676 10
6344146337714417511427 10
4726235715265273537156 10
3261611531226513235512 10
5325343745357777462314 10
3636746157771517124233 10
2412224776672753114346 10
2321614772436634435612 10
4127116167217514333527 10
4572167223565365173711 2
1711621224716423422364 10
3525237274557431477123 -8
2123177132135755766212 -2
1431244272314515624126 10
7215516635725257215137 0
2416354636723175177225 10
3565537753462727227167 4
3132127455351653347527 10
5252143465635763762562 -5
4443521135213167777756 10
1146637167477533366471 10
6367461114213543511654 10
4314334676754115553766 4
1235614732153143426455 10
1765554351157361512316 10
6317716643377642452736 10
3221641521135615631657 7
3127246445114522433571 10
4735673331146736113445 10
5252314656214541725267 10
3472553423751136265472 10
1552213464461562457752 -4
