6422766111437271563 1
5766621163372641473 12
7623667115654643155 11
1572622564164247311 0
6263117356225277315 -11
7644637651122531716 -2
5452341627114376445 -11
1121753521643624754 12
1656136226514624435 -11
2655322473267121537 12
2427372564665615133 -10
4526736377225274154 12
4173214521767322565 12
1774222241736444751 0
6442463453111563731 12
4622651326526543247 12
6617326553642617477 4
2546617514273236635 12
3126655677243372311 10
1356753271253465672 12
1466265327217317744 12
1153274351476452771 4
5731245557532673233 2
2463765762724157114 -9
1167453612323276715 12
1524531261561727234 -8
5411316723546723511 12
2212733655767167465 3
6611244365574667315 -11
5455222614714166371 12
7764511731515342762 12
2453336717427652512 -10
2214673236311357325 12
1235333511122772713 11
3767146176765415221 12
1452251227646734214 11
3371521467422151276 -9
1622412341774573247 -2
5221267154467776541 12
4671113343527446341 5
4174422165731324775 -11
1411732477312335665 11
3272662476237461121 3
1274343546616332542 12
4613133263711727334 -4
6777152332632712553 3
6533325213714766312 12
3542747762514472311 12
7775123346435121264 -10
2367341427327563263 10
7241661173351463324 12
6656445724415621731 12
1321523675655363145 11
7614233655524653336 -11
3713755157625443467 -11
4252153731212356466 -11
6225347161673415164 -9
5113214775532725633 -1
1774223125516316511 12
2471327455662564623 12
5546135671327771365 12
6564773435415273213 -11
6717355613223624777 -2
4343676324752616621 12
1247223476764652677 5
3463554751311655263 2
4232233576523316471 2
5275157764163162354 12
4574676512223331771 2
1513267253465573366 1
2212772437665156124 8
2766317465564313113 1
3422251533176127556 2
7134143727474526113 12
4117617355574721255 -9
2536335277561514457 1
3153623564762173117 12
6232213566457176367 12
6436167775243614525 12
1221453766272141544 12
7535671213732424211 12
5342675313322315667 -11
5264734316363721372 -11
6467537515551122672 -1
3621326474117513745 12
3456616167553522262 -2
4141751352614664721 -4
2472114636376517674 12
6162536732757726374 -4
3423625257126777544 12
7441352272134531465 12
7517366572446212143 12
1574163477645636312 12
7321374273564625314 12
6537712777536546661 1
5714517344753241745 -11
3615173551726272515 12
1421751576645622514 12
7532424471266327662 -11
6473166125742564771 12
7622645717721731541 10
4522541727276371155 12
5327336223444121474 -6
2657733454467453132 -11
7755267342611243567 10
3431724124777627136 3
3531124156644736425 -11
3342671417254745556 12
6524742727415375326 12
5723764176226377354 -10
6175423527632323674 12
4234363366745217431 12
1274632351535736714 -11
5747533314266152471 12
2115636412317621734 4
6672752756337362454 12
6422412613676365347 -4
3174673615214133722 1
6634456632253777721 -11
1741454354232256315 -10
4455125263355771667 2
7752644462151116535 -2
2643374172127532247 -10
5272473421357511243 -11
7753267347312111364 -4
4413445622756267163 12
2736457551463162144 -8
2443664514712736624 -2
6173351227514153562 -11
3161716673155425132 4
3726777114261634571 12
6124254536627331654 12
6714132432112343452 0
2611146673323271346 12
6415775244673466252 2
3577723114322662656 -11
5666123717322446674 12
6527715431341642635 12
4261147375372376236 12
3325131324255154171 12
1114141767446423746 -11
1241737125472275366 0
4655735421213174742 12
5517424672237535224 12
6613674156224226326 -2
7161322137751435134 0
1364626437522371165 12
5567711261273456342 12
1447237245717563672 -4
6243753554551761222 -2
7262317635267331525 3
1215216552377626456 1
3647656433413511246 12
5375321166745445372 -11
6232744156473773611 12
4521365626147167451 0
7734214315176655264 9
4543121244356413622 -3
3437665544721143217 12
7146625336416771626 12
2166656447344572117 -10
6346574221237673256 12
1343763562263561324 -3
5515227674474272461 12
1264374674477711523 11
3413512431235742727 12
7522665121637357643 12
3712422661174615731 -10
2751541447253336763 12
3443577613112547355 6
2453756251321471264 -10
1757122216534135366 -4
2574765736322167144 11
7624631352672161534 12
1325744722756277665 3
1416725547336745235 11
1471444114356236261 -11
2731325417762367151 12
2317664375717732356 12
3532511775153724631 -11
1436532521717413427 12
3664327424227545277 12
4432731635275616143 12
7631533755441271436 2
7411253415361644542 12
6626437524713157543 9
5466334275242123517 12
3743571341347513522 12
5562211764352712356 12
2741271745341375443 0
1113753667665623462 -8
5425652266772264356 12
3447645121216265324 12
5673171324567542214 2
7635666324421726751 12
3756236411752671263 12
2653116342271571217 12
4236157526442377763 12
5472323274171715614 12
3514311645342462776 12
7143754366546336526 12
1726411415625752456 -11
1774254365265233274 -11
3521127466626152135 12
6511575256756472374 -11
1711427461363225723 0
6413257621375421654 12
2352651127414241135 -11
7511114743611667223 1
2447246637473651633 12
2274624117451557655 -2
2476321127327723174 3
5264763114311237556 2
2564655234464762716 12
7331613574161751636 12
3613615543427165257 12
4236747313614124664 4
3366412442276372667 12
5332416266444745251 12
3364211657426224726 11
5447422627652655733 12
7443251217342155314 12
3131567275437156624 12
7725132424616535747 12
2725645441466617422 -6
2542215266745717763 7
1465571673573776223 -3
6756634514443131612 12
5256172637233177127 -7
5565312762245746544 12
3475647361115476573 12
7165741535266211772 12
2471752735541325653 12
5146622344621727126 -11
3675646254722741175 -10
1754163342762122151 9
4625213173725276623 12
2624642641365751327 2
4457752153624615246 12
4176534255131647326 -11
5535241644461273753 12
1346246315325273764 5
6277227634764511141 -3
1673441532373174715 -9
6211371352336575677 -11
5643471265613424277 2
6364772656471113574 12
1741736522473213555 12
5534774262112363663 2
5365211762441156474 12
4552327427431676735 12
5341321664342556775 12
7457315424552711373 12
4775235312536617364 0
6371452471753556345 -8
3475614214536745326 12
4357215362153771154 0
6213122147676733542 12
5472331521167526554 10
6615523345712744343 12
1125422216142566647 -11
5325166775712441234 -10
3461625614715762263 10
1333471776567322217 -11
4767773431457765341 -10
5163644621473737623 12
6331741345657355647 12
7433164326374515737 11
3472426711515436217 12
2472557647515236531 -9
1467524563421464375 -11
5473674726124371246 0
3215251346473226267 12
1627536475277511316 -9
1443114657572422451 12
2261173553422153674 12
5662432314123162562 12
6563434674523726453 12
2521313666413474537 12
7553421154773132553 -10
5234632253657735157 12
4652772375345325321 12
7337263127655227155 12
5557132256146613616 12
7256246635336225154 12
7466431754517311524 12
5637635741321445514 -6
5342762515424673621 3
3417423257755266534 12
6634113344572473264 10
6153473265561526746 2
2771455314472265431 -4
4354325176236371646 -10
4421653577673352111 11
1344554351311146277 12
4627175332564365124 12
6154156537224752116 12
7522437557174264661 3
1711573271261522744 -2
5423533515445317637 1
7531366773151275122 12
1171347255526541771 11
7453551522434316242 12
4215143751116467336 -4
7636675235327441655 -9
1377671371655252212 12
7125634774511523352 -11
7667653234625423512 -10
2763175721626313524 12
5556212554134361373 -10
1531546347223756523 -11
1522624347374235636 12
1156722316174376154 12
4272137117444357167 4
7124725267733667643 0
3563153467661542736 12
2743625775614553664 -4
5762234215747475216 6
5246534612617776351 -9
1636327365356167315 -4
3512417532744347675 -8
1465513657743775163 1
2241445325675132263 0
2427713532112753527 12
1634764443531452624 11
4575443722437766325 -3
2132264135677547326 -10
4111123654343527654 12
3745576461523221763 -11
7467261431221636531 12
5233636774276453762 12
7234156542131447623 12
7364265146735427314 12
6356732734372144714 -2
2222641756277636453 12
4566742151535437364 -10
2732642567357511146 12
6721337162712235346 12
3622141267342633575 10
3115574576662423723 2
6275735753321171327 12
4522427172431325313 -7
5411322673623643614 12
6634226312136775541 12
6675646733641352551 12
6634636567765437472 -11
7416374771263346726 -5
1361654254377525166 11
3315547523521434714 12
4217721764767312632 3
1371225214662515636 12
3373514112512757462 2
4236217363145522147 12
1251474276634667156 -4
6174343127574367164 12
4655773312211761335 -4
2743555417347627613 12
7731164171433622655 -10
1643247165321734445 -9
3323315766246175326 12
1672561561411432526 12
4225232745614554131 12
5176323743246513572 12
5646311236427133457 12
3471242743763715675 -10
4313671511346527657 12
5341311624164764776 -1
7476541452356222176 12
1654214643657267225 -10
1175424226546767423 -11
6377241112225146323 3
1745324374667353214 12
1336265351274777643 10
3133571364277452614 12
6371774174256432352 11
3426572376531375426 12
6174351445613422757 12
1635127642566417212 1
1774557427654215636 12
3612745715661123532 9
1465232166441631176 2
3537734353754614314 -11
3174756733627624173 10
4427657765542611554 -9
3665472165643537721 12
7571147445242357645 11
1127273225516455566 11
7564462567635256132 -7
3221273161652545773 12
3347457775541314526 8
7427163621731555516 12
7121343332671154455 12
1521231572777712636 9
3245173411152237452 12
1236663761274436731 1
2652361473162542146 -11
4223325571341356117 12
4534726112526371634 12
2636375525631164312 -8
7636115741324533734 -10
2625511776117235421 5
7233164244533755114 12
4652123157432242537 -11
4257765766327465731 12
5715173624735356623 12
2145746212457477126 12
3372273655351254635 5
4441336645216373242 12
7117762153743243257 -6
3763575554613753714 -3
5632422571523644671 2
2464323777653624615 12
2677142144326571527 11
3751543173276646344 12
6441367253712645512 12
4642137655772545162 12
2271133351546365557 -11
7741315576747366644 -11
5627376423751551426 11
5134426251625376471 12
5156373234177425412 -1
3543763761552441245 0
2675221764664135743 11
6335124377361561251 12
5347152353465657612 12
2324121275756567214 12
7761115516742652263 12
1453672443577433742 10
1275467367244657213 0
3134775437271114534 12
7221716345773375342 12
2514676521673554234 -11
7537211152174743236 12
4571216667621235336 12
7742255665732632346 -7
6421575672533442451 -6
4527275223431377246 12
3514427554744233357 12
4116334123627642637 12
2214436731365275576 -11
4675355233461467265 12
7444277255631311534 12
4763344574154747353 12
3346167315774657441 12
2152635356151563742 12
4421564772137733653 12
5216171222733542532 -1
2435647475525133351 12
5733635175322534567 -2
3152157677345214675 12
3213246656715524255 12
6154227445776613256 12
1346524113457467376 -10
3263614577274314475 12
3241717162742515422 12
6221623662335237577 12
2417353167751146136 0
3412615437724147365 -10
1542673165164522642 12
7415736634212356154 12
2445647173244565131 12
7764612135713463135 -10
6215574715412633574 12
2251736753561113673 -11
2157563554431342272 12
2433317576614325364 -1
2357664166753571731 12
1275175346432374723 12
4453374316621375524 0
4176127235273526746 2
3531412234671445576 -11
2774142664463121764 12
2325452632343266417 -11
6376612226122713634 12
3114471714353366667 0
7761362512463275735 12
7667514211543233571 -11
7567731561135327125 12
7342156162774323661 12
3177242635411524147 3
2611431651674725627 -2
1715575467226514652 12
4221164732567154633 2
7341571426577112143 4
7612462144632657241 -10
7165255224137537156 2
2533145521716611777 2
3663753322251471467 12
6746455416527236644 10
3456371663174567761 -11
2416535514744536762 12
1142423417166354565 12
1677143755334452124 12
6572741245313635221 12
4561423314234552762 12
2657166433332437642 12
1556755712163122637 12
5563573244716735623 -11
1412333413645227766 12
4347656426651645577 -4
7123272112567774436 -1
5677434133462565117 -11
3261767741744537221 0
5164727512156432764 12
2311456427435764332 -11
5757361355216314433 2
1336661652324635541 12
1637147263574216746 -11
3267361766254172334 -10
6123173624221474734 12
5313522742417656764 12
5457536611244475624 12
6153224327412674551 12
4517716323255124756 -10
7716425323531256742 12
4772262136735462266 12
3336544156374742671 12
5372537516552427616 -8
6527726735464342313 -2
6575162611327214227 12
7145726743423411143 -9
1246441312372643757 -3
2714634257763623534 10
2113433435741766625 10
6766761754546711254 12
3275325271213325362 -1
3477663162364716146 -11
6451362432562317521 4
1667175224417514425 3
2542125156171725127 -11
3165174435755656272 12
4771635234426165217 12
4567743456217422725 12
4476522323251213575 12
2453725761163746354 -11
5175367324232454553 12
2264472337654147255 12
3321472525141716456 12
4561642341347751762 12
4732213572756431446 2
3513745267271161536 12
6764456373262641471 -11
4456657124235366533 -9
7544562134461173133 11
7552223655421557713 -4
7225563267737633221 2
6713422147457662321 -11
5121435647343532172 -11
4357755713731262256 12
1656633441724475746 -11
4231171265613472673 12
3131671541352377763 -2
6113731613452642457 12
7116463277324364524 12
3462634371174571575 -11
2655152753775615464 12
7166375461254132751 2
7741272356663512642 9
6765326126322234747 -2
4124753311733526154 12
2627431351211746664 -11
3466515617513234154 0
6524313557732163427 11
5422242431264374337 12
6721571426561355415 -9
6235774752612371551 12
2164733432652543136 -11
5162541222541537443 12
2671352712675723416 12
3354177445517665543 3
1655523113217547273 11
6532164652752217376 11
4736624346273576175 -2
1423762677433454115 11
5344626215556436523 12
3114525465111277452 -2
5453776731147741265 -10
1575516512371664232 12
3741663522512417767 -10
1613336744224135446 -7
6453133276472712315 12
5411452445123763256 12
1321273457637315224 9
2411351744237765643 11
6326452531377216255 -11
4147374672177552642 -10
3161735524163577262 12
4261473323771615455 -3
2566217247735631236 -1
4227561544336571143 12
3546777632473263221 4
7656412565147573215 12
4474156675623152546 12
6726734227265711411 -11
7773476261213411353 -10
7346761365212227711 10
2147143513367152745 -2
4477426176153132522 0
5347547466763213533 4
4776173432226714446 6
6375316143772225154 12
3617574415736755516 -11
6335471312772617515 -2
6125527317214661672 -2
4771231235637133245 12
4175465125664726153 -11
1231457571265274523 12
5645225551175341613 10
7716276472175713436 -5
7333452543644617727 11
2425777724657341344 12
4664246134657321123 12
6533356124754377461 12
2564431611343267452 -1
3211525136472467564 -11
6365337557544313212 12
1137342134776324567 12
1152663324512715347 11
2214271143722363121 12
3742221676264755342 12
3514745123165361265 12
4514546327416712212 12
6134517346133136727 10
6371541135546436753 12
4326616324525436577 10
3375452437511622213 12
2576673171455767312 12
5416736257721154631 -11
6527213317612664624 -2
3751677363327127266 -4
6654671136213715532 12
5524573642352126211 -11
2112542377165426263 12
5552377231133216166 12
3344566611453156573 -10
3764166532557262443 12
4665657437211474517 12
1142623557242435762 12
7231574674343215456 12
6622536263147146753 -2
3113326155152357563 7
5272443676173757366 12
1452771116355332416 -10
1513446722327637153 -11
3525776455622711727 11
4237462332613125417 12
3414714274136351712 12
4675711746352521517 -8
3154441757627253263 12
1274125641266432252 4
1552433675722646745 12
3447522277116316334 12
5576273365341266674 10
2216575173721427316 -1
2725174212735616264 12
1434566557246542171 12
5611262637541425345 12
4223746773663325737 -3
7532646543131234545 12
2217562663245543174 12
7753176432246615211 12
5464541766611272323 12
2654564662177533431 12
6243151137117575642 12
7273123656642121674 -3
6517456241152614237 12
3454421311567317167 0
5244112347146622447 11
5632155367712314774 12
5742163711653174174 -1
6231525334742622743 12
6324612644723154664 7
4426455572217336731 12
2137661732517272356 12
2431177772443746116 12
4273741756273332252 2
3643715461135713144 12
6767517755152466473 2
2634175467211225724 1
3343541224571325413 12
2447165373414222563 -11
2452464741235174517 12
5326775161643274725 -11
6427317261142115746 12
7427612253341523772 12
7236157615324546172 12
1174647526533452477 2
4334365572426622471 10
1655636445234727513 -10
2633126477552121667 12
1524571523773267142 -9
2575522177647142334 -10
6125547273163563245 12
6451335623425422153 12
2245176673331311524 11
5633345146526624743 12
1315712136475474214 12
1653156363677531227 8
2531462335674312377 12
7653125725174324254 -10
4121246611454753542 -10
7134557722535237716 12
2173321721563245414 -11
2643374412213562333 0
3533566726322545267 -11
7765216543211374653 12
4273232415176757511 12
1647625512733734722 2
6541561124467332452 12
6313357575225367346 12
2117645137545213634 12
3115532555726671166 1
4313641453377741216 11
3614475763454165672 12
1276347356162421427 12
1577173152575164257 -3
1635422616771157624 -11
6667314314717273261 -11
3174212517375754657 -2
7711353461433136742 12
7675554617242363177 12
6162721425713235514 -8
6271114545333454272 12
2472642256614355736 12
7544275622164263246 3
5763644633256644753 3
2432277656211666326 3
6525237571564144233 -7
4334452767617252552 0
7263474367774556145 -2
5625417213267141317 12
2732457111541554664 4
4673256235646543237 12
5132727637566547417 10
3267543275535314417 10
3652635612414273114 12
6264541326237165531 12
7177645625263212711 10
6353271435237211745 12
1723555176623433516 -3
4216633465127454446 3
4156311254552537346 1
1325476231132133746 12
4562515174447621632 12
6243752161672233277 12
7154272716452367617 -11
4675544546522116216 0
2341654774423637241 0
1226632751366537742 12
1531256354354567276 -11
7474171547521657714 12
6655267157613731232 12
6761457254742321373 3
3741367716271532164 12
4514421764336735244 3
2563514323334612551 0
7565544736136211262 -1
7671542343416271633 12
1164423434563725726 12
5656136476145335623 12
7123156616617543474 0
1353166245435742626 12
6745122627354223346 11
5761716326542165347 12
1155253766366475434 12
7345557244234171161 12
7221376644643366271 11
1613425357675562674 12
2513176627773134745 -9
4275366374665314115 12
6551431134176254547 12
1776365511266752342 12
6536141242511373764 7
5635777211454222537 3
3254271123341376627 -11
7142212123344365467 12
3745431516426627237 1
1365654772677142547 -1
1222144232767345766 12
2164673347466417243 12
6271452327625544432 12
6461425625173667524 -8
7214776131513535564 12
6375522375124246154 4
4717674542552352266 12
7756255264312163323 12
5411742415413257526 12
6142144521272366563 12
2334662531447553462 -11
1634464355127776423 12
4652451461374715555 11
4356374634625112677 -10
4756257351644616377 2
6247155147144613752 -11
4566655277367717467 0
6715337465432325421 12
5764223375434714763 12
2376354141721627236 0
6517152113254342345 3
7513214661725316633 12
3744566432671417632 12
2325313672133127654 -9
4262115711514653746 1
5735642464172225371 12
1254656421266741536 -2
3636654257275521376 12
6527743616147122735 12
5112761312537263442 12
7354344634514171252 12
6375277227462353145 12
6426761327424557655 -10
1661137775425741462 -11
4223457346337117215 -11
3142657461727532612 12
2231227245531441757 12
4553641372254167122 -1
2474432721536214432 12
3572715754312654462 -11
4721621331733774164 12
2437661346213517132 -11
2726454641531361737 12
1312244755412123137 12
5317125111364471772 -2
1773634277545156646 12
5344162265417472477 12
2675523137276475244 -1
1647751276233426135 12
4737444257361563123 12
7163762425363212351 -11
2561527357342567176 12
5147255715736617561 12
2132546454774612612 11
3774621374346571233 12
2552112521236633467 -11
7617227371542562646 12
7143632742212735251 -11
7546576713642423135 12
6427155431772433265 12
7434566714231141725 12
3531663666275713445 0
3556417372741412266 2
7656521541246476521 12
3737371414652355115 12
6122575471561537216 1
6234147612146113757 12
3661356345767577142 12
2627726215633143276 12
4134751655224367153 -3
7724247611663442532 11
5355322723637311245 12
3343614552617417166 12
6477752543252742323 12
6427445237153256211 -3
7446315445236775531 12
3274723467752516662 11
7356545521626311136 12
3745123324536375515 12
3457374671175234455 -11
1347736152727337567 12
7112765445617212615 12
4431767566176113533 9
1723761667247322325 2
2665722714364561354 12
3366345516162357774 12
5577112525327631673 12
6524145577276532341 12
6576637147246525327 12
3232674514621576223 2
3214774162332543577 0
2762542617177517442 -2
6152526277355364144 12
7235527566634464163 12
6172767323426134212 12
7467132377254262571 10
5761672175214336751 1
7565516646732317533 4
1454777121634225646 12
5445532632623577616 -11
4315357144727362426 12
1667267253734376244 12
4641321333576457277 11
2736314165675222312 12
7335672731221162562 2
2444365426137527114 4
7251443732454716612 -11
1165321316547372662 12
1235445757541161417 12
5446133754261743745 -11
2346321347123525575 -11
4171525721573622131 -3
7716212522614331264 12
1422457237736624573 2
1116472655135261346 12
3572762743221664565 12
3652274475176142142 2
4621417634354311752 12
1141457264544335567 -11
4272763441675652641 12
4721735215145771467 12
3562132572463616414 12
3522344312217217167 3
7116367434137717363 12
1147654326572752416 12
1724664765732532312 -10
2424625535223764754 12
4764654656121535647 11
4651177553342563131 12
2546221176533471365 12
3165746551437143137 12
3156326154242457271 12
2724115312426633657 11
2577164332415242165 12
1654611254756751363 5
4122132265416363765 12
6325125513316435462 -9
2447147564367776623 12
6721463543377444162 3
6721165321633632443 12
2363317755546735621 12
7766312122755523164 3
1157636436376626215 -10
5257363255734421734 12
6344217717646531344 -2
5414532121554223223 12
5134654472762333463 11
4447161237334271655 -9
2325576113231645441 12
4626665243255275511 3
7763142465223517632 2
1776545723143531474 -11
5665431271667237712 2
2341565476673321113 8
2554626716277416371 1
7322143147326373657 -9
2513255241473341651 -1
7446353447265741153 12
1772664745653754414 -11
2641527331541772156 11
7725476175724441123 9
6727476354611256234 12
7721512646236253524 -10
2115624643714216635 -1
3651342177742524415 12
4422626334314157523 12
3642532716346317715 -10
3771726224161335126 -6
6565611351351522774 -11
7157731232477556632 2
7653251617471242376 12
7125331672255135224 12
4772171344625263261 -11
4265367372143474276 12
5561142463233745462 12
3657311441214412667 12
1524641541346376762 10
6366674175426115552 -2
1152146346712744453 -1
1561557312574242717 12
3717523661547674335 -3
7146546736641224113 12
2452426761763322467 -11
1754676125361446527 12
2553637766711155747 -4
5351773523262214346 11
2452525416261736414 12
1513765713526541364 12
2366774473155264444 12
1463152656761542526 8
5131662512265437543 12
3625736427415265763 4
5133176614412576562 12
2563415375165217443 0
1414762276355217453 -11
2112734234362514452 12
7547574261523562567 12
5657614147475212241 12
4272564563347426317 12
7674262344472161516 12
3562515442741146542 -4
4616713147357332312 12
4417652354155715754 -9
6337521577636157234 -1
3374272316476262356 -2
5472341545215534126 9
4342314316613475616 12
7776162552411322655 -2
2336665754747435312 12
6126612163277762423 12
1654516365426343222 12
1323371536114573651 12
2333256517674646427 -11
5156776172376434621 -10
4522552677416434126 7
2571247631664521123 10
2723154115416276325 -1
1516436144237271643 3
1543576774763236652 -7
1221347446137554614 12
1542613722525331471 -7
5142343645335242141 12
5214454622717125351 12
2513451733357655634 -11
5762223723641152136 12
2561432226362345277 6
4341453437316275514 12
5616521527367311255 12
7631641461776126567 8
1243536546376566725 -4
2413126436115233122 5
5412762763237146442 -11
2743552632616714452 12
7632654175577554341 10
7245173556335742112 -6
2363664741315124261 3
1764734764652516147 3
7462577531143261742 12
6212243147667764654 -11
3634712556136214217 12
7617362674252134557 12
5447722537656125712 12
1633146365514543143 12
1523374115744725427 12
5452732415537463221 12
3264167172363522465 12
1567772671525216315 -11
3621634513254125741 12
4512657125474461323 12
7453265143674735311 -4
4536764325757771742 12
2462257616514175347 1
2341535256747476114 -11
6621146621423241175 12
4713234646722553241 12
5651312455432274265 11
2466742212653763162 12
5416253345713716247 12
4547216712522443763 11
5732711764653534427 0
3435675464712311514 11
1651541326223771523 -11
3274541134235153177 12
3471754225366767342 12
7465333771525516136 -2
2162732414675235457 10
5421521771563425412 -3
5612653643554347715 -11
6534671573372212454 12
7214347317632475256 12
2136652351515345362 12
3732754173426125556 0
4233735422417131275 12
5564116533532157432 12
2456466112263241514 -7
1774577347176211644 -10
4762516371214245337 12
1765352274417264633 2
2377547421633236535 -11
7134463771463125452 12
6555731725273347247 12
6317574125512427416 12
2566262456327143231 12
7611712344577641166 11
3754212737654674246 12
1653277445417562743 -11
4677127214541721753 12
3524427145624321376 -11
7654156432223746664 -11
2156547262717715643 12
6171166534621624673 12
2113354577267123656 12
1225216142463273246 5
4517452365426123763 12
4371765276532736446 2
2732166754146421177 12
6224334365136214357 12
4733351222412656767 12
6625557174321321361 3
6236747212352657735 -2
1664563651276213771 12
7155566623564114435 12
6742471561546473235 12
3352157631536475135 11
2641321557367747561 12
6345224157463654341 -11
6724377333154742145 4
6532727743415336312 10
7542521367112337264 -8
6567522713124531126 -11
2573667776735231315 4
1464717227153755451 -2
4362661456543157761 12
5243455415265167627 12
4711257245467712617 -11
5352427746247111635 12
3467554433162226612 12
4667137454255371243 12
3544754166773363712 10
6235322616246772637 -1
1666635717352247243 12
1572457716543612365 12
6257436633274564577 0
2342223662175437773 -9
6431652556475152367 -11
7645422237526123331 2
4346745213764612176 10
5525511713123374317 0
3312451566253712447 12
5372451216733723312 12
6131447563122273265 11
7662155132257416622 11
3761541447465167534 12
2572571652317214466 12
3344175211561427253 12
3673751714672455246 12
5536716221673351227 12
6412413362716347142 -2
6376154217616242311 12
6236547141551421652 12
6241514563477712325 12
4531475376222716447 12
5472573323751314146 12
5612543121765334717 12
3327233174475626756 -1
2553576634723464223 12
3164627527461167214 -8
4716321177715627542 10
6526122764254133553 -11
7465541677564521353 9
4237462657531652124 12
6656662332422211174 0
5234276512721133752 9
1776446211565324331 12
3443667257136661214 11
6256451147264325773 12
7222172614635736315 -9
5532771375474651115 6
2536767634276434155 12
5325761725143434326 12
3754664227676312323 12
6164653733727237211 -10
3327516212345437655 9
1223447135657464527 12
6346217174253773337 10
3446775362247753152 12
3572562613772745536 10
2126671173254753713 -11
4442631351174727754 12
7253364446756127511 -8
7651174455765235621 -1
4216566241253312667 -10
5241174366235176143 11
2675456713334173132 12
4327177446373145125 -9
1414236633763675172 12
6623765175143542622 11
6115352361527617427 12
5216236744713614515 -1
2175511635352765172 12
3111535473475724622 12
4241457361632777337 -2
7375226167557556273 3
2344747315512712252 12
2113721647724565353 12
4553133177246321667 9
3276541571573325674 12
4175756327152251446 12
2771261645737525176 12
3717443574723746156 12
6447462612725571453 12
6246172175413464546 12
6673453341256131451 12
2152275156343136166 -11
5743642262173516174 12
5347126435631147322 -8
2753764424122276743 12
6221653733217451757 12
4216531563427437774 12
5673231276563174613 12
3451332425367224766 12
1521753376521456161 12
3624761745156447351 12
3431337513262152556 -10
7727655366334524116 12
6762557525361676211 12
4474327145354363166 8
3566737465443424177 12
1742246317125565452 12
5764162457377325314 12
5677146574334223774 2
1321157362562423611 12
7117546752332557324 12
4551571744647526174 4
5674367475216741454 12
6566311273225124445 12
1236643755734742165 12
1454737535637714176 12
5347312466364574142 12
1563642426322235517 2
3577244331766171323 12
6754217645325312375 -2
6745121472213423511 10
6333577641411272433 12
7735222175516373614 12
7117712575127444364 2
1175732561247544514 12
2423742266517356715 -11
1355442447335122273 12
3134332457677122675 11
6514547226771675563 12
6533425751112264463 -1
2165664337142777364 -9
1643572363162726757 12
1172755233335516121 12
4527241246131177775 -2
7543577321775333654 -10
6566445717557332276 1
6226717235617775621 7
4435616214371736615 2
2227644755313261671 12
1275764225116356442 -1
4634451227527112276 -2
2467731562635657611 12
7561326725147143767 -6
6145165126727637341 12
6473732537256551766 3
6337623647254675441 -10
5772213124454312642 2
3652442311713735216 12
5764722457744336271 -1
5631222672535767157 -2
5617341275462255516 -11
5774143241261253152 4
2324551243474375177 12
1521446766533723243 12
5645736731452766744 3
6256357112617472115 12
5664144521177332537 -11
5615571376731462367 12
6516417644163272651 11
1474435243716527134 12
1357761515242224517 12
7325436417275327616 12
3557726261561313272 2
1223243752363524741 12
3544125127446436711 12
4575667374545516331 5
6523122545122634377 12
3123273135744275451 12
7715713312742432534 12
7113254465157734124 12
5614227563266757145 12
1321277457734262433 2
1264762372533156172 12
5124137572763625362 12
7347163332675725511 12
4566477347176133135 4
3471542533577223372 11
1541466363524176211 -11
4663261145765142551 -11
1312211266613625375 12
6327416364213557766 12
5554531332635711744 12
3174416736377317156 -4
2115235562263273557 -10
5322125357672344676 12
3314727765721343145 12
5761136542634174717 -11
7764577612444223554 12
1216274333566155235 -11
1726735766264524724 12
6763226115135421742 -1
6645751532474156135 -2
3422634257711353524 12
3467277652611621275 -2
1342435617616722555 11
6111643715756112724 -2
7455442463213251523 11
6227113335521256567 -6
7371662734611654565 -10
7734143756522247352 12
7134132254415264677 12
1732661361555461537 12
6566525514333413571 12
3453141777462446721 12
3412543267125635572 2
7171174165642624323 10
2721472613537647573 -10
3272767634553121445 12
4147623614757616212 12
7522432765551231661 -9
5245362361614546546 1
5415647151671451726 12
1653132562327547321 12
5421633617365572473 12
5425473233316775616 2
7571661431555263724 -3
2776733546671635441 12
3614436316612575274 3
1253566165466243516 10
3675533714513316753 8
5714625744423523713 12
6311251632645647733 1
2574367217631766341 12
7615743415426636213 -11
3576167517632521735 10
5747151442511643635 12
5363156131243475764 12
1326562266326361451 11
3514663252746243644 12
3425632541312561637 12
3522665624577127326 -10
4464722774755513313 12
5451674333517343742 12
1755266213621256644 12
4575241317615427513 12
4235624156471627323 -11
1255742413247641554 12
7762371414175356564 12
5155113476346261466 0
2735423141456375166 12
7612442237462521547 4
6177164531277333641 12
7646716315464513227 -11
7365127744762556334 5
2517672624421457355 12
2142654654711756362 12
3154423435731717616 -3
6743132723671124456 12
6646721231467411647 -11
4355677677213634416 -3
6741751563432113427 12
2226775551431651373 12
5653225431176665262 -9
1642547753352537715 -4
3745554216136146345 -2
2367751376761524524 3
5263662544113237416 0
7233737632524556551 12
7115643667412144453 -10
7762136536621627154 -5
2732215526755364436 11
3322561235671766673 12
6721642537546216417 0
6475577511242466133 12
6475614226337637153 12
7322463314563416412 12
7531542132721164564 -10
6256573371645635347 12
3621155453446634527 -11
6552141447313757732 -6
2322515437742142113 -3
6113677753152445234 12
4761351614674732437 12
7634522357614644227 -3
5113742367665225774 11
3545324471111362337 12
5556244367762231311 -9
2151774353715233463 12
7447615632562423436 12
6647431272645721652 10
3634765763215224657 2
5143415713614362175 12
7264353321267321761 -11
2647164222551313744 2
1315253355742266371 12
1331525265124641366 12
3625714457741362411 0
4127327313255474766 12
5447171556417252453 -10
2676454774117323113 0
3777136555714147523 -11
1715663763421321726 11
6513557276565312771 12
3564742452227113414 12
5671764354322312774 0
4523317512317355466 12
7676124652444417716 5
4336746542542112731 12
5722474763265373466 12
2521674366637475127 2
3677254236555176154 12
1247756415622631376 -1
3232576177547511327 12
2512433426176435261 12
6515725732412646527 -1
5522471767431515234 12
7527732636171736412 12
3332471671554465474 12
7661217316224442426 12
5451765664622137223 -10
2131761117252246753 12
4626451333651273417 -10
1722216541742652644 1
4257315227112541241 -11
2636721625741167475 0
4775163754371371323 9
6613755621421555336 -2
7467224565147462351 12
4716121451332377766 12
5352123347257541126 -11
3757341431557166124 12
7472542432453527111 12
7421312523673767421 12
6455724715776313315 12
5477333521225627711 12
5473131753327656626 -2
1763514565242625341 12
6542133221341474213 12
5336451173714544456 12
2117327456751726627 4
5744533431551531267 -2
7552351411676724123 11
5764272631452572167 5
5276753566341367143 12
5254375523731146732 12
6176773253215421665 12
5171367237263252615 12
4427574511533671627 -11
1774113456563417225 12
2721233244564335561 12
7467443324755366131 12
2275124376477335644 12
4763115237727635454 12
7453111773253172535 12
7335144164572113553 -11
6134514731334636257 12
6375363546576246171 -10
6664211651477161543 12
1577531133264376425 5
4574235163325252737 12
2524663761627567555 -11
1457447643122761255 -11
3177643413153515672 12
1254361217212513575 12
4576717724362524334 12
3212352471746526546 12
7434367255423744651 9
1464537521667764122 12
1525267542461323135 12
4527573134711167255 1
3167347454177611736 12
6511112674242333374 12
3154227135124365274 12
4256172114457626517 12
7411222263546241464 12
1241562126156217575 12
2434411211727442571 12
6116674553353373152 5
4541267652243365745 12
2243473271115637354 -11
2571275647431453647 2
7541623126763142656 12
4244262345367553376 -7
1511544454126631726 2
6574721236167454351 12
2455464177261125431 -11
2476316731347255135 12
3427342155111437256 12
1521265142662456647 -11
1357313766724167152 12
2473657125247147656 12
3663573512647247571 -11
6462265666724335552 12
1116416254376745414 -6
7427412476156265474 12
4656747635117457473 12
7177717245251541331 12
6613661753741724345 12
2243712261467345537 12
1277517644232761543 4
5175543267647656223 12
2454437134712216742 -3
2541657347553247347 -3
7676744153334525273 12
6711555663476725726 12
6157232417716357424 12
7347351754631245647 -11
2135457522673241541 12
3114526715437651355 12
6657664525111267711 12
3457522227141631266 11
5663147737661724344 12
1646547123415642523 12
4211455371757632433 -11
4567441512374656542 -11
5673762221143412454 -10
7736673573137256523 3
3726727537425136164 12
1653124525713162627 8
2521653334246674667 12
4137322247754125773 -11
4772172644225323465 10
1177277563542213154 11
1575565442727432214 -11
1423713232324467716 12
2461241772363724315 12
5174215422367643252 -1
4231134675256763125 -10
3532174334462124216 -11
5121543613344667257 12
3472771324147523317 12
6732647174146552313 12
1472521736624533517 12
4752762764622232315 -9
6315364612756765422 12
7145653217636724473 12
7146753253364515217 12
1217655325321326767 12
3114655744167261641 12
2441674223642255344 12
4514126454321253777 12
4324734612576612444 12
2364225423441753521 12
5773467667724112513 10
2116565236717335136 2
7272173116265246234 12
7531311346356322644 12
2671413671452723465 12
7652636727654431355 -7
5131554432321622712 -11
4525133752624714367 1
2767127643455164253 12
7752761354246123614 -7
7344357526274764611 11
2541727122113663461 -10
2763544375123321436 -11
5564613672132422514 -11
1752614372672521267 -1
7165332747345266322 12
3257362163421576246 11
6512741736632176724 12
6536121657134344513 12
4455733555717612122 -11
1721566673525212613 12
4313463225623424277 -2
4761622474632331524 10
7321525412463612267 12
5557216516336224737 12
3441225741774673762 -10
7464366115461727275 12
6553233552266637425 12
3362744466661433321 -4
3165545741674314327 -11
4327361676377452654 0
7365114226635675272 12
5112522527641677623 -5
3572171746634634335 12
2322351142437345767 -11
3454743141326642121 12
6422657246677661753 2
3331364546256773623 -3
1767167226374614342 12
3565147412763432562 12
5241136665552437366 12
5251164643731212212 -10
6733267625151725173 12
6653241767252741422 12
2346116177451636737 -4
3754636735764126455 12
2174211645243572364 10
2166551764532666557 8
2571675326117667332 -10
4345747315167513522 12
3372547421522646345 -11
3512547571123323645 12
2512516622274357636 12
5113234453364531555 1
2626543352132555642 12
6457633211356546273 -9
4153176274376251367 11
2673754724357215365 -11
6261672435227453467 12
7665143631375567611 -11
5653445225225675327 1
1437522633577114375 -3
6232141574264777631 12
1542555311324657471 -11
1347754511566344616 -11
4212474524463251235 -11
2354351672676635776 12
4367125223111525726 12
4261261133457523767 1
7234527236167414354 12
1245746126374451321 9
6232112371673641255 12
6516511236531316257 12
6434276267274445141 12
3643232631364424754 12
4676621451151354247 12
1174346713535663753 10
1546772553355267211 -5
7332752142563671336 -11
5617325717524562154 12
4546533776341426717 12
4173575657211725731 -3
4636357534764712424 12
2332375345114252467 12
2735711642444554116 3
1357422116725462317 9
2672336716265154524 -10
5644264346225365732 12
3162346271757427536 12
3467744734325621215 12
5112623722623331775 -11
6415732615325616255 12
1645424175644332472 2
3131412375641722574 12
5524657327414634267 12
3663156231574667571 12
1571726153126376226 12
2376674337455226241 12
5713722632567556774 12
7153366761731725254 10
4337146366522161234 2
2224421321752331556 2
3573666716213622744 -3
4755473116522124667 -11
7364141756126742712 12
5426315677167343276 3
5354271336754632716 0
3432364342666237277 12
7262471727232554434 12
4152564464517562416 12
4171322337367664245 12
7623553124257677111 12
5125663713176462771 12
4767647543453713127 4
3225754752614137325 -6
3231251777753622216 12
4613336761132655561 8
5467731623215217334 12
6423323762267456345 12
6472471611554236544 -2
7671511242637663274 -10
4346652174276741133 -1
7671576442314625636 12
4774277613432545541 12
5435626467172435251 12
2717545624366354136 12
6555276634117371532 9
2611567416336313674 12
2455356727774415314 12
4476351413522122774 12
5375612354751632442 2
2544723127421161565 -9
3476731624654163315 12
6347326176525355123 12
7726145316624653443 -10
7145742335422341563 12
6534566771721542537 -2
2354473522763762145 12
7722313656315471642 12
6251561731733467416 2
4674645337271527123 12
1757242543172246666 12
6114112467463574525 11
7356651147375567544 12
1552134372522277765 -10
1467713472554522661 12
2727533373766441643 12
1354271237717461261 12
6765731773322726136 12
4531532777565517232 -8
1174636331564725754 12
4174621627374522565 9
6125264525127146231 12
5362377475261611743 -2
1714264652571434645 12
6273441731151461632 -11
6223757162354143122 11
3274631444332761635 -2
5613216423417143254 12
6612413114257743765 0
6352453352131727447 10
