422136745717127727221 -4
175352242414475433367 -8
735257342565151457423 -10
473433212466716575251 11
767113511531741527557 5
356757113311772261561 -10
117227215456412372556 11
415513747347321736554 11
724617555113534334672 -2
616327451153174611732 11
647445361762552726172 11
565147233323757231625 -10
655724354321172433354 -10
272227217753741351761 -2
166567764432271413263 -10
712561422333326276427 -10
653417675123432367561 11
266427335322352623737 11
624563115327162546145 11
452112227452432416317 11
111655564127265363114 -3
265267236437754622176 -9
614771237573444316443 -4
155623446414462763566 11
416235273236725421164 9
621561451715611662424 11
627275646247352523373 11
635773576633254267366 5
323731546162747761442 11
735262362121627615157 11
435657452364545547322 -6
676144262744337225312 2
427445277454351717642 6
633517264161367442643 -10
217677551467722365275 10
345441326232634437364 11
774162357137154666754 11
421114712235134654742 4
627166454635157741226 11
416774152454357235713 11
317467624413755523714 11
253261473771732534646 11
616572125331736725514 -10
551614726645415772216 11
454557326326441117536 -10
655627144566367277655 10
365546622111447724751 9
236161565325367561765 11
427771512271451235255 2
735526574545634651662 9
416134167443767743317 10
567611314242735125256 11
324656537772446431346 11
621435341445533472465 11
232275233337545311577 11
737647436635227521521 -10
274326144752622611131 -1
156231156776756732562 11
334556371117364162743 -10
145247176656636252313 11
235235213566425751774 10
525533261327637625373 1
275151261535277252711 -8
524111722416276277452 5
174273252666745717676 -3
167516175633226253222 -10
247317527621173723473 -5
765176321141371652534 11
517116647322146565544 11
761173526125277341243 11
733136442713712676474 11
251163554645521544367 -2
277577411653114557252 -10
344161741744267176256 -8
723361336622117741661 -9
544721757564143251627 -9
721351173772214554372 -10
322471217457376447657 11
543343277455671144327 11
542237263515675454657 11
361232634565273661565 -7
765163126173372366423 -6
211674362615216642124 -10
144346535726221543213 11
754161371747243443267 -9
227161773431567463456 11
152555321671647762117 9
365617611213731236213 3
362123147652346314472 11
745464153277757344572 11
565733732771236531576 -10
536424544751163647721 -4
116765434764522314133 3
263621254563336343477 -10
675534254127427174353 11
125453673462714247372 -8
525432425724234364346 11
356416114573363762423 -10
664144322715533423116 11
721652225513543717255 -8
323524251327555173721 11
412436422572767766275 11
157454417231334252516 11
551352532623316116266 -4
617174336573463613424 -10
732636557721457171674 11
371431535154372425276 11
436114177365472617666 -3
522366135164313427151 11
275447562177137725115 -10
534761156644573116544 4
535564766262127422115 9
444736713116413177271 -10
256151615454172514226 11
344573277673225267557 -7
143477132772367667365 11
217615543517625134162 10
643547733517215442236 -1
261216617224351413374 11
451333777654266562123 11
354277633133737572675 11
141737235477626214737 11
252265571511257213256 3
267751773443165441134 10
222555753176765621352 11
336774312226241357436 11
164744171375723144326 0
155667326173553657465 -10
417311676475536557575 11
167567123341666153274 3
666762752542374414114 11
711241342356243461125 11
563222173223631566757 3
765345515524776772246 11
721166743623335471265 11
342766631674656213374 11
171723455414652552544 11
546413177661477163466 11
255462763244472122334 11
647623764156425147132 11
677231151546423234736 11
743444236443533266163 11
676246762365376433534 11
215737343114451351444 -9
326457436245172121147 -9
527674513455171651732 11
164562736625464724441 -9
356373645326672554461 11
164437157342321244777 11
622226416715627377667 -2
766721754624327117275 2
267541233362312647251 10
563722112731765726131 11
622537557615576764577 8
162576151467753666447 11
544276373652664721277 -8
541464415622553562542 11
677313727326123325122 11
217651116776661255217 -4
437274444231722456511 11
661446114132622443472 -4
611325157373272112365 3
272515444353534416661 11
652221527527271465517 7
547675212344125273511 11
432561213576755537546 11
117112327537575722743 -4
172464726257713666674 11
466722745643372345111 -2
261552435721351624256 -10
136241367232233117736 -7
147737345515532155361 11
232762545114612236335 1
677372262766637145564 2
414724272675163617434 11
214213122311572773174 11
162151731464614315357 11
527422247735154674426 2
373111743753452276672 11
112563232747777165511 -8
216316327614457155412 -10
513375127521766112661 11
124157637351232565517 11
271774614713775661224 11
556316725556172415317 11
135345471174646532375 11
347243372325766743437 -10
751131564133656365325 11
317156713735732674425 11
132245563253715163313 11
662522726761537642134 11
515424121543164371666 -3
617454413163773743673 11
111713627212354773444 11
122514563323117733727 11
756157461152331667265 -10
536332524556124766674 11
744437675113541173165 10
531127112464635423335 11
475333164441743613577 10
561331435512246256155 11
626631712167372516127 -9
547776761217417232246 10
561262335744117476627 11
315224552236726772336 -3
643433617362177371311 -2
465151724634667333473 2
666654176772241273332 11
772344236312177122172 11
724242654776712472415 -10
766151257331735244356 11
466667477523162314747 -4
654366137442215431521 9
345336615266464516547 -7
556574371161512212617 11
155167576331435562713 11
743777737265136451554 11
664616421471476764243 -10
221417556435225517377 11
577157331275357211516 -8
742234327144653467755 -10
765533373225167523614 11
213126665375277614664 11
142771515343713347365 11
722255756431111443134 11
636466447213771226233 11
365134522574727773161 11
152153737576475163672 11
166562335475511416257 4
114151461221466623545 -10
434177353761761473547 9
554327543424456333152 -10
114561731726547647576 -4
346421545653621144453 1
257262111574263145555 11
125426245135536714235 11
464461542767117512552 -10
431577661651116616743 -2
322174755137531732265 -10
453447611353457123164 11
114377167676435512247 11
316677741531522671627 -10
625755534313451712415 11
117416452222543765517 1
212675424514234347123 11
111735347264555374427 11
373511441461161737775 -10
265266136477532351777 11
157151525743277312326 -7
137427441772524631367 8
766627223375514474273 8
347233557252113346351 11
235717662671222141467 11
543747253412164172715 11
437244441526135342326 11
664267522723324471533 11
561552242156122341364 11
234131144712347275437 -4
743236752527547724411 -10
122622777245415354771 -8
242654622643543471145 5
316225565776626767333 3
132156747453511543351 11
571613521661652747563 11
746416634336726376322 11
652112673335217734431 9
221155573136641444726 -10
174755264612133142673 11
324335724515345663514 0
446427733127443665552 11
533662657531753776725 11
457254243577671211164 11
316141656644274314662 10
474265175323377176154 11
652653322211562527655 3
445624417323374276527 2
257257212626631652333 11
656441234613131632444 -10
233414133273222655356 10
545222763115536752322 2
512473134462457233735 -10
161262335357421527362 -2
614767633637721413253 -9
554476151243536336677 11
336336144563563552126 10
431437522252463474677 -9
561615674272362254324 -10
556347271741632475155 11
437577637312614235526 11
615214424426677117267 11
566554265272363317766 11
721412766556273152326 -9
773453634525364367445 0
327456317377614175634 11
455217255721273677624 -10
254732265125621326143 -8
417354533155577536432 11
346223774661517476273 3
677612275654716135421 11
435467163233235372276 -9
713534136456471245622 11
313175676752767455267 -8
555474415742243635721 11
771532314744144734516 11
743367655342772561734 11
115661342741474413262 -10
617515762634174432347 11
653774553644614645764 -1
265326635155124734742 9
635615745222517564463 -10
633122156556475416733 -8
756117274315431666643 1
711514142247556115442 5
526475155643477533711 2
763456612254251213252 3
242657127275646366442 -9
242134225134116772166 11
717144424615772575335 11
525725637245545136264 11
773556461177355577651 -7
221143624574617123254 11
152151716557674577467 11
122344474125673365455 11
544616727247633424232 -1
416715632611334645547 11
446727166614444377326 10
424534552626422521545 11
314215546744476225373 11
361223752675376251611 3
146556113413676556677 2
623253677215761456433 11
565563753254113654737 11
141422517154472323636 11
766235712641572757217 11
377271763112576164536 -10
264221522456116253117 -10
454214655371126635513 2
322152556177546544416 11
122162711512124633357 11
543216216666755235612 2
165775543565143167531 10
265315557744611732765 2
755566224426227113631 10
424655644431577532246 1
462743437533623116662 -10
427271273615563525755 -3
731277635466652446446 11
147124522657511445121 4
644671443251361757345 11
676316264111435443755 11
627165535256436137664 -9
467312715661224463617 11
745647362314711272722 11
733756611543465776357 3
764442476656254174123 0
527674225314475527727 2
355246711552442654163 11
163673641126152615755 11
341132253451732471653 11
636542272314441751542 -10
137661431357216655165 11
672374212511637656773 -10
241337425263272562614 -9
535546227227761762573 -2
223136467777624234752 8
661364114757144133472 11
635352123277562237316 -10
214423643237251733636 -4
241152324771674363276 11
657635711724153631766 11
664573144135417514531 -8
542627656276752431745 11
263367515116613564671 10
174437333557523466115 11
717334241667664637111 11
743516161145647776475 3
433377742121643743637 -2
752762174111124524766 -2
146412443451171156245 -8
424426311371531461272 9
743767121652642653716 9
332141363732651617415 -9
447514124146173122255 11
271131241722561341422 0
236763671244262573333 11
343563723215442353472 -10
721545747162474434722 11
165473753334243232445 0
544154632656141236753 11
323276672376152334275 -10
147746155633244761544 0
647425666366555712744 2
513334771243443417421 -10
576123225611116657632 -8
553254465612214157112 -8
165677461553226226674 -2
517427753137642311657 11
676524453231647117277 -2
735577167566324212265 11
556264473611274467436 11
521764434426117626224 11
534323524121425521621 11
221723141762277461666 9
366457746761714247354 -10
347265445515777212144 11
262561743322721442464 11
121455424523545237641 11
224674216145721412715 3
625667145127162154131 -7
516416337673275324753 11
224315311117322422641 4
355322437465262442644 1
376666143642541171613 11
717732265147156463463 -10
617376113722721363364 -10
123627617644143215212 4
642564353617417213621 11
616777221266712542446 7
167723116224462364764 11
271334626453726155444 11
256654714761347373256 11
375754537236751156637 -9
573433675656231677676 7
464344675214231635165 -10
351261626312733534225 11
653363525533266514577 -10
551532612124746442345 3
574561261577624165515 2
541216634762534743326 11
522714334545737712737 11
315214733276346731542 11
256345652234333774737 11
454173461754414615263 11
257136737317551123676 11
257541542575135144123 10
631121756632435572376 -10
432776167136341317476 0
627657262455111613271 11
414122237447543433351 11
647676657513536546155 11
341253756745515752772 -2
262353575565424447112 10
457341722237613413674 11
226662323114573143371 11
411662322156275253763 -10
213516626325156651611 10
326572353626717411533 11
254741644662747727323 0
174353662627274166455 11
222574645355557626676 -2
734337156642537114365 11
431611662617266545135 9
617237422143621131227 -10
552561477353764256651 10
344573722561146663311 11
744365357437773453352 1
161534215356247644233 11
235766157123564717725 11
771421546314536777332 11
743555245314375731175 11
165475724137717332147 11
717511347734124575164 11
141727511674427737316 -2
712623752565475262254 -8
725546637627532164632 11
512131641264353565461 11
253573236516567421527 11
471256747367313152262 -1
212675635542141467751 11
254163751427621536434 11
346721156512772564365 0
771632615642435257755 11
365251272514517755737 2
727727564317216555352 11
435511123665364415112 11
417473477313545224111 11
227366411264747244253 11
164757735536174264774 0
515336713665121325361 11
572723137351674535571 -2
723563772736347314522 -10
247377576143712711456 11
213652517254421735551 11
364732542471577373324 11
352431522377617711444 -1
176233467665232654113 11
463575724723375733324 11
413664211136173467712 -10
167116576251413531776 -3
655663316515711467261 2
512361253626574547337 -10
672316776775273636432 -9
715317216632646441376 11
773142243443367617422 11
741647156634133237246 8
446377654456265712377 11
651627623355722531657 11
551451674126646574416 11
353752415327241511213 -7
714445737533235713141 11
477277773311465615542 11
754553534474223117333 0
442533745357447143315 11
725221151247164145673 -10
164343714226315316573 11
146341641655737214541 11
714572746447626663774 10
213373347663755775226 10
642756217276741433624 11
211256572771537637131 -10
765376142237111341175 9
563353761257642534674 0
124731725633263213234 -9
172322613421642427573 11
216434152745751256467 11
316272377163652723177 -7
272375622175546625452 11
335477556162422161757 11
267222363463637773221 11
756631425337342635247 11
145134451153353567145 11
465441266327747672414 -10
227142232576144726556 11
267142541526252672714 11
177115176226345345477 11
714566527513153761543 11
371654746137176115364 -10
557124534111234334742 -3
137437666327314765127 -3
235316673247462432633 2
242162756423435555752 4
731377414527326431676 11
647441615642325526725 11
266462762745542551562 11
752145151722163366643 11
326615627734563623447 4
116666542732474763241 11
777166125133145761377 -3
746551364562445426616 0
713563163233277716237 10
442672455377746236437 11
352176552441541662677 10
512253747662152137757 3
764373144317513415175 11
157416371265257167211 11
215753125466324337371 11
616645312245377443145 -8
443236716713656577763 8
567641531531321711745 -4
756371414714222327622 -3
724745113675633656634 -3
656325761136716725164 11
544635163157144466131 11
444241245433223736762 11
336457617576755253334 11
464244657741742175325 -10
762233327556474564425 11
534673661557221742435 11
431761523512376316465 -10
253447376445372345213 11
465235747616546615544 11
662451772313771213476 11
672146162441416234367 -6
273542673451536621143 11
236537712113622672575 -8
333672217534663345575 11
267174225554274771632 11
216175762336324614155 11
134325345612325576175 -5
157642313737442421764 -10
224525473127161743657 11
715777237115356713215 1
666655137727163316553 -10
215313511123333247762 -2
216764314431564714473 11
265514517657133175717 11
446732462766272177367 -10
522225131324257577534 11
475252531112767767642 11
174346711221725421471 -2
514466245257612563523 10
537767532577144326346 11
222542332257645574577 11
511326534677125365515 11
216273263221745447451 0
233234474232616124117 -8
261362525322476231675 11
625117615146412724555 11
251226567346416173635 11
342511341625155273115 11
126426227255766136515 3
665311441614471772576 -4
116537513227126331757 -9
756324625426363122645 11
362651326253711457112 -7
724446217117246547511 -2
542277257644714616755 11
643376654164447411162 0
357162111725115343267 11
453461323412226345651 11
471715123335572254723 -5
364446656336557214156 2
277647136365332262361 -2
377422241124366123333 11
521746357336274363351 11
724554112743725716412 -10
534212371731744476265 11
552723362571323267746 -8
632323375462477476655 -9
326346752311625526311 -4
173635125236234635347 11
535263152144341217723 11
763576742447357311276 -10
244635525314512266142 11
234717311173665373246 11
147772665652755543527 11
261472344462731431456 11
614112227177476366112 -10
446166476414116362334 11
241741447731735315354 4
414531777427362567565 -10
712633176161251657313 -2
114271374365221136432 -2
722746554712625675764 2
175156552216512463616 -2
333477736142424477665 -4
572714531572467364754 2
132534116717435753757 -10
377642726273514525432 11
765563775611251324217 -2
244644716467232111163 11
626164551741463443532 10
114736735474633416174 9
353757666722641551361 11
516564222521612446751 11
312513565624756713765 7
576275166252417776145 11
165373664514755474676 11
743316572214543552724 11
245137445542115144251 -7
562735767672622434673 0
337233355465612764767 11
237352152575763637337 11
572435164375317274171 11
226561554123141644715 11
217224127251635613672 2
777221311153554746511 0
745752764666455463521 -3
422545327451336341723 11
764172445727754631476 4
111325456315475777534 11
754451221216422175526 1
377535276656463457242 11
172754315636446552573 11
432137125422462464476 11
474623173472662571164 -10
363272174743426664547 11
342733574225145451165 11
546446767114142123774 11
123437662154656631737 2
315477144565733534236 11
357261213661647614216 -2
373436747321221737526 10
413125354772442437214 11
646572663447213266551 1
374151111436657225473 -10
156635113774557623363 11
474376367573143367764 0
112462312336656153557 11
577665713756354316116 2
432611147154267415626 11
244265724567547635766 11
762366464277331744647 4
172715136642522132144 0
371355263612625263162 -10
557576455524166413117 11
647631615744565434654 6
651616546115574713155 11
255324235372415561367 -3
163752522163367647173 11
176646557356431133175 11
256267511376611112546 -1
235233163621713634656 9
542133711337656525521 3
132367326414633557154 11
372567625556243672643 -10
612711323777436324644 -10
537756134625164567466 9
234114622326323711231 3
217322566377216733536 -8
136377723546437424733 9
673456471574753213622 11
225715774447264663645 11
331441645726375373167 9
771466743164274527324 11
435437737165356577642 11
137646134177251751423 -9
415723747432547212226 11
751343462372653664346 11
365113622712747754323 11
135564317713516534715 -1
636643335255144431244 11
154251427547226777552 -8
775313243473664747744 11
727541772147665373411 -8
477311353177776352151 -3
713177271612656162441 11
634511537145713677542 11
154331642273615471477 11
367246532553116163321 11
764453155621653421223 11
557423713662456533631 11
623442424457227177766 -8
513613142752321365446 -10
726435353614121261646 11
763645212471176377372 11
764237776145456614714 -3
366262526724155254343 11
316747736536153427773 11
542433727366647222377 11
322246256465477134743 -10
537313724622271722615 11
656645537354143526213 0
661177135162326125241 11
166322475311126722112 9
336466123713243551356 3
551132146216277356617 11
117564615153136731734 11
525454224471153211412 11
157417515152342552664 11
123714165237717762365 11
475755257327243644325 11
222557233163145655731 -2
262266531347311336664 2
465542176223267656553 11
231354667735272157316 11
751433623745415172164 -10
772512676354725241761 11
417271266657246644744 -2
373163553626563351675 -10
475176541765562676124 11
746145723322347432677 4
266167253343433357521 -9
514512427425724745123 11
472327332355367253771 10
222463256657373423463 11
245411166176434773247 11
467743164727612433351 11
254361572331316323164 -10
357422666637117633516 0
761717455562366477334 2
446726255162155436637 11
112354464632512456427 11
563154467525345161136 10
446613751657757547752 11
747645265433436116171 0
167143633617624314534 11
713136133115465547175 10
674675654275212154713 11
144511753423655341445 5
447216775542211441625 9
457544526753241145714 2
462321773517744225553 11
663767525176215775362 -10
243122434563252541611 11
323175642662252137671 11
331745643112654334354 11
773526756755562343463 2
457636577566141113455 -10
715445217465132654741 11
347725122211233146425 -10
534167375227246472425 -10
577566533345634111334 -10
122733433216166435263 11
217116152247627354427 11
576623543452471542565 11
435731223747742177664 -8
636524566467556121731 9
237332616537266564556 11
656557372224666532731 11
666433642534462113115 11
772567111531225444216 11
223443425516355677443 3
551615224623172346457 11
412765265513736272214 2
636237351644134456475 11
755227442162743377624 11
233712516457517643755 3
367223651255377232235 2
723546362264544252176 11
723641542377613461136 11
265336443114731446231 11
273175632526174241624 -9
544523774624674167532 11
643754355462651243245 0
571611654675622674556 2
773461525613461376744 11
373171156132274667271 11
471275561761642244136 -10
337154172431625622721 2
566235641155467312152 11
452744673157341333777 11
245315235275225125166 11
721432741665521754377 11
735421267377331621726 10
237367316232145424536 11
411473213635713446151 -6
613457737714312421776 11
111726332315332372172 11
166336321355524511436 11
235756442226111121552 2
713126336576156627565 -9
676532721774146616315 8
314115275546112337173 11
735615522775536662367 0
435476212642316354264 11
573172331652437351324 11
643176126713412444167 11
457153741261162237457 0
755331654125713765132 11
241136476455153443452 11
417677634234712231151 -10
567135362266722362356 3
611351373732567151654 11
676654766422537143762 11
315312445376562713774 11
553573741344643262272 11
454571735226222673435 11
267543434441471575622 11
531447726115524136276 -7
151373333324554474114 11
762167136111523613742 8
352337213553716611314 11
176124452351522713762 10
613414153723717236127 11
274636427555516767317 1
744421362426535135714 11
345252414576134567776 -6
714665365432257621753 -10
712225665467477253743 0
573342357736757365732 11
754127211457427332747 11
312624166277777172514 11
636515124723115464765 -2
613673577414516147442 1
317715761563475326467 10
646526277343776327674 11
641221643667744524742 -4
541377553353247615277 10
634134112262357162245 9
116154554534157313264 11
536712377523547423743 11
362115726753756374735 11
361627335173171175735 11
541775567437144347531 11
662414612156757225256 11
463164276553237114432 11
164321241226231175236 11
324362216625762677115 11
432252447342112774541 -9
415416137123321432423 11
241255141131373362537 5
137462563442722556356 2
465163223217736424623 11
551425745254172273672 11
525175673436355665632 -8
557714142641221555645 3
233377454632234735757 11
466266372245133756352 -5
566134546432467415557 4
163256724172455177551 11
227143651633674273676 5
