53567757412616143461 11
26275731136447564231 11
15576467231774512452 11
22534366614463514635 11
14677233225141246245 11
24156344574132172322 11
61347776163763334324 11
21345535455261743657 11
53613147437312252655 11
63256311167447573126 10
35267713255664774754 11
21622773513475115343 0
64275213351671522613 2
56557713436621613447 1
44176774652453253313 -11
57517326461123374154 11
46524226255713453573 11
23773177615415465252 11
23224216254676667336 4
25763237744411464521 1
61652554233274745236 11
57622614173346465374 11
14313426275251231547 11
75134557633227321646 6
22464263745536712625 11
31441132761566274226 4
31643672651327376136 11
63571251513125233246 11
11321566233726544475 11
54537245137376264157 1
14553737477166156411 0
13426153123663675316 -6
43752417364624745522 11
43346625176146417576 11
66751144236621737432 11
44123515355776245217 11
63261142364437422761 11
77177626515733351564 0
27365211152327746632 11
16757645426363531271 11
32534321255536667743 11
43225616727145643213 -11
13157221436124762755 11
74777351665675635641 -11
73555577513414764617 -1
72636512753651221141 9
67361527644122754164 11
14444761127655432675 2
13636424257176543752 11
67257273634426223613 -11
43613573633277725534 11
56421612124427436774 11
33731432224566756245 1
11657347356463313224 11
75521631655343732611 11
65123375617567262154 6
64623471465153231123 -10
26423576317765133467 -8
25514434373675127623 1
35723217714157326324 0
36541245762362552713 11
51643615375643734732 11
74325423715361675263 11
64576154175621334267 11
53725723444526416143 11
53744447161415337674 11
15741734437216564233 11
51262476644172647153 11
34776346521221161634 11
44274142634333175162 11
31172414154572356236 11
26631243357122615716 0
27356251167243714431 10
54337673671645754436 -3
63451773754473473626 -1
34551475123637656762 11
66652111544334327272 0
27442261733433665725 -11
15127615344767446262 11
67162321522635356417 11
72774661525413162356 11
24433361745576675266 0
72364132546355262751 -11
57241273661734551527 11
76572656541341314213 11
74536613143241577115 11
66322574225357746451 11
56316477137465613521 11
64752145337614423776 1
16615324511674755234 -11
35456723756121176713 11
23563641577512613215 0
26264531427526736411 11
27677553375226315112 11
44425117735472152472 11
11641731443673761752 -11
11222543624773142651 0
36124336766762235537 -11
14762616734227174761 -11
45372662513414634236 -11
75521223261537441333 11
36712375342437641222 4
47211263236542566533 11
57554474716316633252 11
15566672327766455512 11
74763654624552673712 11
75676332731173254116 11
43366427141332451527 11
56423436511425237312 11
67733755431261523551 1
12571654363372757364 11
54651413473251737122 2
37532324416564674655 -8
64113275661552347373 11
44476222111446655152 10
75454642163226352173 11
37631425415544214347 11
37112522557733536611 11
76762346571233176571 9
71142354712476275344 11
64433731763126647213 -1
64263432265763317552 10
67225326737115261334 -11
37313317525464727245 -3
52645733211774226164 11
32757621431413573712 11
77647627274145661155 2
24467111322247653536 11
71353663446324144371 -11
43742111722613574456 0
31763463146771732273 11
16275275644613315273 -11
57512724716213414651 11
47226333264161367447 3
56417133123676322753 -11
67433123746476156463 -11
23731155234627547165 11
11632473474112527655 10
34677657726435212216 9
17726656143113521571 -4
71113752617463643132 11
74745134352273551635 11
43641672313465152562 11
55327466137353614126 -10
22214772317731654425 11
25616137715614133727 11
74514252612737714733 11
76264124533617745174 -11
77421622364171611543 11
65722433616611137254 -11
56656776123773136142 -10
77413636254254345472 11
52347553124126656746 11
32412667346654672173 3
72666432277311445637 11
53355527657227211212 10
27566716743525247437 11
31753251522437665471 11
46161753677756624545 11
24545215341661332715 -11
23767312626243362414 -11
16234315412143565631 11
66611576215657133133 9
55322513746622123315 11
73751543314361732662 11
35424522563261632177 11
32211157574274253776 -1
75237462455713212536 11
51751344237446255127 11
61771435265453434322 -11
43361314775422576173 11
26515213432221657743 -10
26451573635643771227 8
65764361527126452673 11
16224267722623533575 -9
45647311223761671152 11
61271116564421537423 11
67512445254727536466 11
53622714725373223266 11
43221135341244422473 -4
62152433353773751423 -11
45234376226763155674 11
34252171664373153572 11
74322516542732116726 9
63454125213132427354 11
26344376713414667455 11
44766757344364165213 11
27471163176222121665 11
46635767637217352244 11
23454643775611223615 11
73152477664567125413 11
36476712641237733637 7
67626343345617735724 11
76563751121523162772 11
53166774257423231635 11
25377474671521626455 11
56314735627321456744 1
45536375154217425432 11
31314261253276171262 11
62456523114421263376 11
36354571464112617773 11
57455132163261317616 11
26754374227761513745 11
13527164142423677631 11
55763413217564224451 -6
75212377436733435624 11
21766517513761522442 11
67132245245364164351 -11
74623641562572314335 9
17547445436222727566 11
47636273212164745134 11
47166217425712734537 11
33564135115772363213 4
27365613513771237164 -11
76527632774541252653 11
27731761545161742264 11
45376661144746573252 11
24456665367157525521 10
36471154537312253314 -11
23272234133324745672 -4
42276247555322512713 11
24216533566774621317 -11
45545173356225762341 11
73654215762136114733 10
24256611633551446523 11
35427774125457343357 11
27565664246234557143 -2
23564356365574713727 1
64457416263163636372 -10
55573637556231741612 11
25762515113123626444 -2
15766626372133617313 11
47321116234357523464 -11
15642572576377614137 11
75467725411675731156 -11
13625416267152174152 11
46233737576263142531 -11
56246314665433735535 11
77577637514447663156 11
33752752571463767365 -8
64712271472673375134 11
75243353461733315274 8
13651265425351777626 -2
21321453363157455217 11
54161334516345124775 6
77444563346336413171 11
53242362767765376212 -11
77644527612252311261 11
14476155352442671312 -9
77341654516211367261 8
24432276552343675216 11
63453576361125273362 -11
21134251673556316654 11
54612227421451313727 11
46344565535121572274 11
72476734214532366463 10
65456241442776653413 -2
74371367173542721254 11
43224276251533111567 -11
12776552726734655314 11
14475566724667344261 11
13151541325767734512 2
23364616323462551511 11
23341112776224512327 -8
67142115264423567317 11
74141153645647742373 -10
65146435271172512277 -11
32517671633125264473 11
23633562542353161642 11
27216565364224467443 -2
34312276473615641323 0
55777616153261136433 -11
14444116222731261753 11
47344665716714633524 11
32166743251324446673 -11
51571457137324453263 11
42323465577651253161 11
61453417367522572354 -11
56424376631267143167 11
73341524574541237362 11
61574332412313355115 1
11122614774463644251 3
13453171412763525226 -11
24375532561454711656 11
73334643716716417667 11
25531657754563337264 11
14476532124677142361 11
76514353762673214771 -11
12416423375541662553 11
35574147746354662674 -11
53224223236635656751 -11
71532325167171241356 11
54115326723522344563 11
37633412624155456247 11
76625161221336764355 11
17634361775345225714 -7
13277565245442741637 11
52157441651633433472 -10
31437614223423253661 -3
23347535776451325271 11
67632354715173273537 11
34715163761224574634 11
33425153177227145742 11
12335536562141573271 -11
45612424735156177241 9
42671723357114775126 11
53776171232452353146 11
53242361237747611466 11
27175127157423425324 0
24141212211571674463 1
16362533777256151325 11
43727617455746523253 11
13643761365354764253 11
33214676411173254372 11
35346275171356732255 11
35245171461572273537 11
37131457531434255261 -11
44275352777362161256 11
75534261473431374664 11
15377165524733614746 11
56265314346472673126 1
25321465331726442467 -2
35275237631732115534 -10
31217641156623572333 11
14723553146756616353 11
47627375131631556126 11
54136361375724641636 -11
37543326671241243146 11
57625534657226335217 11
55672745721214117362 -11
65437166274422522353 11
27714223154243167571 11
63233323157675715524 11
76734753555146472164 11
42425315631662231775 11
37453611645224741365 -11
35713421634512571176 10
51127147363462165144 11
32657322364637774264 9
46751367137232631245 11
65615437614652431456 11
27544143737312165727 11
14363331217532467621 -11
65676612547275613432 -10
62342361555717261413 11
67632517114645522332 11
17753344645613411767 11
17624416757623722661 11
62621775167132313764 11
36627255174147242531 11
56611655276775445333 -10
26444243331275575716 11
14212635721762755631 -9
41137726552272276145 11
46157663257234236146 3
14273733543157321546 11
72631656731234477325 11
74171354774432765112 2
13417213342265664451 11
11455256422715774677 11
44674531117521663472 9
24476347335465741263 11
44631227263417136753 11
72513535714124562246 11
74521422567624113756 11
23367221315651423257 11
13256735641234174163 11
13255227661627315327 11
61775443545374466617 11
23353513677236264537 -10
42653132165354336625 11
42431572353616525671 -11
65157166574423277313 -2
45436751731332172257 11
64247441151331721642 -2
77454621646677431537 11
51722643625367431467 11
73745634115524163677 -11
54747511374664731221 -1
15621452365642211677 -7
26454623564121777513 11
74511462364423622377 -4
74554536623762334563 11
46342547266135763422 11
23563576346144115742 9
75352172417426366156 11
14426734147512562353 11
56462657514713634312 11
14511235666743551276 10
13274713626446713226 -3
51534114735665755616 -8
51735536361277573261 11
57541214261333475622 11
15532237652375146654 -11
44726521463454176652 11
42712444415156156635 0
25643247166557531325 11
36247547152741633765 11
47524421662261751567 11
17242366153115347264 11
56634641353671452112 11
54335166217632713546 11
41637427363622317445 11
23123746132544414647 11
21176134722563563524 0
42666134154773573625 11
43127544674551311124 11
15421375755626722143 11
66172573311543715156 8
47635442653216614231 -2
41262575414571373667 11
32661214522416717654 -11
64267453132164625217 -11
27447516615471262367 11
76642274364722177625 -10
76414262325566432176 11
65236411771574167224 -11
44167122525423773647 1
35632444721325376514 11
11435267142467212532 0
74334531622246373176 11
63775223565474121523 -11
54776166343112662724 -10
44165337567712155241 8
55132226245367454567 11
14216576135535741767 -6
35612232613767251447 11
63777562117655466726 3
56651451677322623724 11
22667472714617674441 -3
35211544451212744237 11
34211137421653643775 -11
42616752241427114653 -8
71234624652543671411 11
54621676256511733434 11
53453711433366622714 0
66541457332314416726 0
37754261267454711254 11
62352241131362154741 11
75275616674653151223 11
63764146255624534367 0
11257527316761225454 -10
54557642441137365713 11
51465477267121254255 11
72763713212253454663 -11
31672773357546325267 10
63561774365172743264 11
24562346166573513643 11
62121546572476671433 11
76431433414222166713 -6
36624714644526535121 11
73273245126157711312 -11
13164252755724753172 11
54254274151371646221 -11
32142317574524467511 11
27751216266746532151 11
11735675631624151743 11
52244146776641375331 11
67736545512465123672 11
57647114242311724271 11
42562616742134557131 -11
24215352132417435464 11
11342243465143335712 11
31324174656117477721 11
24765257133146213537 11
37755322255465273141 11
44554124236737736625 11
32312542622133116656 11
55436722154615537457 -11
42236551731671775477 9
67263127333476274245 11
54171537317716722657 11
35364211171414563522 11
26624331525715751456 -10
45227316557716313251 7
26174772551123764533 11
32657222241716445717 11
14371725445332671236 11
55346325221163671543 11
45564522156523146167 11
31623167472375423615 1
16335233552126443414 -11
47616311337551232722 11
66731331232441256556 11
16266355747645217456 11
52344365316614224576 11
76155434577671376252 11
24563647122167175215 -1
75331115114742667252 -2
56431162134156473422 11
32335625426573571441 -1
72775516136462454322 10
17234216534726336513 11
13577634622766417435 11
66511411646337235272 0
64573222153367734243 11
74233452513611345317 11
21712543367767332345 11
35264551431154744436 7
45462231227537763666 11
24216174157363473247 6
63413641252647373557 11
42365512451365633653 -3
35332147527124675516 11
71266711745324672333 11
24122556723764125636 10
76246431445626542237 10
24237462562773337261 -7
14743733556277111525 -11
75424343676222733536 11
53176535367267372475 11
47563347671362252614 -11
41346677226235764361 -11
41524742743631121471 -11
64252547525263436143 11
34727343662263125165 11
27643475555344652732 11
16627226635436132316 11
56616323217435256714 11
56522511727213374536 11
22253162276616544144 11
73546522132565443416 11
12174527267143115467 11
21536762641424353512 11
15356731656632671723 -11
23574113617452557653 -10
64335453245672212376 11
46261453357211775645 0
55632535477671121176 11
33527557735164554421 0
74535326311627143645 11
14332756374526541112 11
67512614124574527471 11
65261437672217561274 11
35612714544651334673 11
53672167617352572223 11
25616335551777264433 10
43457735115431324256 11
32673374211156542615 -11
14462245315475261511 2
71663725125423377751 4
15561236437671632352 11
35127752261113546736 10
63414331575713512661 11
35562335251574224166 11
61476471242425353136 11
36157374172354267115 -4
17154277675722633324 -10
36544233424757257251 11
26533347614526712715 11
53246753721651774134 11
57642743316236632776 11
32615411573164664112 10
64714353267134241722 -4
76677252313214217564 10
42527623441552121733 11
47341172425121361552 11
35717323742256221567 11
62433551755374313441 -10
37617436673652433514 11
23641253244767552376 11
75214453326711444235 11
16753473514322365754 11
42117547156632331664 11
42652451716232372174 -11
66341757417616527525 11
67262751344521436371 11
73263545113312617351 3
12373541654616577147 11
64177471613535735324 11
53526417245626311462 11
34362323225614617552 -11
53556127643652216613 11
77563663565443712325 11
13347377612124152776 11
16714342723325672435 10
66274551733241363764 11
24626177154241547631 11
13732471222447143662 -11
46435223417561144675 10
51247641665566574632 11
25265317415436434217 11
36674362117437312112 8
32763515252617211176 11
25125757126451426624 11
17456373475216421627 11
23743417611315276276 -8
47533631742612253211 11
61377533512645276631 11
33527454722126376245 8
75416175612242145756 11
67333275174355763612 -8
67353174767322431452 11
31466564527151671543 11
34536652177346772272 10
11345665164156257247 11
13722567635741345615 10
23525774147617265224 11
35421247661531522327 9
74437255626613657213 11
73643362176756735221 11
21324556751213776167 11
26714277433567154561 11
51446325546777153144 2
27431637761337514354 11
74343641122675636557 10
34376274465615161357 11
35722165755136646275 11
13374164772122667451 -11
34231655236174437424 11
77312224423154542426 11
67515223514434433521 11
17567763176131253344 10
62663577475314653763 -11
54631156457212773762 -7
57524413772121622152 11
42264247333276511361 11
45633775112655637375 11
46744723575121347732 4
71511447723773212724 11
74476411745321515323 11
76353732151611455163 -11
54772462134212573666 -11
74277136344321775316 -3
26573714743562513526 11
32267155513416636776 11
32462456115762517172 11
14336267732121555411 7
32664263713526165135 4
27256641167344752715 11
67714424535571271237 -10
55556127627466377311 -9
22152153625214475775 10
52112415261277567653 -11
47762226611717254555 10
74341635265351327423 -11
66257511575443212236 11
25221156734421634127 8
14375677451643373413 11
57116263275242347664 -4
37127743651727451563 11
62353127572474364244 11
31454567673573531461 11
27533614167664214751 9
33411327376672755525 11
12471246637137332667 11
42141263331724576115 -8
43253372562121342657 11
25512243757622761711 -1
53267747246261371574 -8
26675324677244123621 11
53752225272111343564 11
67571254347412563317 11
22432637714715127654 11
12726134345152432616 11
15311526627443757462 11
12645665766367443711 11
43422675521727124511 11
15676563237312251737 11
64632154275523771433 11
64542317632142762457 -4
15242474766156355123 11
26472564255375576434 11
47632624341476255363 11
51367772476233674614 11
24647572531766555531 9
13545541677436413672 11
65216235743461572675 11
75421635355617124261 -10
24376672465213155117 11
15242731622155337256 11
35414635362461422211 11
53454123166625527234 0
44537731212647226536 11
25673315363223143742 10
45547563274667131513 11
55423724277147566356 11
57536227413311123512 11
74475271211535441327 11
12335671746124624652 -3
56745555432451466611 1
32644724457343456267 11
71655213324512761746 11
17325133546165561452 -2
46361532751451225472 -11
52751475443261113472 11
14276337256613367352 11
15733751357326436475 11
71267453272651434466 11
32174674153722633544 -2
25663725452362434111 11
67642325753412273744 10
45676637214772731153 -2
74176721766654717652 -4
37563574711565237144 11
61252227765317576253 11
72561541454172572351 11
61645716112537436427 11
65146325137755246614 11
66477215335744624361 11
35552173263161424466 11
73215537524614633135 -2
25762536155466717234 11
12742123661447361754 11
47137631545161672365 11
34567561622412672774 11
77214235512435365475 11
34476135744265625143 11
71355112451626624665 11
35667276361723742541 -10
65254436223144663513 11
32114657745231432556 11
55732656544673136161 -4
62531521621411437152 9
22235174711135545221 11
64655217113266344142 7
67751317574646613622 9
75523114431653132731 8
36411457545276712175 11
45215377261623657243 11
46445567317253176273 11
71723264334446426316 -11
57711426235635127612 11
24425166673512371736 11
34433555273161141635 11
17531616244372372156 11
63214525246176377453 11
47776327141224364313 11
76326345756577414376 11
76631742562417156776 11
12521615311733767547 -9
24311762665541431172 9
57267623615614534434 11
35534174657271432662 11
55271147516334776562 11
16652533744322514627 11
13726145115724143531 11
66546176342536163331 -1
55741723111513715263 -11
12544166761175565372 11
63325324116517247567 11
67521263421763233537 11
11533244151563475765 4
65352641714343716713 11
35764712726355521147 0
43566774513723614252 11
55413247113216653647 11
31372114737157656554 11
42145535521727163362 11
26553631775774732141 -10
44767224115224315366 -11
12137563473467235664 11
14514216271123475126 11
51462322356717357774 8
14671267525346462171 11
54217465176751322476 11
22356451151621652747 0
12615766344526731547 -1
53147325176645661477 11
76535171764632551122 11
72545167745725667432 11
77676456651165342523 -11
11236166247231736477 -11
71674362316543124613 11
37444513727254775676 11
46246663374573135417 -2
42642426757234371525 -11
67626674345365242725 11
14637756424763761364 1
17125362554527713366 11
16446653123632772347 11
71437645162143635527 11
57674423467241562633 11
14225765733532344766 11
72741536662343467243 11
33736567542671642473 -11
73147166344565451767 -11
73451724621624475731 11
75566511457664476221 2
64712275153627243543 11
32324436657361155767 11
76645154252235763212 -10
11574147242752466172 11
54217342522441557672 11
65312414557677631413 11
11233774566161536435 11
71566447631745142372 10
21512545567665717366 11
63745147432756162443 11
54421762756744255353 10
71513527117326626356 11
47175371342235213262 11
63475164672617655122 1
33675367637152371552 11
33547635456213674772 9
14377233567663214735 0
54236265743721645315 11
56246115675527122245 10
12541451757725667123 -2
23316451733513646214 11
22434167546726576173 10
12245326777416552115 11
72166331672314551445 1
65213377625331611152 11
41435415733216677224 11
17154761337343751662 -2
74372144162315561535 11
46311622654126752334 9
64263173353777736162 7
25721326515371114665 -1
55544411773766126123 11
14523137643342575631 11
47317242146726611315 8
37461161425135324656 11
71261666374713466231 11
47257673152756216437 11
15167771341253346232 0
25341261137613325722 10
66443521564447524273 -11
35441472355115767776 -3
13272152462412737145 0
36561142563337245411 11
37451254311461376776 11
27544315574237712371 11
75146267263234117272 -11
76317452134622375515 11
71744373232254165752 11
34136551162734241717 11
27566612352531161366 11
45732522725621316641 2
22527423177231654314 -11
27637357255412564745 7
77561351474315264765 11
36365132715515437176 11
67741561243772547167 11
71226763213563731512 11
45676364567152411737 11
25567571534337524673 11
44417235636725331774 10
17565456213447137723 11
74655554235513624237 11
24723425361433214676 -11
17325154262643137746 8
16567311622577241737 11
77626544247337261353 -11
25147131534417356367 0
25473361112715372355 11
77321542334376541423 11
25754173433177627516 0
45211543376212167324 11
44277346175252373621 10
13445561323722677556 0
42677712334616751154 -11
54431624717116742615 11
67767653453135514243 11
55211463167212473647 11
14712545556424344377 -2
55552663417233124121 -11
54277537562376532531 11
27166363457747456231 11
36211551212537754444 11
35776412541652166437 11
11223732275254761336 7
41325222367144146117 11
12524617764766133627 11
63331555641325723211 11
56245733332677151122 -2
65453233417232756617 -11
71362117744135474672 11
73264244326264411517 11
61642535132474352777 11
77532276336212314745 -10
31253264457612127513 11
67422165172561475224 11
66653451737731125673 2
53441577165137621647 11
42356627567617523317 11
46567241325726455715 11
53156766277523466135 -11
45633114125766734475 11
12415454733375561743 -5
21713567657126446547 -11
73152717521742252465 11
77463552137461463547 11
71734323562144673412 11
61255656364227457343 11
45356276152357674474 -3
52137277732535421751 11
74424471166251367526 11
72627147643761323725 11
67417577155365337373 -2
24546333123342751755 -2
63131275162773426257 11
71662464451114533477 10
42365734556323466171 -1
13524514266263572432 11
35471573666311667272 11
51626243374725167521 11
23421141512773144256 11
23236666741712575716 11
62236555476573121374 11
57511477241233661132 9
33126731352746645261 11
65731151462633145627 11
53417315374277132636 10
17645345747336635412 -2
17754561427645115221 11
52341213424663173727 11
56423366413773762146 11
74612542137546276134 10
52463534514623133425 -5
15524117234123216754 11
47267431333572124561 -11
64255175272664537243 -11
32171742322441457336 11
72547277574542163353 11
12167724537541433615 11
73277567436172221537 2
17347657213425512664 11
31713224715447466636 11
57227413317511443662 11
23224611462273471375 11
62132352121445756556 11
45642572511351753432 9
24743634137645451172 11
75642522274161441275 -3
44567316164352552372 -11
71674715667643353251 11
62141714775166537572 -11
35541376262121541437 11
44311443631162755664 11
66172426577447225573 -11
34625154112767353312 -2
14157145723624764266 11
52413174711644153766 2
25755435163713414214 -4
61623112767754231357 11
26335236775264424557 1
71712656421325272241 4
46673113427671451415 3
14523446326314117537 0
61621733755455365763 11
16264747127254532127 2
14466455423511746371 -2
64212617532137145753 11
15316762643734547125 11
67166521741335354232 11
75621417322765542672 8
46245317522132566335 9
36232257515264113627 11
51521356676131736736 11
24721157655764157234 11
45614462661572213417 11
17616517745643534676 -11
13671175754352623146 10
73526214364271551567 -8
73232135655672766444 11
27115432327641167352 -11
74432146771353362536 -11
62266376455145136761 -1
12231246214346743175 11
35655447132416777637 11
37464352732611236777 11
35613561272236654154 11
14437724712764535256 11
65736613114437545677 11
32236242414433162375 3
33623446663754123515 11
63234746547132473561 5
52264452521334217176 11
24264625714633527553 0
63376371252357413441 6
13174742735723441126 2
65711455237772114627 9
33246235462126651134 11
47614145732437352172 -2
55415374761225365462 -4
53763562417747433121 11
12562446737562347161 11
55573666533411737443 7
41572665267223673743 11
67253444761717653512 11
33772271641324252611 11
21544565377362211546 11
54322165143755616721 11
73231277652642456735 1
43567617246621335174 11
11646276564523737243 11
72265437554172616416 11
35524544762415775256 11
55116562747171334345 11
57117237366335625214 3
76427241143121352215 11
72776663562257166111 11
45333571451162634766 11
17433745451714425535 11
24247667755114311572 -4
67751523316676732147 10
43674653641711163173 -2
26113475142326447376 11
16546142253217476731 9
54166611277275464354 8
21136477545361557327 10
67114366577131242332 -11
53263761174123646377 11
61374226316371454332 11
45417167273522215652 4
52743171773443436646 11
31522766143475671257 10
67132427473176544311 11
45311134754251755342 9
17454555233366722265 0
72633615456124145372 -1
24753243317354611617 -1
26734555344566326343 2
33342376673245661455 1
31463776336215347124 2
24557346433145117776 11
22624553172716114657 0
23563635111262132764 11
46715436624133633523 1
52325436375627177744 11
12522471561635127213 11
51173715342374256421 11
66644236615431475755 11
15421422361135273412 11
67755355247613641453 -11
15125356754457437174 2
51461372742516462733 11
61745326525543772651 10
45616611733743732375 11
51275475672624336436 11
72517255164667341632 11
26527456114551211226 -5
34547561275323612673 11
21267153721137477533 3
57326715773327371136 11
33411771356723671125 3
71246752127725435246 11
73421215451551237747 11
73444357314656663411 11
37275465212146715337 11
57612226515475232663 11
35114635737741722643 11
32517623733541446714 -10
61755133461461552774 11
24453423675215676137 11
77243457311551277534 11
74275352724647127765 11
31722256253614547513 -2
16535261632762773611 10
21337765247317545256 11
67231515323742664731 11
52422717535631724666 11
46661575714772523434 11
43425666731743321637 11
16774361456273752137 10
46314364713572363275 11
76324273631511754746 11
71343515127113233124 1
12573121457625677363 0
55164245524321637564 10
72444563712347514271 11
14531167555463726531 11
67327125535613557342 -5
67527315363546241741 11
23145461417775357761 11
11556363441623172754 -2
67245173535542253173 11
43154161773126121276 8
61313225151321377767 11
77466154177271266424 -3
37567146626311342272 9
21157462543577136136 -11
23623345617713756542 11
74133666741637217144 -9
25265345471573777117 11
23224772554163164577 11
43727447663715536352 -2
45325745133137346213 -9
24224647516724655125 11
45733153561124153646 -1
52156346522437764171 11
16342564665254322546 11
72771412326354646657 -11
32714415312531766653 10
33437471435142311776 -2
54573616633774641753 11
53761653643321567276 11
17346152351242762412 11
33773444516215161722 11
47535762743427237166 -2
55237663714446731647 11
32153644136331217715 -2
24132443643715632456 11
21266422436471623317 11
13135434636166711442 11
54351175114472756632 11
75124547232716535231 11
23462634727137174146 4
61341367324355317752 10
67544631427634352126 11
71535246625667271476 11
25213151157424134742 2
53734214166157324217 8
71662774434371574361 11
32772221454645146361 10
22457613776222513444 9
41111355564262546464 11
67463673774441312116 11
71565243131235174457 11
17166156427567457344 7
17115273522615626431 11
17732274566437645246 1
32542435575765413763 11
47233675746255761247 11
27436656721454513763 11
54413736412675631746 11
75711215343666623174 11
73646135154727414764 11
32151445145723675676 11
14164346225371456521 11
56464236771235356172 11
64126224513171644645 11
77265334221315657724 -11
23332217167166545155 11
42276463514556746413 -2
47674524543662411453 11
37247173356165452613 -11
71773445571263127321 11
52632433651653152774 -4
47315245757153266561 8
45532622576426763337 10
31713615567244562344 -1
56635323252474616674 11
54421264561125245254 -11
12134546667236251767 11
35432153133614421544 11
32543654614526723212 11
43763162526113556321 11
22717614155436772563 0
24426371767535314762 11
51144524446351161727 11
47122764625156477213 4
64311122633421673357 11
35474216657335217234 11
65417427223157215665 11
23472417756162465563 10
42166365715164374243 11
41427145245323556662 11
37124552215335313626 11
17112714365627623235 11
73352374236745156127 11
32231641571636427554 11
46776331753443157314 4
65767425314774746432 -11
24164736136226227654 11
16473556125337126742 11
11316755623464754313 11
77572174312764655625 11
77324446575133211426 11
55131631113142227275 11
46521724633765453562 11
75674756465477342245 11
76363524112631452743 11
63457435624454171721 10
23436135423542617275 11
45277161241245363544 11
51762432474162656733 11
24564421336765554627 11
27321525646251764721 11
24135376743432672326 -11
44531542626522376172 11
42631257121121745755 3
75521427711725616436 2
31275675244623441711 11
14672713563246755414 11
75334631625415626137 11
43167141121663255634 11
31772764126523252344 11
35537124354172225673 11
33246141117562462554 11
53724572125436376336 -11
23414313173436552167 9
61747123322441726663 11
55647366532424522171 11
16275573651247773326 -1
17321645211474122337 11
25612475355117277564 11
76454124326544772717 11
62563456476175611154 -11
77125625734133476231 2
53217667613721124743 11
51172371564324224511 -7
52554215311437757737 11
74514523143366674713 11
47635571322724573414 -2
42251632623455166617 11
61476761567473143532 2
41632344461512765722 0
35233141525243157632 -10
77424527452316231441 11
25744217471262643755 11
75437152417245662163 11
13543523546672616274 -11
52174461176156442316 -4
26614532531377732424 -11
65157717165343326252 11
77734515571667332424 11
24373474155562471235 11
13764472241215513477 -10
35372666264451451231 11
24114761353137566573 11
27545151636665317352 11
62777531326514132747 9
35477755266623556234 11
64574717163641532456 11
34437615231673426554 11
24524323554237173577 11
37636656513711577232 11
75111716765576643433 -4
34746473412663642367 11
72351437455264442772 11
34264346273114325572 10
31741671722457334644 2
14445625667622335251 11
42453416656717747475 11
16457467511271766563 1
61575734551631723162 11
56315477225125331636 -9
74472671566537421164 11
16756365452367477252 11
63351674615745162477 11
34252557511766274412 11
67671235215517445355 6
45164637313515435212 11
13473316251232477156 9
11153652355341217477 -2
64265312772136477446 -7
77525546127246641653 11
41534555174271776136 11
74156323272133461776 11
36666526127275273154 11
35472123574161677434 11
55724271442665416731 8
64417627761141255637 11
42322447147525177172 9
65536721135577112747 11
17524325711673227636 11
25622613216476742745 11
13613252175341372627 2
76442321347671577621 11
61356376675441366222 11
17555521224316613154 2
14334346525465675772 -8
74175244511632234732 -2
46431263762453577756 11
33236415376541671523 11
13277264365522274453 0
23174112523567416145 11
37351174247467463565 11
35124776671553143321 10
43211342244575171651 11
24757751121735324215 11
37265473136336255711 -8
72456734413141525724 11
47637364152573542516 -10
27133357455372661761 -1
34326242277614516147 11
44647576541255126316 11
54241237774512265134 11
74217453614517542763 10
46527375371412743615 11
16466257416256721341 11
46623766711525531643 10
61651471763726356542 -11
65722231343547611274 11
35621623254651355271 -11
76342343473625653552 10
73725336434577655211 9
12462372134635512554 11
34734622516257561314 11
62516271545565745744 11
77256442716633625521 -2
66177374365634412421 -10
63275424675415717356 -11
21741466457326675563 9
43235663354125737766 8
64534613761527225775 -3
62651643437755477255 11
64744675112235257651 11
43723564254225137427 -3
62143743561772772556 11
37722451713163674772 11
42137615125422654735 11
61641533224133156757 11
77361557721463124333 11
73236522566324177254 11
75761146132162153722 0
11677216663677625375 11
36316442722117646355 11
17646237262116531526 11
67556417411572557732 7
75147166671452524136 10
75236232276723356141 11
31366716423246271352 11
67561355423257354124 11
24655633776143367157 11
45737236251112732444 11
12435162251757226442 10
24242317765571134711 11
23632235545517621652 -4
36155577515633437647 11
44732657525611456266 11
76445152443317213631 10
72352471626471461657 0
61343331241757526511 11
24677712212156342532 9
76231615733353626626 4
66671645314274672215 2
41616724736657452461 -11
36175436337512711356 -11
66224756536656273437 11
73346431271514232652 -2
52165431133344651472 11
31777467243112244556 1
77352354156176441453 -10
53662242314136346753 11
63236424177545276137 11
62561454477747132645 11
51237763625762351427 11
12541366232651414164 -2
65617631322734437467 11
41372542647624116527 7
35274523643161667562 0
23536167351643322767 -11
13221253656136421715 -11
43121436243652675255 11
42661634221444277541 -9
27733633264165141266 4
14133371163173474743 11
14375112366375761452 -1
74772722266651517354 11
33117761244572325236 11
43431725114366225266 11
52376224133621723613 11
22157464636352177114 11
64752365513131462324 11
35643114322571742666 11
21425671752337624415 11
32653554774147246526 11
61677433534417257766 -3
54163727175236562124 11
47155314267252274455 11
34357613366162122175 9
17666342441423553774 -11
41545672347233721722 -11
32147331477435335621 11
43711225645366213673 10
54237613517636623265 5
72121274511463664555 11
53431176241765112255 9
45553454621766341566 -11
36635327147111251367 -11
61713375162141466525 -10
47443612752152161756 11
45141632474525472722 11
46314671737612134215 11
54341536725267425123 11
62151275347137456473 -11
23314636317546571213 11
67221365562535123216 11
35265551113674657327 11
72214573425163723512 11
63231761772346541422 -7
26346227371163575423 -2
33752512626253217367 11
27461711745262764515 11
55436666621712337144 0
56673376236237736212 11
54146614476325143274 11
71255633367117345754 11
73164736754173372262 11
63215652452357423174 -1
42643461457535236357 11
17317272443576146652 11
27614163253654264713 11
75554421733447161235 10
15515567772734433244 11
34554313546551216265 11
53444741276531717275 11
66553426256115177173 -11
71651446311546643371 11
44133254737735554226 11
11322645547732161377 -1
75542556331265717762 11
25277341615115642743 11
36125732154455214674 11
12767152671313535641 11
37434126352715773654 5
52641635677162164143 11
76571446117431463272 -10
25341166172457316457 -11
76423322331611317545 -1
57766656311357164332 11
22671723335571446726 -1
76517261223551371145 8
34632347212254716136 11
37642613314172265143 11
32152766437626671142 3
77545144232467721513 -11
16315426453747265121 11
61452547736574211736 -11
75715432226357451735 11
63214561535731226522 11
15576725644175376342 11
61745724133764172226 -11
35427767733122445623 11
44555141742552271376 -11
57715422261654373446 11
54377325436631721621 -2
17612125641377642236 3
75543456342133263622 -11
23767141235517146246 3
23144224546213755733 -11
76326731214251436611 11
65127631257752527443 9
46356132151162653352 11
71762371365214145642 11
64366136545372564741 11
17311632441376473572 11
73362717436245323665 4
21117646147725676223 3
27677564756333734211 11
25363146124772141325 11
56272427163312327655 -2
22621627341256545775 -9
14361172517371644645 11
72251515234614227131 8
25733361175547523762 11
45136256366571426525 -10
24671125411375331425 11
42722117436315551356 11
75542224726551426237 11
51617112745137344624 9
54413377631772322521 -3
62232557432161647415 11
47426661557156744142 11
32176436145712517725 10
76426476623333255515 -11
32342457453665427451 11
16523233644554422564 11
77524134413341163457 10
71326617764335454773 11
12763222526354374416 -2
64773126175662132417 11
54711616466523725733 9
52357246547214763123 11
34113752157321636362 11
55744273341124566462 -10
67466551243364524637 -11
53436264315772126726 11
41162223741144557476 11
26543673513376542164 11
26522167432432727577 7
71423545752643323661 11
34116162215564135327 11
34316746657643723547 11
72372631551364752215 11
15672624572417531653 11
11311554126352712773 -8
41467563277721347342 11
12466217556175432534 11
17647421611524652317 11
51474362672446222557 -10
17777673453461621126 11
51322452516433153667 11
27365312152161547373 -11
72464437146512632225 10
11724332465525673747 11
56141752376554127425 11
67535241746632225436 11
13411735653624717246 11
73674536415743175514 11
26714632453714643566 11
57556243247516126411 -11
33461577667534526173 -11
73774432257351631136 11
63454743211215276367 11
35671647424162615164 11
67653534225221216543 11
75377621125176133462 3
